{"tag": "the_mission", "features": {}, "settings": {"tag": "settings", "verbose_process": false}, "state": {"tag": "state", "unknowns": {"tag": "unknowns"}, "conditions": {}, "residuals": {"tag": "residuals"}, "numerics": {"tag": "numerics", "number_control_points": 16, "discretization_method": null, "solver_jacobian": "none", "tolerance_solution": 1e-08, "tolerance_boundary_conditions": 1e-08, "converged": null, "dimensionless": {"control_points": [], "differentiate": [], "integrate": []}, "time": {"control_points": [], "differentiate": [], "integrate": []}}, "initials": {}, "segments": {}}, "analyses": {}, "process": {"initialize": null, "converge": null, "finalize": {"post_process": {}, "sub_segments": null}}, "conditions": {}, "segments": {"climb": {"tag": "climb", "features": {}, "settings": {"tag": "settings", "verbose_process": false}, "state": {"tag": "state", "unknowns": {"tag": "unknowns", "throttle": [[0.6255681953155635], [0.6266345174073055], [0.6298138049200945], [0.6350446509202681], [0.6422170256642642], [0.6511615847265854], [0.6616365971164174], [0.6733149526031841], [0.6857749427984307], [0.6984992730088673], [0.7108872146294], [0.7222832587262671], [0.7320231206402456], [0.7394929506733651], [0.7441935522090932], [0.7457983153285347]], "body_angle": [[0.10173788352792686], [0.10202769384617955], [0.10289332679786188], [0.10432252520201644], [0.10629204795698186], [0.10876370482843727], [0.1116794007970639], [0.11495596170981398], [0.11848089921034334], [0.12211062483861199], [0.12567276604096875], [0.12897395627733635], [0.13181360702690395], [0.13400274765132922], [0.13538535458102988], [0.13585825964316486]]}, "conditions": {"tag": "aerodynamic_conditions", "frames": {"inertial": {"position_vector": [[0.0, 0.0, -0.0], [653.5557642469552, 0.0, -44.95912625026818], [2585.6595339816577, 0.0, -177.87157544611298], [5711.869103204256, 0.0, -392.9284357729831], [9895.55411252177, 0.0, -680.7306904772851], [14953.867451479113, 0.0, -1028.6999999999998], [20665.73655468337, 0.0, -1421.6284357729833], [26781.525333735633, 0.0, -1842.34313967313], [33033.944472180774, 0.0, -2272.45686032687], [39149.73325123304, 0.0, -2693.171564227017], [44861.602354437266, 0.0, -3086.0999999999995], [49919.915693394585, 0.0, -3434.0693095227143], [54103.60070271203, 0.0, -3721.871564227017], [57229.81027193452, 0.0, -3936.9284245538875], [59161.91404166926, 0.0, -4069.840873749732], [59815.46980591621, 0.0, -4114.8]], "velocity_vector": [[51.323150018656605, 0.0, -3.5306], [51.323150018656605, 0.0, -3.5306], [51.323150018656605, 0.0, -3.5306], [51.323150018656605, 0.0, -3.5306], [51.323150018656605, 0.0, -3.5306], [51.323150018656605, 0.0, -3.5306], [51.323150018656605, 0.0, -3.5306], [51.323150018656605, 0.0, -3.5306], [51.323150018656605, 0.0, -3.5306], [51.323150018656605, 0.0, -3.5306], [51.323150018656605, 0.0, -3.5306], [51.323150018656605, 0.0, -3.5306], [51.323150018656605, 0.0, -3.5306], [51.323150018656605, 0.0, -3.5306], [51.323150018656605, 0.0, -3.5306], [51.323150018656605, 0.0, -3.5306]], "acceleration_vector": [[5.400340573814152e-16, 0.0, -4.2707108434386155e-17], [-3.253857215297728e-17, 0.0, 7.200160288592344e-18], [-9.939087210473756e-17, 0.0, 7.983086739710793e-18], [-4.0065215057572846e-17, 0.0, -4.247876018883441e-18], [8.086222491581252e-17, 0.0, -4.7335843841912485e-18], [3.45779630490989e-17, 0.0, -1.2740857480267743e-18], [-1.6503581973576095e-17, 0.0, 2.0723444510191884e-18], [-7.402638948423447e-18, 0.0, 1.719022723465757e-18], [-1.1902947927645283e-17, 0.0, 9.549607037900834e-19], [1.3334546859636743e-17, 0.0, -3.3115610616240663e-18], [1.0574059504004012e-16, 0.0, 4.745559226789098e-20], [2.0493964866728128e-17, 0.0, -4.1306643109380374e-19], [-4.751323906789373e-17, 0.0, -3.4389702578808412e-18], [8.59595061705809e-17, 0.0, -6.2572649402204665e-18], [-3.9921741789099997e-16, 0.0, 2.918972431104144e-17], [-1.2936283809925976e-15, 0.0, 9.155872968799037e-17]], "gravity_force_vector": [[0.0, 0.0, 11342.965118914275], [0.0, 0.0, 11342.168227298047], [0.0, 0.0, 11339.82435073812], [0.0, 0.0, 11336.069530526362], [0.0, 0.0, 11331.116679003244], [0.0, 0.0, 11325.23709733569], [0.0, 0.0, 11318.738578720826], [0.0, 0.0, 11311.943010178127], [0.0, 0.0, 11305.166047033154], [0.0, 0.0, 11298.700697015138], [0.0, 0.0, 11292.80573281031], [0.0, 0.0, 11287.698970028532], [0.0, 0.0, 11283.554746114778], [0.0, 0.0, 11280.50448357089], [0.0, 0.0, 11278.639018443853], [0.0, 0.0, 11278.011392791655]], "total_force_vector": [[-3.878058578266064e-06, 0.0, -6.38836354482919e-07], [-2.393149770796299e-06, 0.0, -3.998193278675899e-07], [1.122955382015789e-06, 0.0, 1.9113758753519505e-07], [4.251608515914995e-06, 0.0, 7.752769306534901e-07], [4.446691946213832e-06, 0.0, 8.853821782395244e-07], [1.3594158190244343e-06, 0.0, 3.170316631440073e-07], [-2.4487981136189774e-06, 0.0, -5.717938620364293e-07], [-3.96170480598812e-06, 0.0, -1.093656464945525e-06], [-2.3442958081432153e-06, 0.0, -7.719281711615622e-07], [4.6473041948047467e-07, 0.0, 1.6319972928613424e-07], [1.985665221582167e-06, 0.0, 9.349914762424305e-07], [1.6027461242629215e-06, 0.0, 9.774430509423837e-07], [4.84002612211043e-07, 0.0, 4.3738327804021537e-07], [-2.110782588715665e-07, 0.0, -1.4287979865912348e-07], [-3.312866283522453e-07, 0.0, -4.462890501599759e-07], [-2.9352759156608954e-07, 0.0, -5.19061359227635e-07]], "time": [[0.0], [12.734131946487318], [50.37998511474332], [111.29225507646935], [192.8087833448378], [291.36690647481976], [402.6591615512892], [521.8215429879136], [643.6460829113656], [762.8084643479901], [874.1007194244593], [972.6588425544412], [1054.17537082281], [1115.087640784536], [1152.7334939527918], [1165.4676258992793]]}, "body": {"inertial_rotations": [[0.0, 0.10173788352792686, 0.0], [0.0, 0.10202769384617955, 0.0], [0.0, 0.10289332679786188, 0.0], [0.0, 0.10432252520201644, 0.0], [0.0, 0.10629204795698186, 0.0], [0.0, 0.10876370482843727, 0.0], [0.0, 0.1116794007970639, 0.0], [0.0, 0.11495596170981398, 0.0], [0.0, 0.11848089921034334, 0.0], [0.0, 0.12211062483861199, 0.0], [0.0, 0.12567276604096875, 0.0], [0.0, 0.12897395627733635, 0.0], [0.0, 0.13181360702690395, 0.0], [0.0, 0.13400274765132922, 0.0], [0.0, 0.13538535458102988, 0.0], [0.0, 0.13585825964316486, 0.0]], "transform_to_inertial": [[[0.9948291639401409, 0.0, 0.10156246636509086], [0.0, 1.0, 0.0], [-0.10156246636509086, 0.0, 0.9948291639401409]], [[0.9947996883119925, 0.0, 0.10185077385254675], [0.0, 1.0, 0.0], [-0.10185077385254675, 0.0, 0.9947996883119925]], [[0.9947111502251716, 0.0, 0.10271186697609976], [0.0, 1.0, 0.0], [-0.10271186697609976, 0.0, 0.9947111502251716]], [[0.9945633387364333, 0.0, 0.10413340118059419], [0.0, 1.0, 0.0], [-0.10413340118059419, 0.0, 0.9945633387364333]], [[0.9943563168009905, 0.0, 0.10609201307340824], [0.0, 1.0, 0.0], [-0.10609201307340824, 0.0, 0.9943563168009905]], [[0.9940910567114405, 0.0, 0.10854939413157279], [0.0, 1.0, 0.0], [-0.10854939413157279, 0.0, 0.9940910567114405]], [[0.9937703346073148, 0.0, 0.1114473959070625], [0.0, 1.0, 0.0], [-0.1114473959070625, 0.0, 0.9937703346073148]], [[0.9933998365988951, 0.0, 0.11470294087462884], [0.0, 1.0, 0.0], [-0.11470294087462884, 0.0, 0.9933998365988951]], [[0.9929893451568003, 0.0, 0.11820389335833618], [0.0, 1.0, 0.0], [-0.11820389335833618, 0.0, 0.9929893451568003]], [[0.9925537571333067, 0.0, 0.12180738565685094], [0.0, 1.0, 0.0], [-0.12180738565685094, 0.0, 0.9925537571333067]], [[0.9921135657675266, 0.0, 0.12534222201654047], [0.0, 1.0, 0.0], [-0.12534222201654047, 0.0, 0.9921135657675266]], [[0.9916943820485876, 0.0, 0.12861668870434298], [0.0, 1.0, 0.0], [-0.12861668870434298, 0.0, 0.9916943820485876]], [[0.9913251577440978, 0.0, 0.1314322320575881], [0.0, 1.0, 0.0], [-0.1314322320575881, 0.0, 0.9913251577440978]], [[0.9910350589543472, 0.0, 0.13360206556544543], [0.0, 1.0, 0.0], [-0.13360206556544543, 0.0, 0.9910350589543472]], [[0.9908493926394147, 0.0, 0.13497214937201976], [0.0, 1.0, 0.0], [-0.13497214937201976, 0.0, 0.9908493926394147]], [[0.990785452832729, 0.0, 0.1354407119556156], [0.0, 1.0, 0.0], [-0.1354407119556156, 0.0, 0.990785452832729]]], "thrust_force_vector": [[2370.3777603745307, 0.0, -0.0], [2367.5834205447195, 0.0, -0.0], [2359.4293963280575, 0.0, -0.0], [2346.5761578159572, 0.0, -0.0], [2330.039631618212, 0.0, -0.0], [2311.0757395165183, 0.0, -0.0], [2291.0406462890783, 0.0, -0.0], [2271.2449811941324, 0.0, -0.0], [2252.8212622739547, 0.0, -0.0], [2236.6225926631064, 0.0, -0.0], [2223.167372265482, 0.0, -0.0], [2212.639026680089, 0.0, -0.0], [2204.9413950411044, 0.0, -0.0], [2199.799912500887, 0.0, -0.0], [2196.887892823597, 0.0, -0.0], [2195.949291810118, 0.0, -0.0]]}, "wind": {"body_rotations": [[0.0, 0.03305452141649229, 0.0], [0.0, 0.03334433173474499, 0.0], [0.0, 0.034209964686427306, 0.0], [0.0, 0.03563916309058189, 0.0], [0.0, 0.03760868584554729, 0.0], [0.0, 0.04008034271700269, 0.0], [0.0, 0.04299603868562934, 0.0], [0.0, 0.046272599598379406, 0.0], [0.0, 0.04979753709890879, 0.0], [0.0, 0.05342726272717742, 0.0], [0.0, 0.05698940392953416, 0.0], [0.0, 0.06029059416590178, 0.0], [0.0, 0.06313024491546937, 0.0], [0.0, 0.06531938553989465, 0.0], [0.0, 0.06670199246959532, 0.0], [0.0, 0.0671748975317303, 0.0]], "velocity_vector": [[0.0, 0.0, 0.0], [0.0, 0.0, 0.0], [0.0, 0.0, 0.0], [0.0, 0.0, 0.0], [0.0, 0.0, 0.0], [0.0, 0.0, 0.0], [0.0, 0.0, 0.0], [0.0, 0.0, 0.0], [0.0, 0.0, 0.0], [0.0, 0.0, 0.0], [0.0, 0.0, 0.0], [0.0, 0.0, 0.0], [0.0, 0.0, 0.0], [0.0, 0.0, 0.0], [0.0, 0.0, 0.0], [0.0, 0.0, 0.0]], "lift_force_vector": [[0.0, 0.0, -11237.883524698998], [0.0, 0.0, -11236.495088381482], [0.0, 0.0, -11232.387342635182], [0.0, 0.0, -11225.72932020855], [0.0, 0.0, -11216.791381480878], [0.0, 0.0, -11205.930826494396], [0.0, 0.0, -11193.57621594197], [0.0, 0.0, -11180.213085907875], [0.0, 0.0, -11166.37241972153], [0.0, 0.0, -11152.621121587157], [0.0, 0.0, -11139.55142292622], [0.0, 0.0, -11127.764596034433], [0.0, 0.0, -11117.844614387306], [0.0, 0.0, -11110.320169894818], [0.0, 0.0, -11105.618362615858], [0.0, 0.0, -11104.018627159627]], "drag_force_vector": [[-1590.622351640295, 0.0, 0.0], [-1587.8614513232526, 0.0, 0.0], [-1579.8038416801671, 0.0, 0.0], [-1567.0987080339107, 0.0, 0.0], [-1550.7445615569416, 0.0, 0.0], [-1531.9757630662111, 0.0, 0.0], [-1512.1253588968411, 0.0, 0.0], [-1492.482313304526, 0.0, 0.0], [-1474.1621098067224, 0.0, 0.0], [-1458.0084108439878, 0.0, 0.0], [-1444.5399703628127, 0.0, 0.0], [-1433.9511104069634, 0.0, 0.0], [-1426.1657414999904, 0.0, 0.0], [-1420.9347663626413, 0.0, 0.0], [-1417.9566251124577, 0.0, 0.0], [-1416.9937227926875, 0.0, 0.0]], "transform_to_inertial": [[[0.9976422249846855, 0.0, 0.06862937365010799], [0.0, 1.0, 0.0], [-0.06862937365010799, 0.0, 0.9976422249846855]], [[0.9976422249846856, 0.0, 0.06862937365010799], [0.0, 1.0, 0.0], [-0.06862937365010799, 0.0, 0.9976422249846856]], [[0.9976422249846855, 0.0, 0.06862937365010799], [0.0, 1.0, 0.0], [-0.06862937365010799, 0.0, 0.9976422249846855]], [[0.9976422249846856, 0.0, 0.06862937365010797], [0.0, 1.0, 0.0], [-0.06862937365010797, 0.0, 0.9976422249846856]], [[0.9976422249846856, 0.0, 0.06862937365010799], [0.0, 1.0, 0.0], [-0.06862937365010799, 0.0, 0.9976422249846856]], [[0.9976422249846855, 0.0, 0.06862937365010799], [0.0, 1.0, 0.0], [-0.06862937365010799, 0.0, 0.9976422249846855]], [[0.9976422249846855, 0.0, 0.06862937365010799], [0.0, 1.0, 0.0], [-0.06862937365010799, 0.0, 0.9976422249846855]], [[0.9976422249846855, 0.0, 0.06862937365010799], [0.0, 1.0, 0.0], [-0.06862937365010799, 0.0, 0.9976422249846855]], [[0.9976422249846856, 0.0, 0.06862937365010799], [0.0, 1.0, 0.0], [-0.06862937365010799, 0.0, 0.9976422249846856]], [[0.9976422249846856, 0.0, 0.06862937365010799], [0.0, 1.0, 0.0], [-0.06862937365010799, 0.0, 0.9976422249846856]], [[0.9976422249846856, 0.0, 0.06862937365010799], [0.0, 1.0, 0.0], [-0.06862937365010799, 0.0, 0.9976422249846856]], [[0.9976422249846855, 0.0, 0.06862937365010796], [0.0, 1.0, 0.0], [-0.06862937365010796, 0.0, 0.9976422249846855]], [[0.9976422249846856, 0.0, 0.06862937365010799], [0.0, 1.0, 0.0], [-0.06862937365010799, 0.0, 0.9976422249846856]], [[0.9976422249846855, 0.0, 0.06862937365010797], [0.0, 1.0, 0.0], [-0.06862937365010797, 0.0, 0.9976422249846855]], [[0.9976422249846855, 0.0, 0.06862937365010796], [0.0, 1.0, 0.0], [-0.06862937365010796, 0.0, 0.9976422249846855]], [[0.9976422249846854, 0.0, 0.06862937365010796], [0.0, 1.0, 0.0], [-0.06862937365010796, 0.0, 0.9976422249846854]]]}, "planet": {"start_time": null, "latitude": [[0.0], [0.0058775474561691896], [0.02325307024555261], [0.05136648896114095], [0.08898810212903295], [0.13447250483379666], [0.18583070144715236], [0.24081722606396957], [0.2970284298914612], [0.3520076140792683], [0.4033523990612977], [0.4488196379250931], [0.486423302826274], [0.5145210922678245], [0.531886007219508], [0.5377598024660347]], "longitude": [[0.0], [0.0], [0.0], [0.0], [0.0], [0.0], [0.0], [0.0], [0.0], [0.0], [0.0], [0.0], [0.0], [0.0], [0.0], [0.0]]}}, "weights": {"total_mass": [[1156.6605435000001], [1156.5956068168837], [1156.4048427709208], [1156.0999798284731], [1155.6992683620886], [1155.2257574677058], [1154.7052746222437], [1154.164393659287], [1153.6286408717715], [1153.1211136487516], [1152.6615927769456], [1152.2661402687368], [1151.9471038803192], [1151.7134043455314], [1151.5709618789672], [1151.52312176132]], "weight_breakdown": {}, "vehicle_mass_rate": [[0.005107553285576568], [0.005091292025756299], [0.0050434231957045125], [0.0049666106536501], [0.004865036780748808], [0.004744057670501523], [0.004609793494701381], [0.004468708527426928], [0.004327229496786996], [0.004191434561156076], [0.004066827624096633], [0.003958191952668885], [0.003869506746657931], [0.0038039017566133724], [0.0037636312403553254], [0.0037500560249088]]}, "energies": {"total_energy": [[0.0], [0.0], [0.0], [0.0], [0.0], [0.0], [0.0], [0.0], [0.0], [0.0], [0.0], [0.0], [0.0], [0.0], [0.0], [0.0]], "total_efficiency": [[0.0], [0.0], [0.0], [0.0], [0.0], [0.0], [0.0], [0.0], [0.0], [0.0], [0.0], [0.0], [0.0], [0.0], [0.0], [0.0]], "gravity_energy": [[0.0], [0.0], [0.0], [0.0], [0.0], [0.0], [0.0], [0.0], [0.0], [0.0], [0.0], [0.0], [0.0], [0.0], [0.0], [0.0]], "propulsion_power": [[0.0], [0.0], [0.0], [0.0], [0.0], [0.0], [0.0], [0.0], [0.0], [0.0], [0.0], [0.0], [0.0], [0.0], [0.0], [0.0]]}, "freestream": {"velocity": [[51.44444444444445], [51.44444444444445], [51.44444444444445], [51.44444444444445], [51.44444444444445], [51.44444444444445], [51.44444444444445], [51.44444444444445], [51.44444444444445], [51.44444444444445], [51.44444444444445], [51.44444444444445], [51.44444444444445], [51.44444444444445], [51.44444444444445], [51.44444444444445]], "mach_number": [[0.15117647057622124], [0.15125318803801413], [0.15148066598315427], [0.15185089653227118], [0.15235059616650826], [0.15296133936614925], [0.15365982044877802], [0.15441830879055662], [0.15520536556539996], [0.15598687896104965], [0.15672744602680108], [0.15739208202334012], [0.15794817630534785], [0.15836754744474993], [0.15862839507762058], [0.15871691941117957]], "pressure": [[101325.0], [100786.06754578232], [99206.4262903908], [96693.15164081415], [93410.90122360959], [89563.93636526674], [85375.67427357752], [81069.04575297811], [76850.32942098763], [72898.07119237627], [69357.50716926539], [66339.88486090662], [63925.40359729376], [62168.21482418997], [61101.972459633034], [60744.684504886834]], "temperature": [[288.15], [287.85776774160945], [286.99386703760865], [285.59612267666125], [283.7257232384672], [281.4645294763032], [278.91147665664363], [276.1782315455828], [273.38429715135925], [270.6517817409908], [268.10006215087054], [265.8405746196377], [263.9719593909644], [262.5757687120829], [261.7129225169104], [261.42106325991176]], "density": [[1.2250000002007604], [1.219721410577921], [1.2042184852164626], [1.1794553622300088], [1.1469301005036336], [1.1085303824740456], [1.0663649499142744], [1.022595122589008], [0.9792876286811064], [0.9383033077005741], [0.9012279685014709], [0.8693437710386771], [0.8436334338745296], [0.8248060756287025], [0.813332568465655], [0.8094794060371492]], "speed_of_sound": [[340.29399051558636], [340.1213892530651], [339.6106302448224], [338.78261913001967], [337.6714350905419], [336.3231824304308], [334.7943808224954], [333.1499020250279], [331.46047662100284], [329.7998189789429], [328.2414519512251], [326.85535246185765], [325.70458012121173], [324.84208585974346], [324.30791737678163], [324.12703469357314]], "dynamic_viscosity": [[1.789380278077583e-05], [1.7879698809656025e-05], [1.783796419112512e-05], [1.777031191778221e-05], [1.7679533888234906e-05], [1.7569405981315413e-05], [1.744455498000495e-05], [1.731028808058197e-05], [1.717238715459406e-05], [1.7036872098104958e-05], [1.690974041975851e-05], [1.6796693423948178e-05], [1.6702862487849817e-05], [1.6632551416125962e-05], [1.65890120481993e-05], [1.6574269665279755e-05]], "altitude": [[0.0], [44.95912625026818], [177.87157544611298], [392.9284357729831], [680.7306904772851], [1028.6999999999998], [1421.6284357729833], [1842.34313967313], [2272.45686032687], [2693.171564227017], [3086.0999999999995], [3434.0693095227143], [3721.871564227017], [3936.9284245538875], [4069.840873749732], [4114.8]], "gravity": [[9.80665], [9.806511593549377], [9.806102440358332], [9.805440470821786], [9.80455468753756], [9.803483885401755], [9.802274941909914], [9.800980754841627], [9.79965791980519], [9.79836425097043], [9.797156254338397], [9.796086663968069], [9.795202147829762], [9.794541281718528], [9.794132877439875], [9.793994735894922]], "reynolds_number": [[3521858.669554426], [3509448.957288249], [3472949.6201429404], [3414482.8823306556], [3337372.026322751], [3245854.1704148813], [3144737.8558092695], [3039050.403338027], [2933716.061446894], [2833295.4609907456], [2741802.7129014656], [2662601.870708588], [2598372.1863246397], [2551123.3528478206], [2522238.33533417], [2512522.0702807433]], "dynamic_pressure": [[1621.0001545866473], [1614.0151794085089], [1593.5006941812835], [1560.732509542499], [1517.6929550300217], [1466.879935559128], [1411.083876223291], [1353.164776754834], [1295.85746711568], [1241.6243319041014], [1192.5638171585917], [1150.3725608258655], [1116.350960408945], [1091.4373680645022], [1076.254872650704], [1071.1561160048004]], "delta_ISA": [[0.0], [0.0], [0.0], [0.0], [0.0], [0.0], [0.0], [0.0], [0.0], [0.0], [0.0], [0.0], [0.0], [0.0], [0.0], [0.0]]}, "aerodynamics": {"angle_of_attack": [[0.03305452141649229], [0.03334433173474499], [0.034209964686427306], [0.03563916309058189], [0.03760868584554729], [0.04008034271700269], [0.04299603868562934], [0.046272599598379406], [0.04979753709890879], [0.05342726272717742], [0.05698940392953416], [0.06029059416590178], [0.06313024491546937], [0.06531938553989465], [0.06670199246959532], [0.0671748975317303]], "side_slip_angle": [[0.0], [0.0], [0.0], [0.0], [0.0], [0.0], [0.0], [0.0], [0.0], [0.0], [0.0], [0.0], [0.0], [0.0], [0.0], [0.0]], "roll_angle": [[0.0], [0.0], [0.0], [0.0], [0.0], [0.0], [0.0], [0.0], [0.0], [0.0], [0.0], [0.0], [0.0], [0.0], [0.0], [0.0]], "lift_coefficient": [[0.428866670912625], [0.43066946202622847], [0.43605436760681304], [0.44494559933984423], [0.4571992936960863], [0.47257875676986555], [0.49072350165406514], [0.5111168785628164], [0.5330595140939887], [0.55565798555508], [0.577839066803862], [0.5983981496282542], [0.6160850580966455], [0.6297215878620942], [0.6383346815165838], [0.6412807983627089]], "drag_coefficient": [[0.06070225867067398], [0.06085914082948023], [0.061329826341711954], [0.06211388623237267], [0.06320874607844193], [0.06460678838028147], [0.06629118672555745], [0.06823062274617425], [0.07037344881686629], [0.07264247638824466], [0.0749322478746687], [0.07711105709683115], [0.07902965315511276], [0.08053712977119429], [0.08150207049635126], [0.08183441475907195]], "lift_breakdown": {"inviscid_wings_lift": {"total": [[0.3718751020965968], [0.3734338889566644], [0.3780898214260783], [0.3857769724780403], [0.39637033647402886], [0.40966450169578256], [0.42534699564992895], [0.4429704540823246], [0.4619298420417056], [0.48145284815518086], [0.500612341624621], [0.5183682724488171], [0.533641746154979], [0.5454163567374041], [0.5528529087816848], [0.5553964972962686]], "main_wing": [[0.3454891074784365], [0.3468165512976731], [0.35078148642616047], [0.35732777021445405], [0.3663489493901556], [0.3776700978470796], [0.3910251178327785], [0.4060330394216499], [0.4221786222514273], [0.4388041754057104], [0.4551201656396865], [0.4702408990966971], [0.483247602443323], [0.49327471676020973], [0.49960759349948636], [0.5017736823592674]], "horizontal_stabilizer": [[0.11398749675045255], [0.11498689868684227], [0.11797200719964443], [0.12290055377869244], [0.12969239220233236], [0.1382158246263966], [0.14827051217008957], [0.15956963133411442], [0.1717252694940022], [0.18424226627771212], [0.19652620025491688], [0.20791025288115852], [0.21770270083435309], [0.22525188470147928], [0.23001976201909716], [0.2316505605278448]], "vertical_stabilizer": [[0.0], [0.0], [0.0], [0.0], [0.0], [0.0], [0.0], [0.0], [0.0], [0.0], [0.0], [0.0], [0.0], [0.0], [0.0], [0.0]]}, "compressible_wings": [[0.3761988341338816], [0.37778022984756887], [0.3825038312340466], [0.39030315731565285], [0.40105201201411084], [0.41454276909637333], [0.4304592119772502], [0.44834813909018983], [0.46759606499472695], [0.48741928557463154], [0.5068763743893526], [0.5249106575686441], [0.540425489558461], [0.5523873577737669], [0.5599427030847227], [0.5625270161076394]]}, "drag_breakdown": {"parasite": {"main_wing": {"wetted_area": 32.967164001024, "reference_area": 16.16512896, "parasite_drag_coefficient": [[0.008957432531162475], [0.008962704861917617], [0.008978345834493341], [0.009003827106614222], [0.009038268075421017], [0.009080438967874523], [0.009128771230828184], [0.009181380687424821], [0.009236109420261953], [0.009290591751615826], [0.009342347656686166], [0.009388903297757824], [0.009427933333198583], [0.00945741401798536], [0.009475771193585914], [0.009482004637732442]], "skin_friction_coefficient": [[0.0033259954788486196], [0.0033279419629368267], [0.0033337163342503947], [0.003343123261355581], [0.003355837231967075], [0.0033714037675737813], [0.0033892433528415005], [0.0034086600868792304], [0.0034288572415277717], [0.0034489616907084414], [0.003468058423336455], [0.0034852350096131854], [0.0034996340418129955], [0.0035105095040835407], [0.0035172812258627627], [0.0035195806157453683]], "compressibility_factor": [[0.997376368711305], [0.9973737122045782], [0.9973658274530625], [0.9973529695974026], [0.9973355661258445], [0.9973142184271951], [0.9972897004047324], [0.9972629508768831], [0.9972350561080094], [0.9972072190415701], [0.99718071288385], [0.9971568187412019], [0.9971367499433583], [0.9971215690448297], [0.9971121064983233], [0.9971088916783459]], "reynolds_factor": [[0.9989119950091181], [0.9989110228783058], [0.9989081383844624], [0.9989034373771435], [0.9988970799385875], [0.9988892902640121], [0.9988803552953733], [0.998870621022009], [0.998860485254897], [0.9988503857852572], [0.9988407832253665], [0.9988321385355399], [0.9988248862239312], [0.9988194053131605], [0.998815991140313], [0.9988148315841251]], "form_factor": [[1.3205640681548705], [1.3205685091210904], [1.3205816914689632], [1.3206031919655692], [1.3206323008484218], [1.3206680183622512], [1.3207090559605132], [1.320753847768439], [1.3208005786005508], [1.3208472344918025], [1.3208916799198056], [1.3209317624188366], [1.320965440270619], [1.3209909231536734], [1.321006810400861], [1.321012208531015]]}, "horizontal_stabilizer": {"wetted_area": 7.631287963200002, "reference_area": 3.7419280000000006, "parasite_drag_coefficient": [[0.0021841845200225784], [0.002185496332335995], [0.0021893881020625537], [0.002195728735190705], [0.002204299662514866], [0.0022147955087615813], [0.0022268265525883695], [0.002239924353463324], [0.0022535520493428764], [0.0022671206855785385], [0.002280012428882713], [0.0022916106062544103], [0.002301335243294542], [0.0023086813554408004], [0.0023132560023885226], [0.002314809448120758]], "skin_friction_coefficient": [[0.003503573077824047], [0.003505665520211224], [0.003511873092615389], [0.0035219864003112845], [0.0035356563808218704], [0.0035523954491567763], [0.0035715815206620698], [0.003592467094573482], [0.0036141957808881434], [0.0036358284208220263], [0.0036563801424925953], [0.0036748682400187006], [0.0036903687560680644], [0.003702077396947467], [0.0037093684433363214], [0.003711844267511036]], "compressibility_factor": [[0.997376368711305], [0.9973737122045782], [0.9973658274530625], [0.9973529695974026], [0.9973355661258445], [0.9973142184271951], [0.9972897004047324], [0.9972629508768831], [0.9972350561080094], [0.9972072190415701], [0.99718071288385], [0.9971568187412019], [0.9971367499433583], [0.9971215690448297], [0.9971121064983233], [0.9971088916783459]], "reynolds_factor": [[0.9989119950091181], [0.9989110228783058], [0.9989081383844624], [0.9989034373771435], [0.9988970799385875], [0.9988892902640121], [0.9988803552953733], [0.998870621022009], [0.998860485254897], [0.9988503857852572], [0.9988407832253665], [0.9988321385355399], [0.9988248862239312], [0.9988194053131605], [0.998815991140313], [0.9988148315841251]], "form_factor": [[1.3205640681548705], [1.3205685091210904], [1.3205816914689632], [1.3206031919655692], [1.3206323008484218], [1.3206680183622512], [1.3207090559605132], [1.320753847768439], [1.3208005786005508], [1.3208472344918025], [1.3208916799198056], [1.3209317624188366], [1.320965440270619], [1.3209909231536734], [1.321006810400861], [1.321012208531015]]}, "vertical_stabilizer": {"wetted_area": 4.605087564000001, "reference_area": 2.2580600000000004, "parasite_drag_coefficient": [[0.0012305929332269963], [0.0012313253465612603], [0.0012334981685635485], [0.0012370381000158164], [0.001241822952006881], [0.0012476820486014256], [0.001254397636935012], [0.0012617080684507542], [0.001269313584867184], [0.001276885461272116], [0.001284078975906519], [0.0012905501676898528], [0.001295975639805388], [0.0013000738798283763], [0.001302625878635282], [0.0013034924618274223]], "skin_friction_coefficient": [[0.0034388384370032964], [0.0034408773293606834], [0.0034469259643015093], [0.0034567801006950612], [0.0034700993074024133], [0.0034864081356013785], [0.0035051001094153805], [0.00352544665311606], [0.0035466132647305917], [0.0035676850175869503], [0.0035877026836423414], [0.0036057093597210597], [0.0036208055283469764], [0.0036322083018705195], [0.0036393086938762247], [0.003641719744530752]], "compressibility_factor": [[0.997376368711305], [0.9973737122045782], [0.9973658274530625], [0.9973529695974026], [0.9973355661258445], [0.9973142184271951], [0.9972897004047324], [0.9972629508768831], [0.9972350561080094], [0.9972072190415701], [0.99718071288385], [0.9971568187412019], [0.9971367499433583], [0.9971215690448297], [0.9971121064983233], [0.9971088916783459]], "reynolds_factor": [[0.9989119950091181], [0.9989110228783057], [0.9989081383844624], [0.9989034373771435], [0.9988970799385875], [0.9988892902640121], [0.9988803552953733], [0.998870621022009], [0.998860485254897], [0.9988503857852572], [0.9988407832253665], [0.9988321385355399], [0.9988248862239312], [0.9988194053131605], [0.998815991140313], [0.9988148315841251]], "form_factor": [[1.2561570077802764], [1.2561598570893275], [1.2561683147151579], [1.2561821087595204], [1.2562007833170055], [1.2562236963458728], [1.2562500205585263], [1.2562787509094169], [1.2563087226986511], [1.2563386440900877], [1.2563671456976209], [1.2563928476670547], [1.2564144414755667], [1.2564307799676415], [1.25644096581258], [1.2564444266726498]]}, "fuselage": {"wetted_area": 19.354800000000004, "reference_area": 1.6799966400000006, "parasite_drag_coefficient": [[0.00361458247961557], [0.003616481546132001], [0.0036221143006362746], [0.0036312874846731857], [0.0036436795690891768], [0.003658842680168061], [0.0036762073603541787], [0.003695092002872126], [0.003714718936893129], [0.003734238900963596], [0.0037527649141866825], [0.0037694152921168606], [0.003783363846440948], [0.003793893424752581], [0.003800447330907981], [0.0038026723332754927]], "skin_friction_coefficient": [[0.002535171332853924], [0.002536505824484958], [0.0025404640344898815], [0.0025469102185355693], [0.002555618523834031], [0.00256627432633821], [0.00257847755551886], [0.002591749301730979], [0.0026055430985896318], [0.002619262105535037], [0.0026322829040824353], [0.002643985733106441], [0.0026537897862076625], [0.0026611908680185584], [0.002665797567427512], [0.0026673615176544567]], "compressibility_factor": [[0.997376368711305], [0.9973737122045782], [0.9973658274530625], [0.9973529695974026], [0.9973355661258445], [0.9973142184271951], [0.9972897004047324], [0.9972629508768831], [0.9972350561080094], [0.9972072190415701], [0.99718071288385], [0.9971568187412019], [0.9971367499433583], [0.9971215690448297], [0.9971121064983233], [0.9971088916783459]], "reynolds_factor": [[0.9989119950091181], [0.9989110228783058], [0.9989081383844624], [0.9989034373771435], [0.9988970799385875], [0.9988892902640121], [0.9988803552953733], [0.998870621022009], [0.998860485254897], [0.9988503857852572], [0.9988407832253665], [0.9988321385355399], [0.9988248862239312], [0.9988194053131605], [0.998815991140313], [0.9988148315841251]], "form_factor": [[1.1908068097221864], [1.1908056185689075], [1.1908020829347683], [1.190796316700509], [1.190788510774198], [1.1907789339250985], [1.1907679323390379], [1.1907559264075525], [1.1907434030826538], [1.1907309022239716], [1.1907189958448932], [1.1907082600922874], [1.1906992411267856], [1.190692417606499], [1.190688163856859], [1.1906867185909236]]}, "internal_combustion": {"wetted_area": 0.01, "reference_area": 0.8938319931279863, "parasite_drag_coefficient": [[0.025274391152933867], [0.025308198071760088], [0.02540869689320398], [0.025573087261910113], [0.025796594467393828], [0.026072335653026982], [0.026391188232460377], [0.0267417169400639], [0.027110229306534755], [0.02748103468582314], [0.027836972666385008], [0.028160246664782316], [0.028433545604370537], [0.02864136665883912], [0.028771380978709012], [0.02881563557863764]], "skin_friction_coefficient": [[0.027774561004259624], [0.02781171213971619], [0.027922152412249743], [0.02810280445235284], [0.02834842123006416], [0.028651439029203737], [0.029001832847406962], [0.029387036230316077], [0.029792002234895018], [0.030199488079576082], [0.030590635826519965], [0.030945888435188043], [0.031246222398687348], [0.031474601334519285], [0.03161747681020545], [0.03166610912257251]], "compressibility_factor": [[0.997376368711305], [0.9973737122045782], [0.9973658274530625], [0.9973529695974026], [0.9973355661258445], [0.9973142184271951], [0.9972897004047324], [0.9972629508768831], [0.9972350561080094], [0.9972072190415701], [0.99718071288385], [0.9971568187412019], [0.9971367499433583], [0.9971215690448297], [0.9971121064983233], [0.9971088916783459]], "reynolds_factor": [[0.9989119950091181], [0.9989110228783058], [0.9989081383844624], [0.9989034373771435], [0.9988970799385875], [0.9988892902640121], [0.9988803552953733], [0.998870621022009], [0.998860485254897], [0.9988503857852572], [0.9988407832253665], [0.9988321385355399], [0.9988248862239312], [0.9988194053131605], [0.998815991140313], [0.9988148315841251]], "form_factor": 1471.0}, "pylon": {"wetted_area": 0.002, "reference_area": 16.16512896, "parasite_drag_coefficient": [[0.005054878230586773], [0.005061639614352018], [0.005081739378640797], [0.0051146174523820235], [0.005159318893478766], [0.005214467130605397], [0.005278237646492076], [0.00534834338801278], [0.0054220458613069514], [0.005496206937164628], [0.005567394533277001], [0.005632049332956464], [0.005686709120874108], [0.005728273331767824], [0.005754276195741802], [0.005763127115727529]], "skin_friction_coefficient": [[0.027774561004259624], [0.02781171213971619], [0.027922152412249743], [0.02810280445235284], [0.02834842123006416], [0.028651439029203737], [0.029001832847406962], [0.029387036230316077], [0.029792002234895018], [0.030199488079576082], [0.030590635826519965], [0.030945888435188043], [0.031246222398687348], [0.031474601334519285], [0.03161747681020545], [0.03166610912257251]], "compressibility_factor": [[0.997376368711305], [0.9973737122045782], [0.9973658274530625], [0.9973529695974026], [0.9973355661258445], [0.9973142184271951], [0.9972897004047324], [0.9972629508768831], [0.9972350561080094], [0.9972072190415701], [0.99718071288385], [0.9971568187412019], [0.9971367499433583], [0.9971215690448297], [0.9971121064983233], [0.9971088916783459]], "reynolds_factor": [[0.9989119950091181], [0.9989110228783058], [0.9989081383844624], [0.9989034373771435], [0.9988970799385875], [0.9988892902640121], [0.9988803552953733], [0.998870621022009], [0.998860485254897], [0.9988503857852572], [0.9988407832253665], [0.9988321385355399], [0.9988248862239312], [0.9988194053131605], [0.998815991140313], [0.9988148315841251]], "form_factor": 1471.0}, "total": [[0.04631606184754826], [0.04636584577305898], [0.04651378267760049], [0.046755586140786065], [0.04708398361990453], [0.04748856198903797], [0.04795562865965819], [0.0484681654402877], [0.049005969159206846], [0.049546078422417844], [0.0500635711753241], [0.05053277536155772], [0.05092886278798411], [0.05122970266861407], [0.05141775757996851], [0.05148174157532129]]}, "compressible": {"main_wing": {"compressibility_drag": [[2.918789130256536e-13], [2.958167029871111e-13], [3.07829066679746e-13], [3.285036505283183e-13], [3.5878061793882225e-13], [3.998648845029895e-13], [4.530454327994968e-13], [5.193697638675165e-13], [5.991303592186354e-13], [6.911696145671243e-13], [7.921178869658487e-13], [8.958332396951514e-13], [9.93435802428826e-13], [1.0742907047210155e-12], [1.1279851833869698e-12], [1.1468304901259088e-12]], "thickness_to_chord": 0.12, "wing_sweep": 0.0, "crest_critical": [[0.7075594432961989], [0.7072708432745234], [0.7064114057142384], [0.7050008994081695], [0.7030744146544468], [0.70068511732857], [0.6979071664977865], [0.6948378604159434], [0.6915979219047391], [0.6883289087141796], [0.6851871409106662], [0.6823342707561131], [0.6799254958898396], [0.6780970966220935], [0.6769551458651573], [0.6765668331303842]], "divergence_mach": [[0.721710632162123], [0.7214162601400139], [0.7205396338285233], [0.7191009173963329], [0.7171359029475357], [0.7146988196751414], [0.7118653098277422], [0.7087346176242623], [0.7054298803428339], [0.7020954868884632], [0.6988908837288795], [0.6959809561712353], [0.6935240058076364], [0.6916590385545354], [0.6904942487824605], [0.690098169792992]]}, "horizontal_stabilizer": {"compressibility_drag": [[1.3798269284944988e-14], [1.3901144124693148e-14], [1.4210398812477409e-14], [1.472746464749275e-14], [1.5453175378433798e-14], [1.6385389130999145e-14], [1.7515642856429457e-14], [1.882501908790852e-14], [2.0279715850048413e-14], [2.1827240269034882e-14], [2.339457656149286e-14], [2.488987798257723e-14], [2.6208906802476415e-14], [2.7246399467771667e-14], [2.7910885574329244e-14], [2.813980353536576e-14]], "thickness_to_chord": 0.12, "wing_sweep": 0.0, "crest_critical": 0.7886487956303058, "divergence_mach": 0.804421771542912}, "vertical_stabilizer": {"compressibility_drag": [[1.8822718658692827e-15], [1.8963053951884272e-15], [1.93849194671773e-15], [2.0090267691619844e-15], [2.108023597198973e-15], [2.2351902500011934e-15], [2.3893722524493342e-15], [2.567989004409665e-15], [2.76642945604911e-15], [2.977532864415118e-15], [3.191338882164628e-15], [3.395318362328307e-15], [3.575251858819486e-15], [3.716779989239559e-15], [3.807424944618061e-15], [3.838652472415428e-15]], "thickness_to_chord": 0.13240535027549902, "wing_sweep": 0.4363323129985824, "crest_critical": 0.8555335917122583, "divergence_mach": 0.8790568103842639}, "total": [[3.0755945417646787e-13], [3.116141525069927e-13], [3.239779574389411e-13], [3.4524014194497304e-13], [3.76341816914455e-13], [4.184854638839898e-13], [4.729504479083755e-13], [5.407627719598347e-13], [6.221765045247329e-13], [7.159743877005743e-13], [8.187038024095061e-13], [9.24118436040057e-13], [1.0232199610901219e-12], [1.1052538841780267e-12], [1.159703493905917e-12], [1.17880894613369e-12]]}, "induced": {"total": [[0.011930497468211888], [0.012034519580742456], [0.012348039060729482], [0.012874921764837077], [0.013619916291637757], [0.014585967630147996], [0.015770271886214472], [0.01715914296886696], [0.01872214912309388], [0.020406576694473762], [0.022133957947762864], [0.023800841234132095], [0.02528573033533369], [0.026462808705682017], [0.027220774113054468], [0.02748261782623229]], "efficiency_factor": [[0.6558010615938283], [0.6556098543911346], [0.6550423243126338], [0.6541168066565148], [0.6528640250096193], [0.6513272080672264], [0.6495619986766564], [0.6476359196788598], [0.6456271320567366], [0.6436222355463985], [0.6417129379370985], [0.6399915670770929], [0.6385456121540284], [0.6374517259235765], [0.6367698395871871], [0.6365381663801407]], "aspect_ratio": 7.4827985312899115}, "miscellaneous": {"total_wetted_area": 71.02517348104642, "reference_area": 16.16512896, "total": [[0.0012654589885146288], [0.0012654589885146288], [0.0012654589885146288], [0.0012654589885146288], [0.0012654589885146288], [0.0012654589885146288], [0.0012654589885146288], [0.0012654589885146288], [0.0012654589885146288], [0.0012654589885146288], [0.0012654589885146288], [0.0012654589885146288], [0.0012654589885146288], [0.0012654589885146288], [0.0012654589885146288], [0.0012654589885146288]], "trim_correction_factor": 1.02}, "untrimmed": [[0.05951201830458233], [0.059665824342627675], [0.06012728072716858], [0.06089596689448301], [0.061969358900433265], [0.06333998860811908], [0.06499135953486024], [0.06689276739821005], [0.06899357727143754], [0.07121811410612221], [0.0734629881124203], [0.07559907558512857], [0.07748005211285565], [0.07895797036391597], [0.07990399068269731], [0.08022981839124702]], "trim_corrected_drag": [[0.06070225867067398], [0.06085914082948023], [0.061329826341711954], [0.06211388623237267], [0.06320874607844193], [0.06460678838028147], [0.06629118672555745], [0.06823062274617425], [0.07037344881686629], [0.07264247638824466], [0.0749322478746687], [0.07711105709683115], [0.07902965315511276], [0.08053712977119429], [0.08150207049635126], [0.08183441475907195]], "spoiler_drag": 0.0, "drag_coefficient_increment": 0.0, "total": [[0.06070225867067398], [0.06085914082948023], [0.061329826341711954], [0.06211388623237267], [0.06320874607844193], [0.06460678838028147], [0.06629118672555745], [0.06823062274617425], [0.07037344881686629], [0.07264247638824466], [0.0749322478746687], [0.07711105709683115], [0.07902965315511276], [0.08053712977119429], [0.08150207049635126], [0.08183441475907195]]}, "lift_coefficient_wing": {"main_wing": [[0.3454891074784365], [0.3468165512976731], [0.35078148642616047], [0.35732777021445405], [0.3663489493901556], [0.3776700978470796], [0.3910251178327785], [0.4060330394216499], [0.4221786222514273], [0.4388041754057104], [0.4551201656396865], [0.4702408990966971], [0.483247602443323], [0.49327471676020973], [0.49960759349948636], [0.5017736823592674]], "horizontal_stabilizer": [[0.11398749675045255], [0.11498689868684227], [0.11797200719964443], [0.12290055377869244], [0.12969239220233236], [0.1382158246263966], [0.14827051217008957], [0.15956963133411442], [0.1717252694940022], [0.18424226627771212], [0.19652620025491688], [0.20791025288115852], [0.21770270083435309], [0.22525188470147928], [0.23001976201909716], [0.2316505605278448]], "vertical_stabilizer": [[0.0], [0.0], [0.0], [0.0], [0.0], [0.0], [0.0], [0.0], [0.0], [0.0], [0.0], [0.0], [0.0], [0.0], [0.0], [0.0]]}}, "stability": {"static": {}, "dynamic": {}}, "propulsion": {"