{"tag": "the_mission", "features": {}, "settings": {"tag": "settings", "verbose_process": false}, "state": {"tag": "state", "unknowns": {"tag": "unknowns"}, "conditions": {}, "residuals": {"tag": "residuals"}, "numerics": {"tag": "numerics", "number_control_points": 16, "discretization_method": null, "solver_jacobian": "none", "tolerance_solution": 1e-08, "tolerance_boundary_conditions": 1e-08, "converged": null, "dimensionless": {"control_points": [], "differentiate": [], "integrate": []}, "time": {"control_points": [], "differentiate": [], "integrate": []}}, "initials": {}, "segments": {}}, "analyses": {}, "process": {"initialize": null, "converge": null, "finalize": {"post_process": {}, "sub_segments": null}}, "conditions": {}, "segments": {"climb": {"tag": "climb", "features": {}, "settings": {"tag": "settings", "verbose_process": false}, "state": {"tag": "state", "unknowns": {"tag": "unknowns", "throttle": [[1.1510005660764755], [1.1517811644359321], [1.1540932269955781], [1.15784751771621], [1.1628954635474893], [1.1690303420662629], [1.1759907329701758], [1.1834677198006192], [1.1911171949379578], [1.1985781091124692], [1.2054961979033196], [1.2115509121444707], [1.2164809438574435], [1.220101263868322], [1.222304226793931], [1.2230424760397358]], "body_angle": [[0.18422521081424864], [0.18452868571711106], [0.18543117603912346], [0.18690847102218303], [0.18891895220134572], [0.1914020133256533], [0.19427648703227962], [0.1974396942030737], [0.20076783716302798], [0.20411845733219003], [0.20733551879397066], [0.21025732978698006], [0.21272699170405795], [0.2146044552444627], [0.21577871406368385], [0.21617835154813123]]}, "conditions": {"tag": "aerodynamic_conditions", "frames": {"inertial": {"position_vector": [[0.0, 0.0, -0.0], [284.0860245395021, 0.0, -26.642445185344105], [1123.9281756896119, 0.0, -105.40537804214102], [2482.8213214353377, 0.0, -232.84648045806406], [4301.375310614784, 0.0, -403.39596472728005], [6500.110607510637, 0.0, -609.5999999999999], [8982.931928945978, 0.0, -842.4464804580641], [11641.328069275554, 0.0, -1091.758897584077], [14359.11436076698, 0.0, -1346.641102415923], [17017.51050109656, 0.0, -1595.953519541936], [19500.331822531884, 0.0, -1828.7999999999997], [21699.067119427724, 0.0, -2035.0040352727194], [23517.621108607145, 0.0, -2205.553519541936], [24876.514254352827, 0.0, -2332.994621957859], [25716.35640550295, 0.0, -2411.757554814656], [26000.44243004244, 0.0, -2438.4]], "velocity_vector": [[37.64647393516571, 0.0, -3.5306], [37.64647393516571, 0.0, -3.5306], [37.64647393516571, 0.0, -3.5306], [37.64647393516571, 0.0, -3.5306], [37.64647393516571, 0.0, -3.5306], [37.64647393516571, 0.0, -3.5306], [37.64647393516571, 0.0, -3.5306], [37.64647393516571, 0.0, -3.5306], [37.64647393516571, 0.0, -3.5306], [37.64647393516571, 0.0, -3.5306], [37.64647393516571, 0.0, -3.5306], [37.64647393516571, 0.0, -3.5306], [37.64647393516571, 0.0, -3.5306], [37.64647393516571, 0.0, -3.5306], [37.64647393516571, 0.0, -3.5306], [37.64647393516571, 0.0, -3.5306]], "acceleration_vector": [[3.0440247080335817e-16, 0.0, 4.9019437583138386e-17], [4.0334784618242546e-16, 0.0, -2.1972504647995816e-17], [-9.994062087146255e-17, 0.0, -4.500158430871498e-18], [-1.4958501763467832e-16, 0.0, 1.9295228907537692e-17], [-6.275568486715857e-17, 0.0, 4.480264454736293e-18], [1.1992764997302698e-16, 0.0, -1.1990539483376485e-17], [-9.619005423543155e-17, 0.0, 9.799562042280274e-18], [-2.537380629109177e-17, 0.0, 2.5343769590212084e-18], [3.3038964822636435e-18, 0.0, -2.586880213660587e-18], [-5.166175943372836e-17, 0.0, 2.2091384186558136e-18], [-2.304181291380156e-17, 0.0, 1.0691991967718786e-17], [3.1259269039458233e-17, 0.0, -1.766886096170865e-18], [1.907375800666893e-16, 0.0, -9.337967390889436e-18], [-7.332468510012821e-18, 0.0, -5.556343870209073e-18], [-3.375923267428668e-16, 0.0, 2.6600089510454153e-17], [-5.74787715073029e-16, 0.0, -4.229659338821865e-17]], "gravity_force_vector": [[0.0, 0.0, 11342.965118914275], [0.0, 0.0, 11341.86684792315], [0.0, 0.0, 11338.63315008572], [0.0, 0.0, 11333.442299335218], [0.0, 0.0, 11326.575208555787], [0.0, 0.0, 11318.393407410867], [0.0, 0.0, 11309.312337326679], [0.0, 0.0, 11299.77313650239], [0.0, 0.0, 11290.215903349625], [0.0, 0.0, 11281.05680302072], [0.0, 0.0, 11272.670490967066], [0.0, 0.0, 11265.378364876484], [0.0, 0.0, 11259.442286141004], [0.0, 0.0, 11255.0627450392], [0.0, 0.0, 11252.380020838746], [0.0, 0.0, 11251.476705253866]], "total_force_vector": [[1.5067596905282699e-05, 0.0, -2.7801179385278374e-06], [6.533723080792697e-06, 0.0, -1.2073905963916332e-06], [-8.193034773285035e-06, 0.0, 1.5220375644275919e-06], [-1.0786067377921427e-05, 0.0, 2.0192273950669914e-06], [-3.66955191566376e-07, 0.0, 6.908521754667163e-08], [1.053568348652334e-05, 0.0, -2.020335159613751e-06], [5.910099389438983e-06, 0.0, -1.1492593330331147e-06], [1.766429750205134e-05, 0.0, -3.491735697025433e-06], [5.647353646054398e-06, 0.0, -1.13338501250837e-06], [-1.737637103360612e-05, 0.0, 3.5557804949348792e-06], [1.484743734181393e-06, 0.0, -3.071545506827533e-07], [8.521197742084041e-06, 0.0, -1.7948659660760313e-06], [-1.1856127457576804e-06, 0.0, 2.5509689294267446e-07], [-3.1345726711151656e-05, 0.0, 6.7519395088311285e-06], [-6.1543860283563845e-06, 0.0, 1.3342341844690964e-06], [-7.528720288974e-06, 0.0, 1.6350477380910888e-06]], "time": [[0.0], [7.546152264585076], [29.854805993921964], [65.95096597124109], [114.2570567969409], [172.66187050359687], [238.612836474838], [309.22758102987467], [381.4199009845129], [452.0346455395496], [517.9856115107906], [576.3904252174466], [624.6965160431465], [660.7926760204657], [683.1013297498025], [690.6474820143876]]}, "body": {"inertial_rotations": [[0.0, 0.18422521081424864, 0.0], [0.0, 0.18452868571711106, 0.0], [0.0, 0.18543117603912346, 0.0], [0.0, 0.18690847102218303, 0.0], [0.0, 0.18891895220134572, 0.0], [0.0, 0.1914020133256533, 0.0], [0.0, 0.19427648703227962, 0.0], [0.0, 0.1974396942030737, 0.0], [0.0, 0.20076783716302798, 0.0], [0.0, 0.20411845733219003, 0.0], [0.0, 0.20733551879397066, 0.0], [0.0, 0.21025732978698006, 0.0], [0.0, 0.21272699170405795, 0.0], [0.0, 0.2146044552444627, 0.0], [0.0, 0.21577871406368385, 0.0], [0.0, 0.21617835154813123, 0.0]], "transform_to_inertial": [[[0.9830784753734497, 0.0, 0.18318491001557333], [0.0, 1.0, 0.0], [-0.18318491001557333, 0.0, 0.9830784753734497]], [[0.9830228380822331, 0.0, 0.18348324122042226], [0.0, 1.0, 0.0], [-0.18348324122042226, 0.0, 0.9830228380822331]], [[0.9828568459247495, 0.0, 0.18437033497516145], [0.0, 1.0, 0.0], [-0.18437033497516145, 0.0, 0.9828568459247495]], [[0.9825834041595108, 0.0, 0.1858221027496661], [0.0, 1.0, 0.0], [-0.1858221027496661, 0.0, 0.9825834041595108]], [[0.9822078267535629, 0.0, 0.1877971913103148], [0.0, 1.0, 0.0], [-0.1877971913103148, 0.0, 0.9822078267535629]], [[0.9817384873826751, 0.0, 0.1902354919345417], [0.0, 1.0, 0.0], [-0.1902354919345417, 0.0, 0.9817384873826751]], [[0.9811876053631035, 0.0, 0.19305668359789754], [0.0, 1.0, 0.0], [-0.19305668359789754, 0.0, 0.9811876053631035]], [[0.9805720192771402, 0.0, 0.19615941224104355], [0.0, 1.0, 0.0], [-0.19615941224104355, 0.0, 0.9805720192771402]], [[0.9799137432500653, 0.0, 0.1994218036966998], [0.0, 1.0, 0.0], [-0.1994218036966998, 0.0, 0.9799137432500653]], [[0.9792400572108078, 0.0, 0.20270399688652874], [0.0, 1.0, 0.0], [-0.20270399688652874, 0.0, 0.9792400572108078]], [[0.9785828798086089, 0.0, 0.20585321796243475], [0.0, 1.0, 0.0], [-0.20585321796243475, 0.0, 0.9785828798086089]], [[0.9779772394011907, 0.0, 0.20871156942830452], [0.0, 1.0, 0.0], [-0.20871156942830452, 0.0, 0.9779772394011907]], [[0.9774588104579561, 0.0, 0.21112620362739792], [0.0, 1.0, 0.0], [-0.21112620362739792, 0.0, 0.9774588104579561]], [[0.9770607062342944, 0.0, 0.2129609737321413], [0.0, 1.0, 0.0], [-0.2129609737321413, 0.0, 0.9770607062342944]], [[0.9768099613637096, 0.0, 0.21410814879548196], [0.0, 1.0, 0.0], [-0.21410814879548196, 0.0, 0.9768099613637096]], [[0.9767243177207863, 0.0, 0.21449850156321476], [0.0, 1.0, 0.0], [-0.21449850156321476, 0.0, 0.9767243177207863]]], "thrust_force_vector": [[2414.008462112206, 0.0, -0.0], [2413.9663555741017, 0.0, -0.0], [2413.88380077239, 0.0, -0.0], [2413.8837981975616, 0.0, -0.0], [2414.144896910106, 0.0, -0.0], [2414.865570876985, 0.0, -0.0], [2416.221955085658, 0.0, -0.0], [2418.3256450896865, 0.0, -0.0], [2421.1885830772444, 0.0, -0.0], [2424.7022779081576, 0.0, -0.0], [2428.6362130149255, 0.0, -0.0], [2432.6579028339575, 0.0, -0.0], [2436.37371912681, 0.0, -0.0], [2439.3844435122724, 0.0, -0.0], [2441.346644956377, 0.0, -0.0], [2442.028049457885, 0.0, -0.0]]}, "wind": {"body_rotations": [[0.0, 0.09071569791619524, 0.0], [0.0, 0.09101917281905768, 0.0], [0.0, 0.09192166314107003, 0.0], [0.0, 0.09339895812412961, 0.0], [0.0, 0.09540943930329229, 0.0], [0.0, 0.09789250042759987, 0.0], [0.0, 0.10076697413422625, 0.0], [0.0, 0.1039301813050203, 0.0], [0.0, 0.10725832426497456, 0.0], [0.0, 0.11060894443413663, 0.0], [0.0, 0.11382600589591725, 0.0], [0.0, 0.11674781688892669, 0.0], [0.0, 0.11921747880600453, 0.0], [0.0, 0.12109494234640931, 0.0], [0.0, 0.12226920116563043, 0.0], [0.0, 0.12266883865007784, 0.0]], "velocity_vector": [[0.0, 0.0, 0.0], [0.0, 0.0, 0.0], [0.0, 0.0, 0.0], [0.0, 0.0, 0.0], [0.0, 0.0, 0.0], [0.0, 0.0, 0.0], [0.0, 0.0, 0.0], [0.0, 0.0, 0.0], [0.0, 0.0, 0.0], [0.0, 0.0, 0.0], [0.0, 0.0, 0.0], [0.0, 0.0, 0.0], [0.0, 0.0, 0.0], [0.0, 0.0, 0.0], [0.0, 0.0, 0.0], [0.0, 0.0, 0.0]], "lift_force_vector": [[0.0, 0.0, -11074.721406658393], [0.0, 0.0, -11072.902191670537], [0.0, 0.0, -11067.520724223104], [0.0, 0.0, -11058.801831144689], [0.0, 0.0, -11047.10841143342], [0.0, 0.0, -11032.925429093093], [0.0, 0.0, -11016.840334957846], [0.0, 0.0, -10999.521555791342], [0.0, 0.0, -10981.695889555716], [0.0, 0.0, -10964.12455360115], [0.0, 0.0, -10947.576714157416], [0.0, 0.0, -10932.799080464045], [0.0, 0.0, -10920.480917425184], [0.0, 0.0, -10911.215591223567], [0.0, 0.0, -10905.461982693132], [0.0, 0.0, -10903.510889726982]], "drag_force_vector": [[-1344.9523547200095, 0.0, 0.0], [-1344.9465032114913, 0.0, 0.0], [-1344.9672549243317, 0.0, 0.0], [-1345.12198613124, 0.0, 0.0], [-1345.5656200141268, 0.0, 0.0], [-1346.4683248273195, 0.0, 0.0], [-1347.9774019846914, 0.0, 0.0], [-1350.1795494960888, 0.0, 0.0], [-1353.0701377191588, 0.0, 0.0], [-1356.5356242228474, 0.0, 0.0], [-1360.3536339326051, 0.0, 0.0], [-1364.212563169096, 0.0, 0.0], [-1367.7491080476764, 0.0, 0.0], [-1370.5984503851937, 0.0, 0.0], [-1372.448777137404, 0.0, 0.0], [-1373.090219374079, 0.0, 0.0]], "transform_to_inertial": [[[0.9956311703221856, 0.0, 0.09337329748314012], [0.0, 1.0, 0.0], [-0.09337329748314012, 0.0, 0.9956311703221856]], [[0.9956311703221856, 0.0, 0.0933732974831401], [0.0, 1.0, 0.0], [-0.0933732974831401, 0.0, 0.9956311703221856]], [[0.9956311703221856, 0.0, 0.09337329748314013], [0.0, 1.0, 0.0], [-0.09337329748314013, 0.0, 0.9956311703221856]], [[0.9956311703221856, 0.0, 0.09337329748314013], [0.0, 1.0, 0.0], [-0.09337329748314013, 0.0, 0.9956311703221856]], [[0.9956311703221856, 0.0, 0.09337329748314015], [0.0, 1.0, 0.0], [-0.09337329748314015, 0.0, 0.9956311703221856]], [[0.9956311703221857, 0.0, 0.09337329748314015], [0.0, 1.0, 0.0], [-0.09337329748314015, 0.0, 0.9956311703221857]], [[0.9956311703221856, 0.0, 0.09337329748314012], [0.0, 1.0, 0.0], [-0.09337329748314012, 0.0, 0.9956311703221856]], [[0.9956311703221856, 0.0, 0.09337329748314012], [0.0, 1.0, 0.0], [-0.09337329748314012, 0.0, 0.9956311703221856]], [[0.9956311703221857, 0.0, 0.09337329748314016], [0.0, 1.0, 0.0], [-0.09337329748314016, 0.0, 0.9956311703221857]], [[0.9956311703221855, 0.0, 0.09337329748314013], [0.0, 1.0, 0.0], [-0.09337329748314013, 0.0, 0.9956311703221855]], [[0.9956311703221856, 0.0, 0.09337329748314013], [0.0, 1.0, 0.0], [-0.09337329748314013, 0.0, 0.9956311703221856]], [[0.9956311703221856, 0.0, 0.09337329748314013], [0.0, 1.0, 0.0], [-0.09337329748314013, 0.0, 0.9956311703221856]], [[0.9956311703221857, 0.0, 0.09337329748314016], [0.0, 1.0, 0.0], [-0.09337329748314016, 0.0, 0.9956311703221857]], [[0.9956311703221856, 0.0, 0.09337329748314009], [0.0, 1.0, 0.0], [-0.09337329748314009, 0.0, 0.9956311703221856]], [[0.9956311703221855, 0.0, 0.09337329748314015], [0.0, 1.0, 0.0], [-0.09337329748314015, 0.0, 0.9956311703221855]], [[0.9956311703221855, 0.0, 0.09337329748314012], [0.0, 1.0, 0.0], [-0.09337329748314012, 0.0, 0.9956311703221855]]]}, "planet": {"start_time": null, "latitude": [[0.0], [0.002554841656125055], [0.010107645305954234], [0.02232814055951982], [0.03868197290950291], [0.05845410259805697], [0.08078010696489707], [0.10468400927316633], [0.12912097216699325], [0.1530229831809078], [0.17534553198099878], [0.19511323932927327], [0.211462447228244], [0.22367891552966065], [0.23122898602283262], [0.23378286090542705]], "longitude": [[0.0], [0.0], [0.0], [0.0], [0.0], [0.0], [0.0], [0.0], [0.0], [0.0], [0.0], [0.0], [0.0], [0.0], [0.0], [0.0]]}}, "weights": {"total_mass": [[1156.6605435000001], [1156.5582240277613], [1156.2570641894497], [1155.7739636703557], [1155.1355045228681], [1154.3758041251076], [1153.5339211962137], [1152.651130906828], [1151.7683657189384], [1150.9240550236977], [1150.1525062778844], [1149.4828728526245], [1148.9386658020808], [1148.5376994731885], [1148.2923184787142], [1148.209735715864]], "weight_breakdown": {}, "vehicle_mass_rate": [[0.013574211940587224], [0.013544109955947355], [0.013455311173195181], [0.013312230061923273], [0.013121881160658424], [0.012893410612122003], [0.012637522814647289], [0.01236586562875094], [0.012090433180896462], [0.011823032741069436], [0.011574841374310814], [0.011356055933567342], [0.011175616776047025], [0.011040962454990077], [0.01095776417746175], [0.01092961842898796]]}, "energies": {"total_energy": [[0.0], [0.0], [0.0], [0.0], [0.0], [0.0], [0.0], [0.0], [0.0], [0.0], [0.0], [0.0], [0.0], [0.0], [0.0], [0.0]], "total_efficiency": [[0.0], [0.0], [0.0], [0.0], [0.0], [0.0], [0.0], [0.0], [0.0], [0.0], [0.0], [0.0], [0.0], [0.0], [0.0], [0.0]], "gravity_energy": [[0.0], [0.0], [0.0], [0.0], [0.0], [0.0], [0.0], [0.0], [0.0], [0.0], [0.0], [0.0], [0.0], [0.0], [0.0], [0.0]], "propulsion_power": [[0.0], [0.0], [0.0], [0.0], [0.0], [0.0], [0.0], [0.0], [0.0], [0.0], [0.0], [0.0], [0.0], [0.0], [0.0], [0.0]]}, "freestream": {"velocity": [[37.81166666666667], [37.81166666666667], [37.81166666666667], [37.81166666666667], [37.81166666666667], [37.81166666666667], [37.81166666666667], [37.81166666666667], [37.81166666666667], [37.81166666666667], [37.81166666666667], [37.81166666666667], [37.81166666666667], [37.81166666666667], [37.81166666666667], [37.81166666666667]], "mach_number": [[0.1111147058735226], [0.11114811032553105], [0.11124703857026297], [0.11140766362632681], [0.11162370440728897], [0.11188658051305755], [0.1121856450416596], [0.11250850728088993], [0.11284145462196507], [0.11316997657253501], [0.11347938332879273], [0.11375549781515491], [0.11398538521838833], [0.11415807053496697], [0.11426518569325463], [0.11430148629982273]], "pressure": [[101325.0], [101005.35079387297], [100065.1607349466], [98558.9678516257], [96572.15538336677], [94213.5626821175], [91606.70608923737], [88880.77262316788], [86162.430415848], [83569.21418091143], [81204.87332421009], [79156.70088674352], [77494.56189273177], [76271.14850699567], [75522.91469244458], [75271.17001470101]], "temperature": [[288.15], [287.97682483048453], [287.4648763777935], [286.63655319028], [285.528092241988], [284.1879791002889], [282.6748218676908], [281.0547830291877], [279.3986826041451], [277.77890011283245], [276.26621124986127], [274.92669751486744], [273.8188633674977], [272.9910859955484], [272.4795079965892], [272.3064638641522]], "density": [[1.2250000002007604], [1.2218698331571751], [1.21265206088954], [1.1978506537277531], [1.1782601270147912], [1.154903835062081], [1.1289591831972634], [1.1016786697600989], [1.0743151173713852], [1.0480576316881811], [1.0239822339780789], [1.0030183312488516], [0.9859297337382267], [0.9733071644463039], [0.9655682936262546], [0.9629612616509505]], "speed_of_sound": [[340.29399051558636], [340.191718562949], [339.8891975248855], [339.3991529477813], [338.74226686386146], [337.94639619229326], [337.0454985807274], [336.07828937118205], [335.0866646778095], [334.11393915445154], [333.2029621372893], [332.39419098765757], [331.7238134890895], [331.2220195162184], [330.91152337661487], [330.80643035107505]], "dynamic_viscosity": [[1.789380278077583e-05], [1.788544567833576e-05], [1.7860725891009907e-05], [1.7820684900705085e-05], [1.776701512619294e-05], [1.7701995620301893e-05], [1.7628403737100153e-05], [1.754940477101747e-05], [1.7468422523728847e-05], [1.738899488661548e-05], [1.7314619760782957e-05], [1.724859784140797e-05], [1.71938797918065e-05], [1.715292592716077e-05], [1.7127586535778683e-05], [1.7119010262486932e-05]], "altitude": [[0.0], [26.642445185344105], [105.40537804214102], [232.84648045806406], [403.39596472728005], [609.5999999999999], [842.4464804580641], [1091.758897584077], [1346.641102415923], [1595.953519541936], [1828.7999999999997], [2035.0040352727194], [2205.553519541936], [2332.994621957859], [2411.757554814656], [2438.4]], "gravity": [[9.80665], [9.80656798100889], [9.806325514676306], [9.8059332149549], [9.805408252284877], [9.80477359882728], [9.804057019492701], [9.80328985372399], [9.802505642097772], [9.80173865841082], [9.801022411756163], [9.800388184053283], [9.79986366659592], [9.799471754563804], [9.799229551362126], [9.799147625445807]], "reynolds_number": [[2588566.122122503], [2583158.153970794], [2567219.0362700317], [2541581.8689106912], [2507566.9071518416], [2466887.9023639513], [2421536.7966350694], [2373659.2310834527], [2325432.938081722], [2278958.9665905517], [2236172.4045170117], [2198775.526593298], [2168192.804664735], [2145544.5107500595], [2131634.0388198304], [2126943.653877392]], "dynamic_pressure": [[875.7048085115714], [873.4671739556018], [866.8777474272672], [856.2967976948671], [842.2922928450682], [825.5957890339365], [807.0489674915234], [787.547190518728], [767.986052232338], [749.2155979723893], [732.0050334514833], [717.0187555558551], [704.8027824878383], [695.7793991222092], [690.2471816622448], [688.3835159999238]], "delta_ISA": [[0.0], [0.0], [0.0], [0.0], [0.0], [0.0], [0.0], [0.0], [0.0], [0.0], [0.0], [0.0], [0.0], [0.0], [0.0], [0.0]]}, "aerodynamics": {"angle_of_attack": [[0.09071569791619524], [0.09101917281905768], [0.09192166314107003], [0.09339895812412961], [0.09540943930329229], [0.09789250042759987], [0.10076697413422625], [0.1039301813050203], [0.10725832426497456], [0.11060894443413663], [0.11382600589591725], [0.11674781688892669], [0.11921747880600453], [0.12109494234640931], [0.12226920116563043], [0.12266883865007784]], "side_slip_angle": [[0.0], [0.0], [0.0], [0.0], [0.0], [0.0], [0.0], [0.0], [0.0], [0.0], [0.0], [0.0], [0.0], [0.0], [0.0], [0.0]], "roll_angle": [[0.0], [0.0], [0.0], [0.0], [0.0], [0.0], [0.0], [0.0], [0.0], [0.0], [0.0], [0.0], [0.0], [0.0], [0.0], [0.0]], "lift_coefficient": [[0.7823406597658646], [0.7842160056028337], [0.7897930639895244], [0.7989223710873522], [0.8113469642993497], [0.826692580786546], [0.8444578855232482], [0.86400853967715], [0.8845795735686931], [0.9052905282216034], [0.9251768477352607], [0.9432388438210514], [0.958506319873525], [0.9701131632416008], [0.9773728086953845], [0.979843522273214]], "drag_coefficient": [[0.09501014733541653], [0.09525312842476129], [0.09597866005413178], [0.09717581189810168], [0.09882410314124704], [0.10089031975722616], [0.10332455695133477], [0.10605612752746149], [0.10899028870126262], [0.11200701394811956], [0.1149631301710262], [0.11769888674796296], [0.12004930680050853], [0.12185952950161746], [0.12300204413440811], [0.12339269163458286]], "lift_breakdown": {"inviscid_wings_lift": {"total": [[0.6820141088982865], [0.6836463927099684], [0.6885005678952162], [0.696446413377602], [0.7072600782028804], [0.7206155828538235], [0.7360763568887632], [0.7530901257677783], [0.7709910257277292], [0.7890128226197678], [0.8063162546193173], [0.8220316391196469], [0.8353150741897314], [0.8454132843386436], [0.8517292058308671], [0.8538787140447324]], "main_wing": [[0.6095996913110724], [0.6109897242351139], [0.6151234804350278], [0.6218900652353033], [0.6310988499019832], [0.6424722342663548], [0.6556384402814639], [0.6701271577058525], [0.6853713451052638], [0.7007184868529414], [0.7154538778469272], [0.7288369070193602], [0.7401489178103995], [0.7487484300278332], [0.7541269914992021], [0.7559574863962211]], "horizontal_stabilizer": [[0.3128302839767648], [0.3138768078113715], [0.31698901782801303], [0.3220834239747299], [0.3290165062598756], [0.33757926589786463], [0.3474917997435326], [0.35840002202751925], [0.36987702028905045], [0.3814315305126897], [0.3925254676567247], [0.4026012426732381], [0.4111177955587132], [0.4175921706227009], [0.4216415659127919], [0.4230197034415682]], "vertical_stabilizer": [[0.0], [0.0], [0.0], [0.0], [0.0], [0.0], [0.0], [0.0], [0.0], [0.0], [0.0], [0.0], [0.0], [0.0], [0.0], [0.0]]}, "compressible_wings": [[0.6862637366367235], [0.687908776844591], [0.6928009333241443], [0.7008090974450458], [0.7117078634204823], [0.725168930514514], [0.7407525311607441], [0.7579022277869737], [0.7759469943585028], [0.794114498440003], [0.8115586383642638], [0.8274024945798697], [0.8407950174329167], [0.8509764589838604], [0.8573445690310391], [0.8595118616431703]]}, "drag_breakdown": {"parasite": {"main_wing": {"wetted_area": 32.967164001024, "reference_area": 16.16512896, "parasite_drag_coefficient": [[0.009436075156191081], [0.009439432650924846], [0.009449379089232317], [0.009465538587930223], [0.009487292539529265], [0.009513792577671844], [0.009543980867876884], [0.009576619395590243], [0.009610329734030424], [0.009643644113586109], [0.009675067459556723], [0.009703148490216721], [0.009726556171854672], [0.00974415613370805], [0.009755080450678017], [0.009758783882451591]], "skin_friction_coefficient": [[0.00350901840023907], [0.003510263243431193], [0.003513951020692914], [0.0035199423144845906], [0.0035280076894082246], [0.0035378325147972134], [0.003549024506532057], [0.0035611246052157483], [0.003573621737111794], [0.003585971759219486], [0.0035976204621810904], [0.0036080299220609784], [0.003616706828239121], [0.0036232307888522434], [0.0036272801741152588], [0.0036286529406770783]], "compressibility_factor": [[0.9985809369996412], [0.9985800848562901], [0.9985775597152544], [0.998573455006888], [0.998567924885817], [0.9985611815274648], [0.9985534906787233], [0.9985451649281595], [0.9985365541967098], [0.9985280331224169], [0.9985199853323874], [0.9985127850437665], [0.9985067769577014], [0.9985022559128283], [0.9984994481303772], [0.9984984959979538]], "reynolds_factor": [[0.9994117724234926], [0.9994114608268106], [0.9994105376452933], [0.999409037512942], [0.999407017479509], [0.9994045558829536], [0.9994017505557795], [0.9993987161955027], [0.9993955807459415], [0.9993924806985564], [0.9993895553341341], [0.9993869400776977], [0.9993847593143604], [0.9993831191795846], [0.9993821009552253], [0.999381755735883]], "form_factor": [[1.318570425966358], [1.3185718223129248], [1.3185759601967826], [1.3185826868448702], [1.3185917501280153], [1.318602802897387], [1.3186154101612193], [1.3186290599943415], [1.3186431790180109], [1.3186571530056048], [1.318670352643167], [1.3186821637314177], [1.3186920202487156], [1.3186994378570083], [1.3187040448208083], [1.3187056071126861]]}, "horizontal_stabilizer": {"wetted_area": 7.631287963200002, "reference_area": 3.7419280000000006, "parasite_drag_coefficient": [[0.002303353436980517], [0.002304190050055822], [0.002306668531847089], [0.0023106953622830206], [0.00231611660364855], [0.002322721089602904], [0.0023302454310352425], [0.0023383812630300336], [0.0023467851110956263], [0.002355091090100652], [0.002362926359930385], [0.0023699288660815787], [0.0023757664411840074], [0.002380155915843315], [0.0023828805844812776], [0.002383804289430217]], "skin_friction_coefficient": [[0.0037003140460579232], [0.0037016541365215345], [0.0037056241594583903], [0.003712074257796992], [0.003720757771702514], [0.0037313363631319933], [0.0037433880540641185], [0.003756418855056553], [0.003769878586411592], [0.003783181230340063], [0.0037957296894681426], [0.003806944194350008], [0.0038162928802261092], [0.0038233223706493386], [0.00382768572281089], [0.003829164958648462]], "compressibility_factor": [[0.9985809369996412], [0.9985800848562901], [0.9985775597152544], [0.998573455006888], [0.998567924885817], [0.9985611815274648], [0.9985534906787233], [0.9985451649281595], [0.9985365541967098], [0.9985280331224169], [0.9985199853323874], [0.9985127850437665], [0.9985067769577014], [0.9985022559128283], [0.9984994481303772], [0.9984984959979538]], "reynolds_factor": [[0.9994117724234924], [0.9994114608268106], [0.9994105376452932], [0.999409037512942], [0.999407017479509], [0.9994045558829535], [0.9994017505557795], [0.9993987161955027], [0.9993955807459415], [0.9993924806985564], [0.9993895553341341], [0.9993869400776977], [0.9993847593143604], [0.9993831191795846], [0.9993821009552253], [0.999381755735883]], "form_factor": [[1.318570425966358], [1.3185718223129248], [1.3185759601967826], [1.3185826868448702], [1.3185917501280153], [1.318602802897387], [1.3186154101612193], [1.3186290599943415], [1.3186431790180109], [1.3186571530056048], [1.318670352643167], [1.3186821637314177], [1.3186920202487156], [1.3186994378570083], [1.3187040448208083], [1.3187056071126861]]}, "vertical_stabilizer": {"wetted_area": 4.605087564000001, "reference_area": 2.2580600000000004, "parasite_drag_coefficient": [[0.0012978705333582692], [0.001298338027789256], [0.0012997229762913177], [0.001301973085423173], [0.0013050022849313385], [0.0013086925200248437], [0.001312896560990818], [0.0013174420653545506], [0.0013221371017366115], [0.0013267772525272315], [0.001331154251159577], [0.0013350658894271772], [0.0013383266787940953], [0.0013407785120937554], [0.0013423004040937112], [0.001342816344073232]], "skin_friction_coefficient": [[0.003630545829392231], [0.0036318509545754797], [0.003635717364251531], [0.003641999031302813], [0.003650455615499499], [0.0036607574779027713], [0.0036724935377075553], [0.0036851826262018477], [0.0036982889194634274], [0.003711241774446231], [0.0037234598430707705], [0.003734378724672], [0.0037434807163398438], [0.0037503245590223217], [0.0037545726098639773], [0.0037560127455385055]], "compressibility_factor": [[0.9985809369996412], [0.9985800848562901], [0.9985775597152544], [0.998573455006888], [0.998567924885817], [0.9985611815274648], [0.9985534906787233], [0.9985451649281595], [0.9985365541967098], [0.9985280331224169], [0.9985199853323874], [0.9985127850437665], [0.9985067769577014], [0.9985022559128283], [0.9984994481303772], [0.9984984959979538]], "reynolds_factor": [[0.9994117724234924], [0.9994114608268106], [0.9994105376452933], [0.999409037512942], [0.999407017479509], [0.9994045558829536], [0.9994017505557795], [0.9993987161955027], [0.9993955807459415], [0.9993924806985564], [0.9993895553341341], [0.9993869400776977], [0.9993847593143604], [0.9993831191795846], [0.9993821009552253], [0.999381755735883]], "form_factor": [[1.2548757595391806], [1.2548766584161395], [1.2548793221039378], [1.2548836522226432], [1.254889486417509], [1.2548966011604616], [1.2549047163821585], [1.2549135025074227], [1.254922590431071], [1.2549315847895726], [1.2549400805452933], [1.2549476824229628], [1.2549540261810288], [1.254958800162944], [1.2549617651808707], [1.2549627706586257]]}, "fuselage": {"wetted_area": 19.354800000000004, "reference_area": 1.6799966400000002, "parasite_drag_coefficient": [[0.003795314073099443], [0.0037965218552949813], [0.0038000994779963503], [0.0038059106530037266], [0.003813731294615798], [0.0038232544998750284], [0.0038340982276973403], [0.0038458162201361248], [0.0038579126327250675], [0.0038698606039863077], [0.0038811245914287603], [0.003891185760642752], [0.0038995691050803076], [0.00390587040653642], [0.003909780753380454], [0.003911106239996924]], "skin_friction_coefficient": [[0.002660731929062359], [0.0026615794969568622], [0.002664090117805269], [0.0026681681622934637], [0.0026736563940137565], [0.0026803394609618077], [0.0026879492802795025], [0.002696172698092303], [0.0027046617528409984], [0.0027130467042968177], [0.0027209517076838457], [0.002728012632606036], [0.002733896098689319], [0.002738318401079804], [0.002741062722746564], [0.002741992964606679]], "compressibility_factor": [[0.9985809369996412], [0.9985800848562901], [0.9985775597152544], [0.998573455006888], [0.998567924885817], [0.9985611815274648], [0.9985534906787233], [0.9985451649281595], [0.9985365541967098], [0.9985280331224169], [0.9985199853323874], [0.9985127850437665], [0.9985067769577014], [0.9985022559128283], [0.9984994481303772], [0.9984984959979538]], "reynolds_factor": [[0.9994117724234926], [0.9994114608268108], [0.9994105376452933], [0.999409037512942], [0.999407017479509], [0.9994045558829536], [0.9994017505557795], [0.9993987161955027], [0.9993955807459415], [0.9993924806985564], [0.9993895553341341], [0.9993869400776977], [0.9993847593143604], [0.9993831191795846], [0.9993821009552253], [0.999381755735883]], "form_factor": [[1.1913437348683626], [1.1913433572687908], [1.1913422383163323], [1.1913404193596313], [1.1913379686315537], [1.1913349800662145], [1.191331571345661], [1.191327880936701], [1.1913240638935445], [1.1913202862783296], [1.1913167181936402], [1.1913135256211111], [1.19131086149342], [1.1913088566518917], [1.1913076115060044], [1.191307189263338]]}, "Propulsor": {"wetted_area": 0.01, "reference_area": 0.8938319931279863, "parasite_drag_coefficient": [[0.028534313628275763], [0.0285580228565783], [0.02862835221137274], [0.028742905969438758], [0.028897693118316567], [0.02908714486949368], [0.029304167307919654], [0.029540253875068628], [0.02978568377018768], [0.03002982861120963], [0.03026157958276215], [0.030469890573791118], [0.03064441096644596], [0.03077615842894211], [0.03085816277496842], [0.030886002723177652]], "skin_friction_coefficient": [[0.03135695850347813], [0.031383013074045944], [0.031460299483966114], [0.03158618502251063], [0.03175628388199129], [0.031964476403369656], [0.032202966933918234], [0.032462407437228016], [0.03273211552052093], [0.033000411430788676], [0.03325508745674053], [0.033484004794182315], [0.03367578893105623], [0.0338205689936941], [0.033910685297487156], [0.0339412792032004]], "compressibility_factor": [[0.9985809369996412], [0.9985800848562901], [0.9985775597152544], [0.998573455006888], [0.998567924885817], [0.9985611815274648], [0.9985534906787233], [0.9985451649281595], [0.9985365541967098], [0.9985280331224169], [0.9985199853323874], [0.9985127850437665], [0.9985067769577014], [0.9985022559128283], [0.9984994481303772], [0.9984984959979538]], "reynolds_factor": [[0.9994117724234926], [0.9994114608268106], [0.9994105376452933], [0.999409037512942], [0.999407017479509], [0.9994045558829536], [0.9994017505557795], [0.9993987161955027], [0.9993955807459415], [0.9993924806985565], [0.9993895553341341], [0.9993869400776977], [0.9993847593143604], [0.9993831191795846], [0.9993821009552253], [0.999381755735883]], "form_factor": 1471.0}, "pylon": {"wetted_area": 0.002, "reference_area": 16.16512896, "parasite_drag_coefficient": [[0.005706862725655153], [0.00571160457131566], [0.005725670442274548], [0.005748581193887751], [0.005779538623663314], [0.0058174289738987355], [0.005860833461583931], [0.005908050775013726], [0.005957136754037537], [0.006005965722241926], [0.00605231591655243], [0.0060939781147582245], [0.0061288821932891915], [0.006155231685788422], [0.0061716325549936845], [0.00617720054463553]], "skin_friction_coefficient": [[0.03135695850347813], [0.031383013074045944], [0.031460299483966114], [0.03158618502251063], [0.03175628388199129], [0.031964476403369656], [0.032202966933918234], [0.032462407437228016], [0.03273211552052093], [0.033000411430788676], [0.03325508745674053], [0.033484004794182315], [0.03367578893105623], [0.0338205689936941], [0.033910685297487156], [0.0339412792032004]], "compressibility_factor": [[0.9985809369996412], [0.9985800848562901], [0.9985775597152544], [0.998573455006888], [0.998567924885817], [0.9985611815274648], [0.9985534906787233], [0.9985451649281595], [0.9985365541967098], [0.9985280331224169], [0.9985199853323874], [0.9985127850437665], [0.9985067769577014], [0.9985022559128283], [0.9984994481303772], [0.9984984959979538]], "reynolds_factor": [[0.9994117724234926], [0.9994114608268106], [0.9994105376452933], [0.999409037512942], [0.999407017479509], [0.9994045558829536], [0.9994017505557795], [0.9993987161955027], [0.9993955807459415], [0.9993924806985565], [0.9993895553341341], [0.9993869400776977], [0.9993847593143604], [0.9993831191795846], [0.9993821009552253], [0.999381755735883]], "form_factor": 1471.0}, "total": [[0.05107378955356023], [0.05110811001195886], [0.05120989272901436], [0.05137560485196665], [0.051599374464704834], [0.05187303453056703], [0.05218622185710387], [0.052526563594193304], [0.05287998510381294], [0.05323116739365186], [0.053564168161390036], [0.05386319769491757], [0.05411351155664823], [0.05430235108291207], [0.05441983752259556], [0.05445971402376515]]}, "compressible": {"main_wing": {"compressibility_drag": [[9.042627703965623e-15], [9.125162842282124e-15], [9.3740083434053e-15], [9.792454694533192e-15], [1.0384512994072628e-14], [1.1152592780876977e-14], [1.2094132926666723e-14], [1.3197318279760494e-14], [1.44363841010333e-14], [1.5767515634066833e-14], [1.7126814348748513e-14], [1.8431925217965793e-14], [1.9588404813058742e-14], [2.050069132709596e-14], [2.1085945191087717e-14], [2.1287711587503776e-14]], "thickness_to_chord": 0.12, "wing_sweep": 0.0, "crest_critical": [[0.6593419710855049], [0.6591310176467322], [0.6585064649125568], [0.6574931483312648], [0.6561320966398915], [0.6544797504714961], [0.6526064632437512], [0.6505940315311929], [0.6485321308685499], [0.6465137642796303], [0.6446301120564737], [0.6429654049346841], [0.6415925151292518], [0.6405697977976004], [0.6399393470034266], [0.6397264008069087]], "divergence_mach": [[0.6725288105072149], [0.6723136379996668], [0.6716765942108079], [0.6706430112978902], [0.6692547385726894], [0.6675693454809261], [0.6656585925086262], [0.6636059121618167], [0.6615027734859209], [0.6594440395652229], [0.6575227142976032], [0.6558247130333779], [0.6544243654318368], [0.6533811937535524], [0.6527381339434951], [0.6525209288230469]]}, "horizontal_stabilizer": {"compressibility_drag": [[1.5210291871723145e-16], [1.5277377858605451e-16], [1.5477675626408636e-16], [1.580810841127191e-16], [1.6262912474327119e-16], [1.6832752205866138e-16], [1.750363586053689e-16], [1.8255818567719605e-16], [1.9062958416610182e-16], [1.9891855496475766e-16], [2.0703116742375232e-16], [2.1453011033346584e-16], [2.2096583657639155e-16], [2.2591800137873145e-16], [2.290415433436301e-16], [2.3010918673926524e-16]], "thickness_to_chord": 0.12, "wing_sweep": 0.0, "crest_critical": 0.7886487956303058, "divergence_mach": 0.804421771542912}, "vertical_stabilizer": {"compressibility_drag": [[2.0748909787579067e-17], [2.0840424210942592e-17], [2.1113657647214005e-17], [2.156441297142526e-17], [2.2184827658726586e-17], [2.2962166665945958e-17], [2.3877343346717114e-17], [2.490342300822088e-17], [2.6004471696295385e-17], [2.7135200210801534e-17], [2.824187104573937e-17], [2.9264828995843576e-17], [3.014274971135774e-17], [3.0818292439949264e-17], [3.124438610727648e-17], [3.1390027207974365e-17]], "thickness_to_chord": 0.13240535027549902, "wing_sweep": 0.4363323129985824, "crest_critical": 0.8555335917122583, "divergence_mach": 0.8790568103842639}, "total": [[9.215479532470434e-15], [9.29877704507912e-15], [9.5498987573166e-15], [9.972100191617336e-15], [1.0569326946474625e-14], [1.1343882469601585e-14], [1.229304662861881e-14], [1.340477988844591e-14], [1.46530181568957e-14], [1.5993569389242393e-14], [1.7362087387218006e-14], [1.8675720157295103e-14], [1.9839513399346492e-14], [2.0757427620914644e-14], [2.1346231120538624e-14], [2.1549210801451015e-14]]}, "induced": {"total": [[0.04080795472793213], [0.041011851023792976], [0.04162137382572791], [0.04262933998117705], [0.04402154217544353], [0.04577358467426598], [0.04784690440077585], [0.05018457303243699], [0.052707780124581924], [0.05531417160617002], [0.057879323998142884], [0.06026240875572849], [0.06231642827884525], [0.06390231689092259], [0.0649049428363274], [0.06524805408042696]], "efficiency_factor": [[0.638018174541799], [0.637893398340654], [0.6375236417157979], [0.6369225583241513], [0.6361126808568028], [0.6351250327572542], [0.6339984861800028], [0.6327787866258426], [0.6315171695073868], [0.6302685189777875], [0.6290890663323047], [0.6280336916179193], [0.6271529696124304], [0.6264901762167754], [0.6260785260097134], [0.625938929249908]], "aspect_ratio": 7.4827985312899115}, "miscellaneous": {"total_wetted_area": 71.02517348104642, "reference_area": 16.16512896, "total": [[0.0012654589885146288], [0.0012654589885146288], [0.0012654589885146288], [0.0012654589885146288], [0.0012654589885146288], [0.0012654589885146288], [0.0012654589885146288], [0.0012654589885146288], [0.0012654589885146288], [0.0012654589885146288], [0.0012654589885146288], [0.0012654589885146288], [0.0012654589885146288], [0.0012654589885146288], [0.0012654589885146288], [0.0012654589885146288]], "trim_correction_factor": 1.02}, "untrimmed": [[0.0931472032700162], [0.09338542002427577], [0.09409672554326645], [0.0952704038216683], [0.09688637562867357], [0.09891207819335898], [0.10129858524640664], [0.10397659561515832], [0.10685322421692414], [0.1098107979883525], [0.11270895114806491], [0.11539106543917937], [0.11769539882402796], [0.11947012696237005], [0.12059023934745894], [0.12097322709272829]], "trim_corrected_drag": [[0.09501014733541653], [0.09525312842476129], [0.09597866005413178], [0.09717581189810168], [0.09882410314124704], [0.10089031975722616], [0.10332455695133477], [0.10605612752746149], [0.10899028870126262], [0.11200701394811956], [0.1149631301710262], [0.11769888674796296], [0.12004930680050853], [0.12185952950161746], [0.12300204413440811], [0.12339269163458286]], "spoiler_drag": 0.0, "drag_coefficient_increment": 0.0, "total": [[0.09501014733541653], [0.09525312842476129], [0.09597866005413178], [0.09717581189810168], [0.09882410314124704], [0.10089031975722616], [0.10332455695133477], [0.10605612752746149], [0.10899028870126262], [0.11200701394811956], [0.1149631301710262], [0.11769888674796296], [0.12004930680050853], [0.12185952950161746], [0.12300204413440811], [0.12339269163458286]]}, "lift_coefficient_wing": {"main_wing": [[0.6095996913110724], [0.6109897242351139], [0.6151234804350278], [0.6218900652353033], [0.6310988499019832], [0.6424722342663548], [0.6556384402814639], [0.6701271577058525], [0.6853713451052638], [0.7007184868529414], [0.7154538778469272], [0.7288369070193602], [0.7401489178103995], [0.7487484300278332], [0.7541269914992021], [0.7559574863962211]], "horizontal_stabilizer": [[0.3128302839767648], [0.3138768078113715], [0.31698901782801303], [0.3220834239747299], [0.3290165062598756], [0.33757926589786463], [0.3474917997435326], [0.35840002202751925], [0.36987702028905045], [0.3814315305126897], [0.3925254676567247], [0.4026012426732381], [0.4111177955587132], [0.4175921706227009], [0.4216415659127919], [0.4230197034415682]], "vertical_stabilizer": [[0.0], [0.0], [0.0], [0.0], [0.0], [0.0], [0.0], [0.0], [0.0], [0.0], [0.0], [0.0], [0.0], [0.0], [0.0], [0.0]]}}, "stability": {"static": {"Cm_alpha": [[-5.336612244743804, -5.336612244743804, -5.336612244743804, -5.336612244743804, -5.336612244743804, -5.336612244743804, -5.336612244