{"numerics": {"tolerance_boundary_conditions": 1e-08, "solver_jacobian": "none", "time": {"integrate": [], "control_points": [], "differentiate": []}, "number_control_points": 16, "tag": "numerics", "tolerance_solution": 1e-08, "converged": null, "discretization_method": null, "dimensionless": {"integrate": [], "control_points": [], "differentiate": []}}, "segments": {"climb_3": {"numerics": {"tolerance_boundary_conditions": 1e-08, "solver_jacobian": "none", "time": {"integrate": [[0.0, 0.0, 0.0, 0.0, 0.0, 0.0, 0.0, 0.0, 0.0, 0.0, 0.0, 0.0, 0.0, 0.0, 0.0, 0.0], [0.0, 5.039451688961575, -3.047253338129961, 2.9080814045789523, -2.864011269303148, 2.844360320501914, -2.8339104624667746, 2.827720423993886, -2.823783690860908, 2.8211590950964407, -2.8193585471743248, 2.8181101573642766, -2.817255004927498, 2.8166980593660735, -2.8163834306945916, 1.4081408140814036], [0.0, 8.521925430867004, 5.7736749911166525, -0.8461920946039612, 0.37711596681837606, -0.20858256416480345, 0.12691212708151584, -0.08086800845148012, 0.05243629976647156, -0.03383588037739193, 0.021235873871401217, -0.012575249185790897, 0.006677963933822821, -0.0028524806976181357, 0.0006967103464458691, -6.784817712900598e-15], [0.0, 7.990782851449337, 13.038599038249533, 11.550040183894119, -4.112850080039461, 3.3993985091316947, -3.140306492453249, 3.012869014783787, -2.940033954002598, 2.894624605103748, -2.864823856302583, 2.844775907267378, -2.831323502062457, 2.8226820593654023, -2.8178415341011944, 1.4081408140813976], [0.0, 8.222609943689411, 11.753752391474913, 22.25830546451231, 11.402428761121994, -1.7343390449335294, 0.7865915837536009, -0.43664926704372325, 0.26197163653414496, -0.1610989107489326, 0.09797216735087665, -0.05680121489814253, 0.02973871760942153, -0.012587623380230424, 0.003058843059517577, -9.579578429182924e-15], [0.0, 8.096289632372176, 12.355086904130363, 20.270434971330225, 25.0380502624966, 16.293431540956302, -4.849705972897746, 3.72708402264101, -3.3126441808204024, 3.105807414813122, -2.9867821947029176, 2.913114339480208, -2.866303723309921, 2.837276707984156, -2.821359746475189, 1.4081408140813967], [0.0, 8.172534329970599, 12.014431083619087, 21.222750209358704, 22.466923965606934, 32.20591398671245, 14.969952255149984, -2.2410010397559494, 0.9874856372170291, -0.5240941276477945, 0.293175798948675, -0.16145485174292307, 0.08182086372859505, -0.03394081594298026, 0.008157061221834423, -8.973917303708058e-15], [0.0, 8.124034056047007, 12.224051060778045, 20.67813929723364, 23.70234480566985, 29.208700446652315, 32.40689334036989, 18.56995453190775, -5.123970625124622, 3.8027999547385085, -3.3173230972680456, 3.078130202971344, -2.944956601590845, 2.868695571543002, -2.8287566518946186, 1.408140814081398], [0.0, 8.155628312668703, 12.090152610353517, 21.012475324696528, 23.000612756008934, 30.634692196815465, 29.164118099166895, 36.711332309951814, 15.833688781082236, -2.2562569146273046, 0.9249502810579181, -0.4398834748524041, 0.20566105403486679, -0.08148450704433771, 0.01911923288988502, -4.58159650490745e-15], [0.0, 8.134996227715066, 12.176507369676681, 20.801979487539917, 23.423916182560372, 29.840474928761576, 30.674730553390383, 33.416157675772965, 33.82836272458315, 17.996965798755426, -4.888544887165057, 3.611818993373357, -3.1552314862530366, 2.944417098277444, -2.8456626691965248, 1.4081408140814045], [0.0, 8.148231407249275, 12.121571473912363, 20.933822446415608, 23.165628619500055, 30.304151294250314, 29.86111063909229, 34.90000586564758, 30.676559290348987, 35.00034239864029, 13.840219186753856, -1.7755889316791547, 0.613365379938259, -0.21252035039664696, 0.046863656564694996, 1.3916646673817473e-15], [0.0, 8.140094445877375, 12.155154177113939, 20.854061633659104, 23.31926254571555, 30.03567856035931, 30.311735336491513, 34.14167167645581, 32.02401095187093, 32.180326470151755, 29.051708144480806, 14.67631419785828, -4.190786741406652, 3.2050957904216126, -2.895738282915353, 1.4081408140814036], [0.0, 8.144713194875266, 12.136166122531103, 20.89884222516812, 23.23396705171285, 30.182192955849903, 30.072293448801624, 34.527395638829724, 31.39077429820616, 33.29094291819575, 26.73425221857838, 27.375311410856877, 9.333760167374402, -0.896032484515861, 0.15237043748754459, -1.0261674855036448e-14], [0.0, 8.142456578590416, 12.145419034431294, 20.87712238733464, 23.275036580003142, 30.112414853838665, 30.184472306119897, 34.351207013223394, 31.668229693278583, 32.84000592682377, 27.525951663711982, 25.70162699216181, 18.913710817709656, 9.185173190779816, -3.1950537700929478, 1.4081408140813951], [0.0, 8.143255091468632, 12.142150122530442, 20.88477372803313, 23.26063280161592, 30.13672764672158, 30.145758958808898, 34.41114537568798, 31.575922888996043, 32.98454688820924, 27.289290407208103, 26.126472600120515, 17.97571894668959, 15.189819891863616, 3.1037015999752966, -1.1603446779755485e-14], [0.0, 8.143153288936848, 12.1425665537337, 20.88380035126845, 23.262461330817366, 30.133650727710044, 30.150636425742526, 34.403643312989864, 31.587361684827123, 32.966918053905275, 27.317369099547182, 26.078742958980182, 18.067518723105728, 14.958848181896457, 5.326871660774059, 1.4081408140813916]], "control_points": [[0.0], [3.4617662203872146], [13.695769086320642], [30.254733564364734], [52.41495344810162], [79.20792079207912], [109.46265435644386], [141.85687710611418], [174.97480606220233], [207.36902881187268], [237.62376237623738], [264.41672972021485], [286.5769496039518], [303.1359140819959], [313.3699169479293], [316.83168316831654]], "differentiate": [[-0.47448958333333513, 0.5777397642340767, -0.1460304994480086, 0.06610535821593491, -0.03815705001017103, 0.02525000000000003, -0.018271071643186986, 0.014098717247976114, -0.011430216983861171, 0.009644641784065164, -0.008416666666666675, 0.007563817925273654, -0.006978928356813037, 0.0065977005926754545, -0.006382233557959321, 0.003156250000000003], [-0.14443494105851917, 0.07141969133451495, 0.09771347664253283, -0.03732322691852862, 0.020427679107967438, -0.013201990327489485, 0.00943388322102035, -0.007225688780477956, 0.005830460476487914, -0.004904190205345618, 0.004270547810561174, -0.003832078863679711, 0.003532131297406256, -0.0033369578495032744, 0.0032267625025427515, -0.0015955583894898303], [0.03650762486200215, -0.09771347664253283, 0.017429099856916503, 0.06039024972400435, -0.0258269903274895, 0.015264343697508268, -0.010442022805475683, 0.007802679107967429, -0.006200433849003848, 0.005163335410459178, -0.004465721258464156, 0.00398849780039018, -0.0036645986289823634, 0.0034549457540347128, -0.0033369578495032744, 0.0016494251481688638], [-0.016526339553983728, 0.03732322691852862, -0.06039024972400435, 0.007390803732390282, 0.04512590602649605, -0.020427679107967448, 0.012625000000000011, -0.008960401371017647, 0.006909891508069427, -0.005646071643186974, 0.004822320892032583, -0.004270547810561175, 0.0039013395539837146, -0.0036645986289823634, 0.003532131297406256, -0.0017447320892032593], [0.009539262502542757, -0.020427679107967438, 0.0258269903274895, -0.04512590602649605, 0.003824154010612148, 0.03732322691852864, -0.01752919020534563, 0.011180439318630598, -0.008159278741535858, 0.006453525005085503, -0.0053993112195220554, 0.004716941610510177, -0.004270547810561173, 0.003988497800390179, -0.00383207886367971, 0.0018909544813184129], [-0.006312500000000007, 0.013201990327489485, -0.015264343697508268, 0.020427679107967448, -0.03732322691852864, 0.002104166666666692, 0.033052679107967435, -0.01596195784950328, 0.010442022805475683, -0.007802679107967429, 0.006312500000000007, -0.005399311219522056, 0.004822320892032582, -0.004465721258464154, 0.004270547810561173, -0.0021041666666666682], [0.0045677679107967465, -0.00943388322102035, 0.010442022805475683, -0.012625000000000011, 0.01752919020534563, -0.033052679107967435, 0.0010783037323902284, 0.03086970191344311, -0.015264343697508268, 0.010213839553983719, -0.007802679107967432, 0.006453525005085506, -0.005646071643186974, 0.005163335410459176, -0.004904190205345618, 0.002411160446016291], [-0.0035246793119940284, 0.007225688780477956, -0.007802679107967429, 0.008960401371017647, -0.011180439318630598, 0.01596195784950328, -0.03086970191344311, 0.0003335625330143244, 0.030195124862002192, -0.015264343697508266, 0.010442022805475687, -0.008159278741535861, 0.006909891508069427, -0.006200433849003845, 0.005830460476487914, -0.002857554245965293], [0.002857554245965293, -0.005830460476487914, 0.006200433849003848, -0.006909891508069427, 0.008159278741535858, -0.010442022805475683, 0.015264343697508268, -0.030195124862002192, -0.000333562533014316, 0.03086970191344309, -0.015961957849503286, 0.011180439318630605, -0.008960401371017645, 0.007802679107967427, -0.007225688780477955, 0.003524679311994028], [-0.002411160446016291, 0.004904190205345618, -0.005163335410459178, 0.005646071643186974, -0.006453525005085503, 0.007802679107967429, -0.010213839553983719, 0.015264343697508266, -0.03086970191344309, -0.0010783037323902846, 0.0330526791079675, -0.01752919020534565, 0.012625000000000011, -0.010442022805475681, 0.00943388322102035, -0.0045677679107967465], [0.0021041666666666687, -0.004270547810561174, 0.004465721258464156, -0.004822320892032583, 0.0053993112195220554, -0.006312500000000007, 0.007802679107967432, -0.010442022805475687, 0.015961957849503286, -0.0330526791079675, -0.002104166666666678, 0.03732322691852867, -0.020427679107967424, 0.015264343697508254, -0.013201990327489477, 0.006312500000000003], [-0.0018909544813184135, 0.003832078863679711, -0.00398849780039018, 0.004270547810561175, -0.004716941610510177, 0.005399311219522056, -0.006453525005085506, 0.008159278741535861, -0.011180439318630605, 0.01752919020534565, -0.03732322691852867, -0.0038241540106120305, 0.04512590602649591, -0.025826990327489443, 0.02042767910796741, -0.009539262502542745], [0.0017447320892032593, -0.003532131297406256, 0.0036645986289823634, -0.0039013395539837146, 0.004270547810561173, -0.004822320892032582, 0.005646071643186974, -0.006909891508069427, 0.008960401371017645, -0.012625000000000011, 0.020427679107967424, -0.04512590602649591, -0.007390803732390332, 0.06039024972400429, -0.03732322691852862, 0.016526339553983728], [-0.0016494251481688636, 0.0033369578495032744, -0.0034549457540347128, 0.0036645986289823634, -0.003988497800390179, 0.004465721258464154, -0.005163335410459176, 0.006200433849003845, -0.007802679107967427, 0.010442022805475681, -0.015264343697508254, 0.025826990327489443, -0.06039024972400429, -0.017429099856916652, 0.09771347664253299, -0.0365076248620022], [0.0015955583894898303, -0.0032267625025427515, 0.0033369578495032744, -0.003532131297406256, 0.00383207886367971, -0.004270547810561173, 0.004904190205345618, -0.005830460476487914, 0.007225688780477955, -0.00943388322102035, 0.013201990327489477, -0.02042767910796741, 0.03732322691852862, -0.09771347664253299, -0.07141969133451483, 0.14443494105851917], [-0.003156250000000003, 0.006382233557959321, -0.006597700592675455, 0.006978928356813037, -0.0075638179252736516, 0.008416666666666673, -0.009644641784065164, 0.011430216983861171, -0.014098717247976112, 0.018271071643186986, -0.025250000000000012, 0.03815705001017098, -0.06610535821593491, 0.1460304994480088, -0.5777397642340767, 0.47448958333333496]]}, "number_control_points": 16, "tag": "numerics", "tolerance_solution": 1e-08, "converged": null, "discretization_method": null, "dimensionless": {"integrate": [[0.0, 0.0, 0.0, 0.0, 0.0, 0.0, 0.0, 0.0, 0.0, 0.0, 0.0, 0.0, 0.0, 0.0, 0.0, 0.0], [0.0, 0.015905769393284985, -0.009617893348472698, 0.009178631933202326, -0.009039535568738068, 0.008977512261584174, -0.008944529897160765, 0.00892499258823071, -0.00891256727427975, 0.00890428339389815, -0.00889860041451897, 0.008894660184181006, -0.008891961109302423, 0.008890203249874178, -0.008889210203129813, 0.004444444444444434], [0.0, 0.026897327141174005, 0.01822316169071195, -0.002670793798593755, 0.0011902722702705005, -0.0006583387181451615, 0.00040056640110103475, -0.00025523965167498436, 0.000165502071137926, -0.00010679449744114337, 6.702572690661016e-05, -3.9690630242652555e-05, 2.1077323666128297e-05, -9.003142201857249e-06, 2.198992030969776e-06, -2.1414580906342534e-17], [0.0, 0.025220908374886993, 0.04115307821447513, 0.03645481433041584, -0.01298118306512456, 0.010729351544446921, -0.009911592366805576, 0.009509367827911336, -0.009279482167320708, 0.009136158909858713, -0.009042100296455035, 0.00897882395731267, -0.008936364803384639, 0.008909090249872059, -0.008893812342006903, 0.004444444444444415], [0.0, 0.02595261263476973, 0.03709778098559273, 0.07025277662236705, 0.035988915777291325, -0.0054740076105714575, 0.0024826796862223053, -0.0013781742491067528, 0.0008268479778108957, -0.000508468437051319, 0.0003092246532012047, -0.00017927883452226252, 9.386282745473679e-05, -3.972968629385231e-05, 9.65447340660236e-06, -3.023554441710863e-17], [0.0, 0.025553914152174704, 0.0389957430411615, 0.06397856037826108, 0.07902634614100497, 0.051426143301143375, -0.015306884476958525, 0.011763608946460698, -0.010455533195714404, 0.009802704653003926, -0.009427031302031092, 0.009194517133984415, -0.009046771126696947, 0.008955154609575, -0.008904916699812323, 0.004444444444444412], [0.0, 0.025794561478969726, 0.03792054810767278, 0.06698430534828848, 0.07091122876644695, 0.10164991602056128, 0.04724891180531718, -0.007073159531729722, 0.003116751542466251, -0.001654172090388353, 0.0009253361154317564, -0.0005095918758136014, 0.00025824710114337836, -0.00010712570032003154, 2.574572448141492e-05, -2.8323926489828586e-17], [0.0, 0.025641482489398387, 0.03858216116058074, 0.06526537715689373, 0.07481052579289553, 0.09218996078474645, 0.10228425710554256, 0.05861141899133389, -0.016172532285549605, 0.012002587357143428, -0.010470301025752278, 0.009715348453128313, -0.009295019273771113, 0.009054320397682608, -0.008928263182542398, 0.004444444444444417], [0.0, 0.025741201861860616, 0.03815954417642832, 0.06632062524357347, 0.07259568401115327, 0.0966907472461989, 0.0920492477504956, 0.11587014260328553, 0.04997508021529085, -0.007121310886792437, 0.0029193743245890568, -0.0013883822175029016, 0.0006491177017975488, -0.00025718547535869116, 6.034507880869965e-05, -1.4460663968614153e-17], [0.0, 0.0256760818437257, 0.03843210138554206, 0.06565624775754793, 0.07393173545120624, 0.09418399899390381, 0.09681711830913849, 0.10546974766415852, 0.10677076984946567, 0.05680292330232187, -0.015429469800114727, 0.011399803697834669, -0.009958699378486155, 0.009293316466438191, -0.00898162279965154, 0.004444444444444437], [0.0, 0.025717855379130548, 0.03825870996453593, 0.06607237709649932, 0.07311651533029712, 0.09564747752247764, 0.09424913045463512, 0.11015314351345026, 0.09682289026016408, 0.11046983069570852, 0.0436831918081919, -0.005604202565612337, 0.0019359344804301317, -0.0006707673559394175, 0.0001479134160323187, 4.392441606423644e-18], [0.0, 0.02569217309480049, 0.03836470537151591, 0.0658206320312366, 0.07360142240991477, 0.09480011045613417, 0.09567141465580142, 0.10775965122881374, 0.1010757845668427, 0.10156915542141656, 0.09169445383101762, 0.04632211668699024, -0.013227170652564757, 0.010116083588518223, -0.009139673955451592, 0.004444444444444434], [0.0, 0.02570675102132508, 0.03830477432423883, 0.06596197077318694, 0.07333220850696874, 0.09526254651690134, 0.09491567619778021, 0.10897709248505641, 0.09907713137871328, 0.10507453858555543, 0.08437998356488809, 0.0864033266405171, 0.029459680528275484, -0.002828102529253189, 0.00048091919332006304, -3.238841126120882e-17], [0.0, 0.025699628576176022, 0.03833397882742381, 0.06589341753502502, 0.07346183420563498, 0.09504230938242837, 0.09526974071619101, 0.10842099713548643, 0.09995284996941062, 0.10365126870653761, 0.08687878493859102, 0.08112076019401078, 0.059696399768396156, 0.02899070288339882, -0.010084388461855876, 0.004444444444444407], [0.0, 0.025702148882447894, 0.038323661324236744, 0.06591756707910464, 0.07341637228010031, 0.09511904663496508, 0.09514755171374067, 0.10861017759201529, 0.09966150661839385, 0.1041074761159105, 0.08613182284775066, 0.08246167914413045, 0.056735862925489065, 0.04794286903369458, 0.009796058174922039, -3.662337889860328e-17], [0.0, 0.025701827568206947, 0.03832497568522202, 0.06591449485869111, 0.07342214357539238, 0.09510933510933492, 0.09516294621874993, 0.10858649920662436, 0.09969761031773569, 0.10405183510763862, 0.08622044622044588, 0.08231103246428127, 0.0570256059698025, 0.04721386457411073, 0.01681293867931814, 0.004444444444444396]], "control_points": [[0.0], [0.010926199633097156], [0.04322727117869957], [0.09549150281252627], [0.16543469682057088], [0.24999999999999994], [0.3454915028125263], [0.4477357683661733], [0.5522642316338267], [0.6545084971874737], [0.7499999999999999], [0.8345653031794289], [0.9045084971874737], [0.9567727288213005], [0.9890738003669028], [1.0]], "differentiate": [[-150.33333333333377, 183.04626193554887, -46.26708893402249, 20.944271909999163, -12.089362379460118, 8.000000000000002, -5.788854381999832, 4.466920316190448, -3.6214548859758136, 3.0557280900008412, -2.666666666666667, 2.396457164443136, -2.211145618000168, 2.0903605838179637, -2.0220938005415654, 1.0], [-45.76156548388722, 22.628021016876005, 30.958725272881658, -11.825180805870444, 6.472135954999579, -4.182808816630328, 2.9889530997292173, -2.2893271383692513, 1.8472746064120107, -1.5538028373372241, 1.353044850870866, -1.2141239964133728, 1.1190911041287137, -1.0572539721198484, 1.0223405948650293, -0.5055234501353914], [11.566772233505622, -30.958725272881658, 5.522091043775521, 19.133544467011262, -8.18280881663033, 4.836227706141229, -3.3083636611408074, 2.472135954999579, -1.9644938927536926, 1.6359082488583518, -1.4148819828797312, 1.263682471410749, -1.1610609517567874, 1.0946362785060466, -1.0572539721198484, 0.522590145954491], [-5.236067977499791, 11.825180805870444, -19.133544467011262, 2.341640786499889, 14.297316760870023, -6.472135954999581, 4.0, -2.8389390482432124, 2.1892725570120937, -1.7888543819998317, 1.5278640450004208, -1.3530448508708661, 1.2360679774997896, -1.1610609517567874, 1.1190911041287137, -0.552786404500042], [3.0223405948650295, -6.472135954999579, 8.18280881663033, -14.297316760870023, 1.2116131518771152, 11.82518080587045, -5.553802837337225, 3.5423174078829587, -2.5851180171202697, 2.0446811897300585, -1.7106728616307487, 1.494476549864609, -1.3530448508708657, 1.2636824714107486, -1.2141239964133723, 0.5991142911107837], [-2.0000000000000004, 4.182808816630328, -4.836227706141229, 6.472135954999581, -11.82518080587045, 0.6666666666666741, 10.472135954999574, -5.057253972119846, 3.3083636611408074, -2.472135954999579, 2.0000000000000004, -1.710672861630749, 1.5278640450004206, -1.4148819828797308, 1.3530448508708657, -0.6666666666666666], [1.447213595499958, -2.9889530997292173, 3.3083636611408074, -4.0, 5.553802837337225, -10.472135954999574, 0.34164078649987406, 9.780499616140382, -4.836227706141229, 3.2360679774997894, -2.47213595499958, 2.0446811897300594, -1.7888543819998317, 1.6359082488583514, -1.5538028373372241, 0.7639320225002103], [-1.116730079047612, 2.2893271383692513, -2.472135954999579, 2.8389390482432124, -3.5423174078829587, 5.057253972119846, -9.780499616140382, 0.10568317877681555, 9.566772233505636, -4.836227706141228, 3.3083636611408087, -2.5851180171202706, 2.1892725570120937, -1.9644938927536917, 1.8472746064120107, -0.9053637214939534], [0.9053637214939534, -1.8472746064120107, 1.9644938927536926, -2.1892725570120937, 2.5851180171202697, -3.3083636611408074, 4.836227706141229, -9.566772233505636, -0.10568317877681288, 9.780499616140377, -5.057253972119849, 3.542317407882961, -2.838939048243212, 2.4721359549995787, -2.289327138369251, 1.1167300790476118], [-0.7639320225002103, 1.5538028373372241, -1.6359082488583518, 1.7888543819998317, -2.0446811897300585, 2.472135954999579, -3.2360679774997894, 4.836227706141228, -9.780499616140377, -0.3416407864998918, 10.472135954999594, -5.553802837337231, 4.0, -3.308363661140807, 2.9889530997292173, -1.447213595499958], [0.6666666666666667, -1.353044850870866, 1.4148819828797312, -1.5278640450004208, 1.7106728616307487, -2.0000000000000004, 2.47213595499958, -3.3083636611408087, 5.057253972119849, -10.472135954999594, -0.6666666666666696, 11.82518080587046, -6.472135954999574, 4.836227706141225, -4.182808816630326, 1.9999999999999991], [-0.599114291110784, 1.2141239964133728, -1.263682471410749, 1.3530448508708661, -1.494476549864609, 1.710672861630749, -2.0446811897300594, 2.5851180171202706, -3.542317407882961, 5.553802837337231, -11.82518080587046, -1.2116131518770779, 14.297316760869979, -8.182808816630311, 6.47213595499957, -3.0223405948650255], [0.552786404500042, -1.1190911041287137, 1.1610609517567874, -1.2360679774997896, 1.3530448508708657, -1.5278640450004206, 1.7888543819998317, -2.1892725570120937, 2.838939048243212, -4.0, 6.472135954999574, -14.297316760869979, -2.341640786499905, 19.13354446701124, -11.825180805870444, 5.236067977499791], [-0.5225901459544909, 1.0572539721198484, -1.0946362785060466, 1.1610609517567874, -1.2636824714107486, 1.4148819828797308, -1.6359082488583514, 1.9644938927536917, -2.4721359549995787, 3.308363661140807, -4.836227706141225, 8.182808816630311, -19.13354446701124, -5.522091043775568, 30.95872527288171, -11.566772233505636], [0.5055234501353914, -1.0223405948650293, 1.0572539721198484, -1.1190911041287137, 1.2141239964133723, -1.3530448508708657, 1.5538028373372241, -1.8472746064120107, 2.289327138369251, -2.9889530997292173, 4.182808816630326, -6.47213595499957, 11.825180805870444, -30.95872527288171, -22.628021016875962, 45.76156548388722], [-1.0, 2.0220938005415654, -2.090360583817964, 2.211145618000168, -2.396457164443135, 2.6666666666666665, -3.0557280900008412, 3.6214548859758136, -4.466920316190447, 5.788854381999832, -7.9999999999999964, 12.089362379460102, -20.944271909999163, 46.267088934022546, -183.04626193554887, 150.3333333333337]]}}, "unknowns": {"tag": "unknowns", "throttle": [[0.19035941610911855], [0.19045980107445068], [0.19081722715931962], [0.1916407140912894], [0.19324904073003982], [0.19617831389686485], [0.2013293383989001], [0.2103817889825357], [0.2262336124893924], [0.2532947187157668], [0.2966949331468786], [0.35961211561674095], [0.44112612981638877], [0.5242113663629149], [0.809419185251731], [0.9776875422789014]], "body_angle": [[-0.2979378879435479], [-0.2984372858826565], [-0.29987443307984646], [-0.3020780252847362], [-0.3048191515619782], [-0.30785765056719555], [-0.3109878774229454], [-0.31405316055727506], [-0.3169529765337417], [-0.3196317170324029], [-0.3220730699409779], [-0.3242885065823947], [-0.3253631580795399], [-0.32574155047538694], [-0.32574329766742494], [-0.32567645391225974]]}, "conditions": {"freestream": {"stagnation_temperature": [[269.60006837321623], [269.7289358918828], [270.11757265916583], [270.7705533729556], [271.6907683588404], [272.8734958606642], [274.30017390525853], [275.93336994045336], [277.71422142870216], [279.5631412758387], [281.38396664867827], [283.07111375779647], [284.51880214358505], [285.631105020024], [286.3314913752691], [286.5706311729847]], "reynolds_number": [[8382291.360671124], [8418660.737385463], [8525220.750749554], [8694623.571898414], [8915558.535972916], [9173983.628646836], [9454546.135431599], [9741972.150387654], [10022233.998290388], [10283366.82974016], [10515883.107776288], [10712808.26929524], [10869418.598979268], [10982796.128473906], [11051324.690792393], [11074240.36500064]], "temperature": [[249.18669437039358], [249.0732759338829], [248.73798119080647], [248.19547441090714], [247.46948088993832], [246.5917474205789], [245.6006517972798], [244.53952264673438], [243.45474351279344], [242.393724444691], [241.4028299520241], [240.52535388417363], [239.7996295285318], [239.25735713664693], [238.9222214764545], [238.80885931082057]], "mach_number": [[0.6400000000000001], [0.643933431867915], [0.6555618176243319], [0.6743769410125094], [0.6995564908554055], [0.73], [0.7643769410125094], [0.8011848766118224], [0.8388151233881775], [0.8756230589874905], [0.9099999999999999], [0.9404435091445943], [0.9656230589874905], [0.984438182375668], [0.996066568132085], [1.0]], "density": [[0.6601103927204219], [0.658832651460723], [0.6550663745735794], [0.6490074505537003], [0.6409664611399202], [0.6313468507081663], [0.6206180271406481], [0.6092862766946444], [0.5978662828691502], [0.5868555487566618], [0.5767132669811037], [0.5678443264934744], [0.5605883499924564], [0.555213041579006], [0.551910761271024], [0.5507971481634364]], "speed_of_sound": [[316.9017563721717], [316.8296285392539], [316.61630359720334], [316.27083916500266], [315.8079404468817], [315.24738359254764], [314.6132284028059], [313.9328420825728], [313.23576395590425], [312.55245005958676], [311.91294574224526], [311.34554288072263], [310.875484870277], [310.52378581760394], [310.3062291591932], [310.2326044466124]], "altitude": [[6000.0], [6017.481919412956], [6069.163633885919], [6152.786404500042], [6264.6955149129135], [6400.0], [6552.786404500042], [6716.377229385877], [6883.622770614123], [7047.213595499958], [7200.0], [7335.3044850870865], [7447.213595499958], [7530.836366114081], [7582.518080587044], [7600.0]], "dynamic_pressure": [[13538.211885559294], [13672.380430010358], [14070.665975295151], [14720.037100862228], [15597.768619237622], [16670.637831672695], [17894.888453979842], [19217.455402582327], [20578.548856190515], [21915.274086475], [23165.678437929084], [24272.556443674097], [25186.497172004525], [25867.93729439319], [26288.2740432895], [26430.297822072105]], "gravity": [[9.80665], [9.80665], [9.80665], [9.80665], [9.80665], [9.80665], [9.80665], [9.80665], [9.80665], [9.80665], [9.80665], [9.80665], [9.80665], [9.80665], [9.80665], [9.80665]], "universal_gas_constant": 287.87, "pressure": [[47217.535873183915], [47104.68967884966], [46772.36304518016], [46238.681382580646], [45532.22282199917], [44689.80465826528], [43753.80240629976], [42769.32106804997], [41781.5168107554], [40833.300684336355], [39963.562782150344], [39205.95643460375], [38588.19599087528], [38131.76077365183], [37851.86704510829], [37757.56831724586]], "specific_heat_at_constant_pressure": 1007.5450000000002, "velocity": [[202.52906891952227], [203.72743044590743], [207.26676593583548], [212.98283759363278], [220.61172066191187], [229.8037423565921], [240.14154610319343], [251.16102142849593], [262.3737243522513], [273.2894354636336], [283.43764996539153], [292.3870356175616], [299.7621877705371], [305.2573067453863], [308.6466755324734], [309.7919902602911]], "dynamic_viscosity": [[1.5949283730345458e-05], [1.5943424656597087e-05], [1.592609656697053e-05], [1.5898037137006882e-05], [1.5860443662402962e-05], [1.5814925651789663e-05], [1.5763440195034325e-05], [1.570821197542663e-05], [1.5651640475344496e-05], [1.5596197653338166e-05], [1.554432009386928e-05], [1.5498300272165737e-05], [1.546018204213747e-05], [1.5431665648688657e-05], [1.5414027406037978e-05], [1.540805862391389e-05]], "isentropic_expansion_factor": 1.4, "stagnation_pressure": [[62199.42082532428], [62253.75737780054], [62420.44755482195], [62709.299613567026], [63132.817845301724], [63701.30281278454], [64417.48853685613], [65271.77652341008], [66239.00185999463], [67277.42743854952], [68330.35325087768], [69330.36279039386], [70205.81719773465], [70888.78875023553], [71323.2796638677], [71472.40203075125]]}, "energies": {"propulsion_power": [[0.0], [0.0], [0.0], [0.0], [0.0], [0.0], [0.0], [0.0], [0.0], [0.0], [0.0], [0.0], [0.0], [0.0], [0.0], [0.0]], "total_efficiency": [[0.0], [0.0], [0.0], [0.0], [0.0], [0.0], [0.0], [0.0], [0.0], [0.0], [0.0], [0.0], [0.0], [0.0], [0.0], [0.0]], "gravity_energy": [[0.0], [0.0], [0.0], [0.0], [0.0], [0.0], [0.0], [0.0], [0.0], [0.0], [0.0], [0.0], [0.0], [0.0], [0.0], [0.0]], "total_energy": [[0.0], [0.0], [0.0], [0.0], [0.0], [0.0], [0.0], [0.0], [0.0], [0.0], [0.0], [0.0], [0.0], [0.0], [0.0], [0.0]]}, "aerodynamics": {"drag_coefficient": [[0.024389927592603236], [0.02419539605625426], [0.023652859559862932], [0.02287761792014535], [0.022026870889051323], [0.021285772386202398], [0.020872585059121276], [0.021081348529584695], [0.022325044967059067], [0.025141505907432086], [0.030068756489029676], [0.03732440830628934], [0.046691177765016856], [0.0560468446490706], [0.0912897467721301], [0.11198521889698587]], "angle_of_attack": [[-0.3228751647023622], [-0.3232278469314702], [-0.3242415802103334], [-0.32579107824596854], [-0.32771204735383697], [-0.32983469275120375], [-0.33201869181658616], [-0.3341611386944618], [-0.33620151930925857], [-0.3381113462550622], [-0.3398909823501671], [-0.3415609930313465], [-0.34221064288821507], [-0.3422857257272806], [-0.34210577861234875], [-0.3419784366701597]], "lift_coefficient_wing": {"horizontal_stabilizer": [[0.0], [0.0], [0.0], [0.0], [0.0], [0.0], [0.0], [0.0], [0.0], [0.0], [0.0], [0.0], [0.0], [0.0], [0.0], [0.0]], "canard": [[0.0], [0.0], [0.0], [0.0], [0.0], [0.0], [0.0], [0.0], [0.0], [0.0], [0.0], [0.0], [0.0], [0.0], [0.0], [0.0]], "main_wing": [[0.0], [0.0], [0.0], [0.0], [0.0], [0.0], [0.0], [0.0], [0.0], [0.0], [0.0], [0.0], [0.0], [0.0], [0.0], [0.0]], "vertical_stabilizer": [[0.0], [0.0], [0.0], [0.0], [0.0], [0.0], [0.0], [0.0], [0.0], [0.0], [0.0], [0.0], [0.0], [0.0], [0.0], [0.0]]}, "roll_angle": [[0.0], [0.0], [0.0], [0.0], [0.0], [0.0], [0.0], [0.0], [0.0], [0.0], [0.0], [0.0], [0.0], [0.0], [0.0], [0.0]], "lift_coefficient": [[0.4752521488283567], [0.4705615722989041], [0.4571380829345702], [0.4368447737570501], [0.4121161640315722], [0.38550155016544574], [0.359127377533529], [0.3346264815588414], [0.31304970400023324], [0.29507639416266274], [0.28102199520031423], [0.2709504800416217], [0.2645831695702996], [0.261069283930404], [0.2694908299317115], [0.2754504477030075]], "drag_breakdown": {"total": [[0.024389927592603236], [0.02419539605625426], [0.023652859559862932], [0.02287761792014535], [0.022026870889051323], [0.021285772386202398], [0.020872585059121276], [0.021081348529584695], [0.022325044967059067], [0.025141505907432086], [0.030068756489029676], [0.03732440830628934], [0.046691177765016856], [0.0560468446490706], [0.0912897467721301], [0.11198521889698587]], "compressible": {"vertical_stabilizer": {"divergence_mach": [[0.9331177545920408], [0.9331177545920408], [0.9331177545920408], [0.9331177545920408], [0.9331177545920408], [0.9331177545920408], [0.9331177545920408], [0.9331177545920408], [0.9331177545920408], [0.9331177545920408], [0.9331177545920408], [0.9331177545920408], [0.9331177545920408], [0.9331177545920408], [0.0], [0.0]]}, "total_lift": [[0.0], [0.0], [0.0], [0.0], [0.0], [0.0], [0.0], [0.0], [0.0], [0.0], [0.0], [0.0], [0.0], [0.0], [0.0], [0.0]], "main_wing": {"divergence_mach": [[0.9331177545920408], [0.9331177545920408], [0.9331177545920408], [0.9331177545920408], [0.9331177545920408], [0.9331177545920408], [0.9331177545920408], [0.9331177545920408], [0.9331177545920408], [0.9331177545920408], [0.9331177545920408], [0.9331177545920408], [0.9331177545920408], [0.9331177545920408], [0.0], [0.0]]}, "horizontal_stabilizer": {"divergence_mach": [[0.9331177545920408], [0.9331177545920408], [0.9331177545920408], [0.9331177545920408], [0.9331177545920408], [0.9331177545920408], [0.9331177545920408], [0.9331177545920408], [0.9331177545920408], [0.9331177545920408], [0.9331177545920408], [0.9331177545920408], [0.9331177545920408], [0.9331177545920408], [0.0], [0.0]]}, "canard": {"divergence_mach": [[0.9331177545920408], [0.9331177545920408], [0.9331177545920408], [0.9331177545920408], [0.9331177545920408], [0.9331177545920408], [0.9331177545920408], [0.9331177545920408], [0.9331177545920408], [0.9331177545920408], [0.9331177545920408], [0.9331177545920408], [0.9331177545920408], [0.9331177545920408], [0.0], [0.0]]}, "total": [[0.00013190191068655766], [0.000142317268962135], [0.00017783195653211714], [0.0002536046523534928], [0.0004035433675919634], [0.0006969114042011657], [0.0012670579720383244], [0.0023527268856901058], [0.004336421840019897], [0.007737821482844055], [0.013086641249804814], [0.02061908045247324], [0.02984525966977596], [0.03922085689006722], [0.07378181787653926], [0.0939624449759383]], "total_volume": [[0.0], [0.0], [0.0], [0.0], [0.0], [0.0], [0.0], [0.0], [0.0], [0.0], [0.0], [0.0], [0.0], [0.0], [0.0], [0.0]]}, "miscellaneous": {"fuselage_base": [[0.0], [0.0], [0.0], [0.0], [0.0], [0.0], [0.0], [0.0], [0.0], [0.0], [0.0], [0.0], [0.0], [0.0], [0.0], [0.0]], "fuselage_upsweep": [[4.8053050567826885e-05], [4.8053050567826885e-05], [4.8053050567826885e-05], [4.8053050567826885e-05], [4.8053050567826885e-05], [4.8053050567826885e-05], [4.8053050567826885e-05], [4.8053050567826885e-05], [4.8053050567826885e-05], [4.8053050567826885e-05], [4.8053050567826885e-05], [4.8053050567826885e-05], [4.8053050567826885e-05], [4.8053050567826885e-05], [4.8053050567826885e-05], [4.8053050567826885e-05]], "control_gaps": [[0.0], [0.0], [0.0], [0.0], [0.0], [0.0], [0.0], [0.0], [0.0], [0.0], [0.0], [0.0], [0.0], [0.0], [0.0], [0.0]], "nacelle_base": {"turbofan": [[0.0002725722831116707], [0.0002725722831116707], [0.0002725722831116707], [0.0002725722831116707], [0.0002725722831116707], [0.0002725722831116707], [0.0002725722831116707], [0.0002725722831116707], [0.0002725722831116707], [0.0002725722831116707], [0.0002725722831116707], [0.0002725722831116707], [0.0002725722831116707], [0.0002725722831116707], [0.0002725722831116707], [0.0002725722831116707]]}, "total": [[0.0003206253336794976], [0.0003206253336794976], [0.0003206253336794976], [0.0003206253336794976], [0.0003206253336794976], [0.0003206253336794976], [0.0003206253336794976], [0.0003206253336794976], [0.0003206253336794976], [0.0003206253336794976], [0.0003206253336794976], [0.0003206253336794976], [0.0003206253336794976], [0.0003206253336794976], [0.0003206253336794976], [0.0003206253336794976]], "trim_correction_factor": 1.02}, "trim_corrected_drag": [[0.024389927592603236], [0.02419539605625426], [0.023652859559862932], [0.02287761792014535], [0.022026870889051323], [0.021285772386202398], [0.020872585059121276], [0.021081348529584695], [0.022325044967059067], [0.025141505907432086], [0.030068756489029676], [0.03732440830628934], [0.046691177765016856], [0.0560468446490706], [0.0912897467721301], [0.11198521889698587]], "parasite": {"vertical_stabilizer": {"wetted_area": 0.0, "skin_friction_coefficient": [[0.0023355357213750475], [0.002332208391672445], [0.002322419101548409], [0.0023067205877126897], [0.0022859592814127353], [0.00226119080565993], [0.002233599609596041], [0.0022044343564669154], [0.0021749588875924803], [0.002146412267454996], [0.002119971459601467], [0.002096713704499585], [0.0020775793305738877], [0.0020633376761463097], [0.002054558870256869], [0.002051593223313069]], "compressibility_factor": [[0.9549776183805537], [0.9544477904691672], [0.9528659836240637], [0.9502581045895352], [0.946676052064265], [0.9422079865901944], [0.9369878310683945], [0.9312006876742255], [0.9250816994746041], [0.9189073609886946], [0.9129799463680885], [0.9076070930331224], [0.903079315028388], [0.8996482474023644], [0.8975079128279768], [0.8967805577975071]], "reference_area": 27.316, "form_factor": [[1.2019477581213551], [1.202659089843494], [1.2048311727590053], [1.2085794883262648], [1.214100614300561], [1.2216782823099885], [1.231690525202754], [1.2446133329148974], [1.2610082330072476], [1.2814636002200614], [1.3064247785504888], [1.3357946531816165], [1.0], [1.0], [1.0], [1.0]], "reynolds_factor": [[0.9813674526920485], [0.981145525331305], [0.9804825496766808], [0.9793881740353088], [0.9778822334960003], [0.9759992649303311], [0.9737928680636802], [0.9713385300335426], [0.9687338075712938], [0.9660952984680267], [0.963552486025242], [0.961239136142024], [0.959283330196409], [0.9577973681030658], [0.9568686984271367], [0.9565528055177261]], "parasite_drag_coefficient": [[0.0], [0.0], [0.0], [0.0], [0.0], [0.0], [0.0], [0.0], [0.0], [0.0], [0.0], [0.0], [0.0], [0.0], [0.0], [0.0]]}, "total": [[0.014378041169920926], [0.014357045844534495], [0.01429513438935854], [0.014195395164951378], [0.014062576499886426], [0.013902634573339085], [0.013722298350924776], [0.013528707513446626], [0.013329115501952302], [0.013130616870803535], [0.012939858599444527], [0.012746668359733735], [0.012836199892990601], [0.012709293649355772], [0.012528377546076759], [0.012509676005100622]], "main_wing": {"wetted_area": 0.0, "skin_friction_coefficient": [[0.0023157998668703523], [0.0023125055478467457], [0.0023028131037954066], [0.0022872690540384167], [0.002266710471450898], [0.0022421816096067342], [0.0022148545943737738], [0.0021859656189465106], [0.002156766444869363], [0.0021284847898591624], [0.0021022872454004933], [0.0020792418587021037], [0.00206028113414556], [0.0020461681290730544], [0.0020374683796907877], [0.002034529398177448]], "compressibility_factor": [[0.9549776183805537], [0.9544477904691672], [0.9528659836240637], [0.9502581045895352], [0.946676052064265], [0.9422079865901944], [0.9369878310683945], [0.9312006876742255], [0.9250816994746041], [0.9189073609886946], [0.9129799463680885], [0.9076070930331224], [0.903079315028388], [0.8996482474023644], [0.8975079128279768], [0.8967805577975071]], "reference_area": 124.862, "form_factor": [[1.2600839980776073], [1.261021283494369], [1.263884055927584], [1.2688268491677333], [1.2761132584731254], [1.2861249469274016], [1.2993726609847376], [1.3165033171493126], [1.3382864637605878], [1.365539420641202], [1.3989024160671333], [1.4382996783844466], [1.0], [1.0], [1.0], [1.0]], "reynolds_factor": [[0.9813674526920485], [0.981145525331305], [0.9804825496766808], [0.9793881740353088], [0.9778822334960005], [0.9759992649303311], [0.9737928680636802], [0.9713385300335426], [0.9687338075712938], [0.9660952984680266], [0.9635524860252419], [0.961239136142024], [0.959283330196409], [0.9577973681030658], [0.9568686984271367], [0.9565528055177261]], "parasite_drag_coefficient": [[0.0], [0.0], [0.0], [0.0], [0.0], [0.0], [0.0], [0.0], [0.0], [0.0], [0.0], [0.0], [0.0], [0.0], [0.0], [0.0]]}, "horizontal_stabilizer": {"wetted_area": 0.0, "skin_friction_coefficient": [[0.0023157998668703523], [0.0023125055478467457], [0.0023028131037954066], [0.0022872690540384167], [0.002266710471450898], [0.0022421816096067342], [0.0022148545943737738], [0.0021859656189465106], [0.002156766444869363], [0.0021284847898591624], [0.0021022872454004933], [0.0020792418587021037], [0.00206028113414556], [0.0020461681290730544], [0.0020374683796907877], [0.002034529398177448]], "compressibility_factor": [[0.9549776183805537], [0.9544477904691672], [0.9528659836240637], [0.9502581045895352], [0.946676052064265], [0.9422079865901944], [0.9369878310683945], [0.9312006876742255], [0.9250816994746041], [0.9189073609886946], [0.9129799463680885], [0.9076070930331224], [0.903079315028388], [0.8996482474023644], [0.8975079128279768], [0.8967805577975071]], "reference_area": 124.862, "form_factor": [[1.2600839980776073], [1.261021283494369], [1.263884055927584], [1.2688268491677333], [1.2761132584731254], [1.2861249469274016], [1.2993726609847376], [1.3165033171493126], [1.3382864637605878], [1.365539420641202], [1.3989024160671333], [1.4382996783844466], [1.0], [1.0], [1.0], [1.0]], "reynolds_factor": [[0.9813674526920485], [0.981145525331305], [0.9804825496766808], [0.9793881740353088], [0.9778822334960005], [0.9759992649303311], [0.9737928680636802], [0.9713385300335426], [0.9687338075712938], [0.9660952984680266], [0.9635524860252419], [0.961239136142024], [0.959283330196409], [0.9577973681030658], [0.9568686984271367], [0.9565528055177261]], "parasite_drag_coefficient": [[0.0], [0.0], [0.0], [0.0], [0.0], [0.0], [0.0], [0.0], [0.0], [0.0], [0.0], [0.0], [0.0], [0.0], [0.0], [0.0]]}, "canard": {"wetted_area": 0