Sref = 100.000000 
Cref = 1.000000 
Bref = 1.000000 
X_cg = 0.000000 
Y_cg = 0.000000 
Z_cg = 0.000000 
Mach = 0.000000 
AoA = 1.000000, 5.500000, 10.000000 
Beta = 0.000000 
Vinf = 100.000000 
Rho = 0.002377 
ReCref = 10000000.000000 
ClMax = -1.000000 
MaxTurningAngle = -1.000000 
Symmetry = NO 
FarDist = -1.000000 
NumWakeNodes = 0 
WakeIters = 5 
NumberOfControlGroups = 0 
Preconditioner = Matrix 
Karman-Tsien Correction = N 
Stability Type = 0 
