{"numerics": {"tolerance_boundary_conditions": 1e-08, "solver_jacobian": "none", "time": {"integrate": [], "control_points": [], "differentiate": []}, "number_control_points": 16, "tag": "numerics", "tolerance_solution": 1e-08, "converged": null, "discretization_method": null, "dimensionless": {"integrate": [], "control_points": [], "differentiate": []}}, "segments": {"descent_2": {"numerics": {"tolerance_boundary_conditions": 1e-08, "solver_jacobian": "none", "time": {"integrate": [[0.0, 0.0, 0.0, 0.0, 0.0, 0.0, 0.0, 0.0, 0.0, 0.0, 0.0, 0.0, 0.0, 0.0, 0.0, 0.0], [0.0, 6.362307757313985, -3.847157339389106, 3.671452773280912, -3.615814227495237, 3.5910049046336177, -3.5778119588643222, 3.5699970352922468, -3.5650269097119462, 3.5617133575592126, -3.5594401658076222, 3.5578640736723703, -3.556784443720983, 3.5560812999496427, -3.5556840812519317, 1.7777777777777721], [0.0, 10.758930856469606, 7.28926467628478, -1.0683175194375014, 0.47610890810820045, -0.2633354872580636, 0.16022656044041453, -0.10209586066999277, 0.06620082845517121, -0.04271779897645658, 0.02681029076264497, -0.01587625209706051, 0.008430929466451341, -0.0036012568807426318, 0.0008795968123879815, -8.55809315699782e-15], [0.0, 10.088363349954786, 16.46123128579002, 14.581925732166315, -5.1924732260498345, 4.291740617778713, -3.9646369467222478, 3.803747131164493, -3.7117928669283318, 3.6544635639434357, -3.6168401185820507, 3.5915295829250358, -3.574545921353869, 3.563636099948795, -3.557524936802768, 1.7777777777777646], [0.0, 10.381045053907892, 14.839112394237084, 28.10111064894682, 14.39556631091653, -2.1896030442285803, 0.9930718744889254, -0.5512696996426978, 0.33073919112436423, -0.203387374820524, 0.12368986128048849, -0.0717115338089033, 0.03754513098189703, -0.015891874517540348, 0.003861789362642858, -1.2242988633790455e-14], [0.0, 10.221565660869855, 15.598297216464546, 25.59142415130439, 31.610538456401972, 20.57045732045725, -6.122753790783463, 4.705443578584192, -4.182213278285854, 3.9210818612014795, -3.7708125208125227, 3.677806853593711, -3.618708450678805, 3.5820618438299605, -3.5619666799249448, 1.777777777777761], [0.0, 10.317824591587854, 15.168219243069053, 26.793722139315353, 28.36449150657877, 40.65996640822441, 18.899564722126783, -2.829263812692003, 1.2467006169863892, -0.6616688361554395, 0.3701344461725793, -0.20383675032549553, 0.10329884045732404, -0.04285028012803767, 0.010298289792547079, -1.618065424553317e-14], [0.0, 10.25659299575932, 15.432864464232226, 26.10615086275745, 29.924210317158195, 36.87598431389845, 40.91370284221693, 23.444567596533417, -6.469012914219982, 4.801034942857241, -4.188120410301047, 3.886139381251249, -3.7180077095084827, 3.621728159072994, -3.571305273016983, 1.7777777777777615], [0.0, 10.296480744744215, 15.263817670571278, 26.528250097429357, 29.038273604461295, 38.67629889847947, 36.81969910019815, 46.34805704131409, 19.990032086116237, -2.8485243547170693, 1.1677497298355075, -0.5553528870012123, 0.2596470807189937, -0.1028741901435002, 0.024138031523461837, -1.04413031866464e-14], [0.0, 10.270432737490246, 15.372840554216754, 26.26249910301913, 29.57269418048248, 37.673599597561406, 38.7268473236553, 42.187899065663274, 42.70830793978612, 22.72116932092861, -6.1717879200460315, 4.559921479133787, -3.983479751394502, 3.717326586575225, -3.5926491198606407, 1.777777777777769], [0.0, 10.28714215165219, 15.303483985814328, 26.428950838599707, 29.246606132118842, 38.258991008990975, 37.69965218185396, 44.06125740538, 38.729156104065524, 44.18793227828331, 17.473276723276644, -2.2416810262449878, 0.7743737921720268, -0.2683069423757889, 0.05916536641291008, -2.7879408057141135e-15], [0.0, 10.276869237920156, 15.345882148606286, 26.32825281249459, 29.440568963965873, 37.92004418245351, 38.26856586232045, 43.10386049152534, 40.43031382673691, 40.62766216856647, 36.67778153240689, 18.528846674796, -5.290868261025946, 4.046433435407232, -3.6558695821806624, 1.7777777777777675], [0.0, 10.282700408530012, 15.321909729695523, 26.38478830927477, 29.33288340278751, 38.10501860676051, 37.966270479112026, 43.590836994022524, 39.63085255148527, 42.02981543422214, 33.75199342595518, 34.56133065620685, 11.783872211310195, -1.1312410117012621, 0.19236767732801816, -1.6194205630604403e-14], [0.0, 10.279851430470403, 15.333591530969532, 26.35736701401001, 29.384733682254016, 38.01692375297135, 38.1078962864764, 43.36839885419461, 39.981139987764244, 41.460507482615036, 34.75151397543642, 32.44830407760435, 23.878559907358472, 11.59628115335954, -4.033755384742355, 1.7777777777777601], [0.0, 10.28085955297915, 15.329464529694686, 26.367026831641834, 29.36654891204012, 38.047618653986014, 38.05902068549625, 43.4440710368061, 39.86460264735751, 41.642990446364166, 34.45272913910025, 32.98467165765218, 22.69434517019563, 19.17714761347783, 3.9184232699688084, -1.7766234869960734e-14], [0.0, 10.280731027282773, 15.329990274088798, 26.365797943476423, 29.368857430156947, 38.043734043733956, 38.065178487499956, 43.434599682649726, 39.879044127094254, 41.62073404305542, 34.48817848817834, 32.9244129857125, 22.810242387921008, 18.885545829644293, 6.7251754717272485, 1.7777777777777555]], "control_points": [[0.0], [4.370479853238862], [17.290908471479828], [38.19660112501051], [66.17387872822835], [99.99999999999997], [138.19660112501052], [179.09430734646932], [220.90569265353065], [261.8033988749895], [299.99999999999994], [333.82612127177157], [361.8033988749895], [382.7090915285202], [395.62952014676114], [400.0]], "differentiate": [[-0.3758333333333344, 0.4576156548388722, -0.11566772233505622, 0.052360679774997906, -0.030223405948650296, 0.020000000000000004, -0.014472135954999582, 0.01116730079047612, -0.009053637214939535, 0.007639320225002103, -0.006666666666666667, 0.00599114291110784, -0.0055278640450004204, 0.00522590145954491, -0.005055234501353914, 0.0025], [-0.11440391370971804, 0.05657005254219001, 0.07739681318220415, -0.02956295201467611, 0.016180339887498948, -0.01045702204157582, 0.007472382749323043, -0.005723317845923128, 0.004618186516030027, -0.0038845070933430604, 0.0033826121271771648, -0.003035309991033432, 0.002797727760321784, -0.002643134930299621, 0.0025558514871625733, -0.0012638086253384784], [0.028916930583764055, -0.07739681318220415, 0.013805227609438801, 0.047833861167528156, -0.020457022041575824, 0.012090569265353074, -0.00827090915285202, 0.006180339887498948, -0.004911234731884232, 0.0040897706221458795, -0.003537204957199328, 0.003159206178526873, -0.0029026523793919683, 0.0027365906962651164, -0.002643134930299621, 0.0013064753648862277], [-0.013090169943749477, 0.02956295201467611, -0.047833861167528156, 0.005854101966249723, 0.03574329190217506, -0.016180339887498955, 0.01, -0.007097347620608031, 0.005473181392530235, -0.004472135954999579, 0.003819660112501052, -0.003382612127177165, 0.003090169943749474, -0.0029026523793919683, 0.002797727760321784, -0.0013819660112501051], [0.007555851487162574, -0.016180339887498948, 0.020457022041575824, -0.03574329190217506, 0.003029032879692788, 0.02956295201467613, -0.013884507093343062, 0.008855793519707396, -0.006462795042800674, 0.005111702974325147, -0.0042766821540768715, 0.0037361913746615225, -0.0033826121271771643, 0.0031592061785268716, -0.0030353099910334306, 0.0014977857277769593], [-0.005000000000000001, 0.01045702204157582, -0.012090569265353074, 0.016180339887498955, -0.02956295201467613, 0.0016666666666666852, 0.026180339887498936, -0.012643134930299615, 0.00827090915285202, -0.006180339887498948, 0.005000000000000001, -0.004276682154076872, 0.0038196601125010513, -0.003537204957199327, 0.0033826121271771643, -0.0016666666666666666], [0.0036180339887498954, -0.007472382749323043, 0.00827090915285202, -0.01, 0.013884507093343062, -0.026180339887498936, 0.0008541019662496852, 0.024451249040350957, -0.012090569265353074, 0.008090169943749474, -0.00618033988749895, 0.005111702974325148, -0.004472135954999579, 0.004089770622145879, -0.0038845070933430604, 0.0019098300562505257], [-0.00279182519761903, 0.005723317845923128, -0.006180339887498948, 0.007097347620608031, -0.008855793519707396, 0.012643134930299615, -0.024451249040350957, 0.00026420794694203886, 0.023916930583764092, -0.01209056926535307, 0.008270909152852023, -0.0064627950428006765, 0.005473181392530235, -0.004911234731884229, 0.004618186516030027, -0.0022634093037348837], [0.0022634093037348837, -0.004618186516030027, 0.004911234731884232, -0.005473181392530235, 0.006462795042800674, -0.00827090915285202, 0.012090569265353074, -0.023916930583764092, -0.0002642079469420322, 0.024451249040350943, -0.012643134930299622, 0.008855793519707403, -0.00709734762060803, 0.006180339887498947, -0.005723317845923127, 0.0027918251976190296], [-0.0019098300562505257, 0.0038845070933430604, -0.0040897706221458795, 0.004472135954999579, -0.005111702974325147, 0.006180339887498948, -0.008090169943749474, 0.01209056926535307, -0.024451249040350943, -0.0008541019662497295, 0.026180339887498984, -0.013884507093343077, 0.01, -0.008270909152852017, 0.007472382749323043, -0.0036180339887498954], [0.0016666666666666668, -0.0033826121271771648, 0.003537204957199328, -0.003819660112501052, 0.0042766821540768715, -0.005000000000000001, 0.00618033988749895, -0.008270909152852023, 0.012643134930299622, -0.026180339887498984, -0.0016666666666666741, 0.02956295201467615, -0.016180339887498937, 0.012090569265353061, -0.010457022041575814, 0.0049999999999999975], [-0.00149778572777696, 0.003035309991033432, -0.003159206178526873, 0.003382612127177165, -0.0037361913746615225, 0.004276682154076872, -0.005111702974325148, 0.0064627950428006765, -0.008855793519707403, 0.013884507093343077, -0.02956295201467615, -0.0030290328796926946, 0.03574329190217495, -0.02045702204157578, 0.016180339887498923, -0.0075558514871625635], [0.0013819660112501051, -0.002797727760321784, 0.0029026523793919683, -0.003090169943749474, 0.0033826121271771643, -0.0038196601125010513, 0.004472135954999579, -0.005473181392530235, 0.00709734762060803, -0.01, 0.016180339887498937, -0.03574329190217495, -0.005854101966249763, 0.0478338611675281, -0.02956295201467611, 0.013090169943749477], [-0.0013064753648862274, 0.002643134930299621, -0.0027365906962651164, 0.0029026523793919683, -0.0031592061785268716, 0.003537204957199327, -0.004089770622145879, 0.004911234731884229, -0.006180339887498947, 0.008270909152852017, -0.012090569265353061, 0.02045702204157578, -0.0478338611675281, -0.01380522760943892, 0.07739681318220427, -0.02891693058376409], [0.0012638086253384784, -0.0025558514871625733, 0.002643134930299621, -0.002797727760321784, 0.0030353099910334306, -0.0033826121271771643, 0.0038845070933430604, -0.004618186516030027, 0.005723317845923127, -0.007472382749323043, 0.010457022041575814, -0.016180339887498923, 0.02956295201467611, -0.07739681318220427, -0.05657005254218991, 0.11440391370971804], [-0.0025, 0.005055234501353914, -0.005225901459544911, 0.0055278640450004204, -0.005991142911107837, 0.006666666666666666, -0.007639320225002103, 0.009053637214939535, -0.011167300790476118, 0.014472135954999582, -0.01999999999999999, 0.030223405948650254, -0.052360679774997906, 0.11566772233505636, -0.4576156548388722, 0.3758333333333343]]}, "number_control_points": 16, "tag": "numerics", "tolerance_solution": 1e-08, "converged": null, "discretization_method": null, "dimensionless": {"integrate": [[0.0, 0.0, 0.0, 0.0, 0.0, 0.0, 0.0, 0.0, 0.0, 0.0, 0.0, 0.0, 0.0, 0.0, 0.0, 0.0], [0.0, 0.015905769393284964, -0.009617893348472765, 0.00917863193320228, -0.009039535568738093, 0.008977512261584044, -0.008944529897160805, 0.008924992588230617, -0.008912567274279866, 0.008904283393898031, -0.008898600414519056, 0.008894660184180926, -0.008891961109302458, 0.008890203249874107, -0.008889210203129829, 0.0044444444444444306], [0.0, 0.026897327141174016, 0.01822316169071195, -0.0026707937985937535, 0.001190272270270501, -0.000658338718145159, 0.0004005664011010363, -0.0002552396516749819, 0.00016550207113792803, -0.00010679449744114144, 6.702572690661242e-05, -3.9690630242651274e-05, 2.107732366612835e-05, -9.00314220185658e-06, 2.1989920309699537e-06, -2.139523289249455e-17], [0.0, 0.025220908374886965, 0.04115307821447505, 0.03645481433041579, -0.012981183065124587, 0.010729351544446784, -0.00991159236680562, 0.009509367827911232, -0.00927948216732083, 0.00913615890985859, -0.009042100296455127, 0.008978823957312589, -0.008936364803384672, 0.008909090249871987, -0.00889381234200692, 0.0044444444444444115], [0.0, 0.02595261263476973, 0.03709778098559271, 0.07025277662236705, 0.035988915777291325, -0.0054740076105714505, 0.0024826796862223136, -0.0013781742491067446, 0.0008268479778109106, -0.00050846843705131, 0.00030922465320122123, -0.00017927883452225826, 9.386282745474259e-05, -3.972968629385087e-05, 9.654473406607145e-06, -3.0607471584476135e-17], [0.0, 0.025553914152174638, 0.038995743041161365, 0.06397856037826098, 0.07902634614100493, 0.05142614330114313, -0.015306884476958658, 0.01176360894646048, -0.010455533195714635, 0.009802704653003699, -0.009427031302031307, 0.009194517133984278, -0.009046771126697013, 0.0089551546095749, -0.008904916699812361, 0.004444444444444403], [0.0, 0.025794561478969635, 0.03792054810767263, 0.06698430534828838, 0.07091122876644693, 0.10164991602056103, 0.04724891180531696, -0.007073159531730008, 0.003116751542465973, -0.0016541720903885987, 0.0009253361154314483, -0.0005095918758137388, 0.0002582471011433101, -0.00010712570032009417, 2.5745724481367698e-05, -4.0451635613832926e-17], [0.0, 0.0256414824893983, 0.038582161160580566, 0.06526537715689362, 0.07481052579289549, 0.09218996078474613, 0.10228425710554233, 0.05861141899133354, -0.016172532285549955, 0.012002587357143102, -0.010470301025752618, 0.009715348453128122, -0.009295019273771207, 0.009054320397682485, -0.008928263182542457, 0.004444444444444404], [0.0, 0.02574120186186054, 0.038159544176428195, 0.06632062524357339, 0.07259568401115324, 0.09669074724619868, 0.09204924775049537, 0.11587014260328524, 0.04997508021529059, -0.007121310886792673, 0.002919374324588769, -0.0013883822175030308, 0.0006491177017974842, -0.0002571854753587505, 6.0345078808654595e-05, -2.6103257966616002e-17], [0.0, 0.025676081843725617, 0.038432101385541886, 0.06565624775754783, 0.0739317354512062, 0.0941839989939035, 0.09681711830913825, 0.10546974766415818, 0.10677076984946529, 0.05680292330232152, -0.01542946980011508, 0.011399803697834467, -0.009958699378486256, 0.009293316466438063, -0.008981622799651602, 0.004444444444444423], [0.0, 0.025717855379130475, 0.03825870996453582, 0.06607237709649927, 0.0731165153302971, 0.09564747752247743, 0.0942491304546349, 0.11015314351345, 0.09682289026016382, 0.11046983069570827, 0.04368319180819161, -0.005604202565612469, 0.001935934480430067, -0.0006707673559394723, 0.0001479134160322752, -6.969852014285284e-18], [0.0, 0.025692173094800392, 0.03836470537151571, 0.06582063203123648, 0.07360142240991469, 0.09480011045613378, 0.09567141465580113, 0.10775965122881334, 0.10107578456684228, 0.10156915542141616, 0.09169445383101722, 0.04632211668699, -0.013227170652564867, 0.010116083588518081, -0.009139673955451656, 0.004444444444444418], [0.0, 0.02570675102132503, 0.03830477432423881, 0.06596197077318693, 0.07333220850696877, 0.09526254651690128, 0.09491567619778006, 0.10897709248505631, 0.09907713137871317, 0.10507453858555534, 0.08437998356488795, 0.08640332664051711, 0.029459680528275488, -0.002828102529253155, 0.0004809191933200454, -4.048551407651101e-17], [0.0, 0.02569962857617601, 0.03833397882742383, 0.06589341753502502, 0.07346183420563504, 0.09504230938242839, 0.09526974071619099, 0.10842099713548652, 0.0999528499694106, 0.10365126870653758, 0.08687878493859104, 0.08112076019401086, 0.059696399768396184, 0.028990702883398847, -0.010084388461855887, 0.0044444444444444], [0.0, 0.025702148882447876, 0.038323661324236716, 0.06591756707910458, 0.0734163722801003, 0.09511904663496504, 0.09514755171374062, 0.10861017759201526, 0.09966150661839378, 0.10410747611591042, 0.08613182284775063, 0.08246167914413044, 0.05673586292548907, 0.047942869033694574, 0.009796058174922021, -4.441558717490184e-17], [0.0, 0.025701827568206933, 0.038324975685221994, 0.06591449485869105, 0.07342214357539237, 0.09510933510933489, 0.09516294621874989, 0.10858649920662432, 0.09969761031773564, 0.10405183510763856, 0.08622044622044586, 0.08231103246428126, 0.057025605969802516, 0.04721386457411073, 0.016812938679318122, 0.004444444444444389]], "control_points": [[0.0], [0.010926199633097156], [0.04322727117869957], [0.09549150281252627], [0.16543469682057088], [0.24999999999999994], [0.3454915028125263], [0.4477357683661733], [0.5522642316338267], [0.6545084971874737], [0.7499999999999999], [0.8345653031794289], [0.9045084971874737], [0.9567727288213005], [0.9890738003669028], [1.0]], "differentiate": [[-150.33333333333377, 183.04626193554887, -46.26708893402249, 20.944271909999163, -12.089362379460118, 8.000000000000002, -5.788854381999832, 4.466920316190448, -3.6214548859758136, 3.0557280900008412, -2.666666666666667, 2.396457164443136, -2.211145618000168, 2.0903605838179637, -2.0220938005415654, 1.0], [-45.76156548388722, 22.628021016876005, 30.958725272881658, -11.825180805870444, 6.472135954999579, -4.182808816630328, 2.9889530997292173, -2.2893271383692513, 1.8472746064120107, -1.5538028373372241, 1.353044850870866, -1.2141239964133728, 1.1190911041287137, -1.0572539721198484, 1.0223405948650293, -0.5055234501353914], [11.566772233505622, -30.958725272881658, 5.522091043775521, 19.133544467011262, -8.18280881663033, 4.836227706141229, -3.3083636611408074, 2.472135954999579, -1.9644938927536926, 1.6359082488583518, -1.4148819828797312, 1.263682471410749, -1.1610609517567874, 1.0946362785060466, -1.0572539721198484, 0.522590145954491], [-5.236067977499791, 11.825180805870444, -19.133544467011262, 2.341640786499889, 14.297316760870023, -6.472135954999581, 4.0, -2.8389390482432124, 2.1892725570120937, -1.7888543819998317, 1.5278640450004208, -1.3530448508708661, 1.2360679774997896, -1.1610609517567874, 1.1190911041287137, -0.552786404500042], [3.0223405948650295, -6.472135954999579, 8.18280881663033, -14.297316760870023, 1.2116131518771152, 11.82518080587045, -5.553802837337225, 3.5423174078829587, -2.5851180171202697, 2.0446811897300585, -1.7106728616307487, 1.494476549864609, -1.3530448508708657, 1.2636824714107486, -1.2141239964133723, 0.5991142911107837], [-2.0000000000000004, 4.182808816630328, -4.836227706141229, 6.472135954999581, -11.82518080587045, 0.6666666666666741, 10.472135954999574, -5.057253972119846, 3.3083636611408074, -2.472135954999579, 2.0000000000000004, -1.710672861630749, 1.5278640450004206, -1.4148819828797308, 1.3530448508708657, -0.6666666666666666], [1.447213595499958, -2.9889530997292173, 3.3083636611408074, -4.0, 5.553802837337225, -10.472135954999574, 0.34164078649987406, 9.780499616140382, -4.836227706141229, 3.2360679774997894, -2.47213595499958, 2.0446811897300594, -1.7888543819998317, 1.6359082488583514, -1.5538028373372241, 0.7639320225002103], [-1.116730079047612, 2.2893271383692513, -2.472135954999579, 2.8389390482432124, -3.5423174078829587, 5.057253972119846, -9.780499616140382, 0.10568317877681555, 9.566772233505636, -4.836227706141228, 3.3083636611408087, -2.5851180171202706, 2.1892725570120937, -1.9644938927536917, 1.8472746064120107, -0.9053637214939534], [0.9053637214939534, -1.8472746064120107, 1.9644938927536926, -2.1892725570120937, 2.5851180171202697, -3.3083636611408074, 4.836227706141229, -9.566772233505636, -0.10568317877681288, 9.780499616140377, -5.057253972119849, 3.542317407882961, -2.838939048243212, 2.4721359549995787, -2.289327138369251, 1.1167300790476118], [-0.7639320225002103, 1.5538028373372241, -1.6359082488583518, 1.7888543819998317, -2.0446811897300585, 2.472135954999579, -3.2360679774997894, 4.836227706141228, -9.780499616140377, -0.3416407864998918, 10.472135954999594, -5.553802837337231, 4.0, -3.308363661140807, 2.9889530997292173, -1.447213595499958], [0.6666666666666667, -1.353044850870866, 1.4148819828797312, -1.5278640450004208, 1.7106728616307487, -2.0000000000000004, 2.47213595499958, -3.3083636611408087, 5.057253972119849, -10.472135954999594, -0.6666666666666696, 11.82518080587046, -6.472135954999574, 4.836227706141225, -4.182808816630326, 1.9999999999999991], [-0.599114291110784, 1.2141239964133728, -1.263682471410749, 1.3530448508708661, -1.494476549864609, 1.710672861630749, -2.0446811897300594, 2.5851180171202706, -3.542317407882961, 5.553802837337231, -11.82518080587046, -1.2116131518770779, 14.297316760869979, -8.182808816630311, 6.47213595499957, -3.0223405948650255], [0.552786404500042, -1.1190911041287137, 1.1610609517567874, -1.2360679774997896, 1.3530448508708657, -1.5278640450004206, 1.7888543819998317, -2.1892725570120937, 2.838939048243212, -4.0, 6.472135954999574, -14.297316760869979, -2.341640786499905, 19.13354446701124, -11.825180805870444, 5.236067977499791], [-0.5225901459544909, 1.0572539721198484, -1.0946362785060466, 1.1610609517567874, -1.2636824714107486, 1.4148819828797308, -1.6359082488583514, 1.9644938927536917, -2.4721359549995787, 3.308363661140807, -4.836227706141225, 8.182808816630311, -19.13354446701124, -5.522091043775568, 30.95872527288171, -11.566772233505636], [0.5055234501353914, -1.0223405948650293, 1.0572539721198484, -1.1190911041287137, 1.2141239964133723, -1.3530448508708657, 1.5538028373372241, -1.8472746064120107, 2.289327138369251, -2.9889530997292173, 4.182808816630326, -6.47213595499957, 11.825180805870444, -30.95872527288171, -22.628021016875962, 45.76156548388722], [-1.0, 2.0220938005415654, -2.090360583817964, 2.211145618000168, -2.396457164443135, 2.6666666666666665, -3.0557280900008412, 3.6214548859758136, -4.466920316190447, 5.788854381999832, -7.9999999999999964, 12.089362379460102, -20.944271909999163, 46.267088934022546, -183.04626193554887, 150.3333333333337]]}}, "unknowns": {"tag": "unknowns", "throttle": [[0.3041093832728317], [0.30364101175279473], [0.3022802135780612], [0.30015224868603996], [0.29744236075591796], [0.2943670553520912], [0.2911444984859694], [0.28797003750047817], [0.28500043385691265], [0.28234760471499265], [0.2800804687925931], [0.27823233014597776], [0.2768110463041246], [0.27580966336231855], [0.2752158716514444], [0.275019267093497]], "body_angle": [[-0.007232220653373634], [-0.0073514257549910315], [-0.007701842937962671], [-0.008262597248308374], [-0.009001167686373046], [-0.009876381061427578], [-0.010841889488531034], [-0.011849635105924206], [-0.012852890926581052], [-0.013808616092722608], [-0.014679029914388034], [-0.015432452282580902], [-0.01604355562146284], [-0.016493220484646305], [-0.01676819085668258], [-0.01686069945613415]]}, "conditions": {"freestream": {"stagnation_temperature": [[255.13905466005943], [255.28073969355844], [255.69960815513264], [256.37736953276806], [257.2844260507701], [258.38116214724164], [259.6196711693503], [260.9458446327649], [262.30173351095823], [263.62807896200957], [264.8669022211688], [265.96404046966643], [266.8715175189327], [267.549645093394], [267.9687620985956], [268.1105350470701]], "reynolds_number": [[6713836.991474187], [6727689.836332435], [6768765.09601247], [6835614.027935075], [6925828.677575417], [7036061.828309242], [7162073.185026371], [7298815.985711683], [7440576.883048473], [7581177.323211041], [7714237.055214256], [7833490.745825413], [7933138.459373671], [8008201.883987493], [8054852.568099628], [8070677.577550011]], "temperature": [[236.21521398338297], [236.35689901688198], [236.77576747845615], [237.45352885609157], [238.3605853740936], [239.45732147056518], [240.6958304926738], [242.02200395608838], [243.37789283428177], [244.70423828533313], [245.94306154449234], [247.04019979298997], [247.94767684225621], [248.62580441671753], [249.04492142191916], [249.18669437039358]], "mach_number": [[0.6329008962884667], [0.6327111704379904], [0.6321512734711202], [0.6312484570637987], [0.6300462369336015], [0.6286017468099714], [0.6269824146321231], [0.6252622619105637], [0.6235181219263087], [0.6218260300681132], [0.6202579739442143], [0.6188791174108894], [0.6177455447564754], [0.6169025181771515], [0.6163832078331275], [0.6162078395254511]], "density": [[0.5257846255829441], [0.5271281247344748], [0.5311153219809815], [0.5376157380524015], [0.546410358676311], [0.5571905899233588], [0.5695591666822092], [0.5830349505633555], [0.5970634970516286], [0.6110348052073454], [0.6243087882830372], [0.6362478063228338], [0.6462542598367396], [0.6538100072315876], [0.6585135130931885], [0.6601103927204219]], "speed_of_sound": [[308.5433245253493], [308.63584485277426], [308.9092039056662], [309.3510082293644], [309.94129508069176], [310.65352208597966], [311.4558591734893], [312.3127022558878], [313.1863209246], [314.03855289642127], [314.8324646181493], [315.533908225679], [316.1129178404647], [316.5449011505582], [316.8115940770145], [316.9017563721717]], "altitude": [[8000.0], [7978.147600733806], [7913.545457642601], [7809.016994374948], [7669.130606358858], [7500.0], [7309.016994374948], [7104.528463267653], [6895.471536732347], [6690.983005625052], [6500.0], [6330.869393641142], [6190.983005625052], [6086.454542357399], [6021.852399266194], [6000.0]], "dynamic_pressure": [[9996.480193895726], [10022.023471514201], [10097.830059163412], [10221.419219721283], [10388.626944333364], [10593.58609091786], [10828.743656545503], [11084.951997585797], [11351.66973769409], [11617.299234004655], [11869.670837231244], [12096.661417712878], [12286.90911514601], [12430.56276249056], [12519.988167684247], [12550.348841597022]], "gravity": [[9.80665], [9.80665], [9.80665], [9.80665], [9.80665], [9.80665], [9.80665], [9.80665], [9.80665], [9.80665], [9.80665], [9.80665], [9.80665], [9.80665], [9.80665], [9.80665]], "universal_gas_constant": 287.87, "pressure": [[35651.486977664135], [35764.023503824435], [36098.40250832738], [36644.812301035665], [37386.53935443048], [38299.56075649375], [39352.226826870996], [40505.252336001715], [41712.24327349965], [42920.951385543296], [44075.36556831954], [45118.622052583356], [45996.56097789314], [46661.60410307654], [47076.5123769774], [47217.535873183915]], "specific_heat_at_constant_pressure": 1007.5450000000002, "velocity": [[195.0], [195.0], [195.0], [195.0], [195.0], [195.0], [195.0], [195.0], [195.0], [195.0], [195.0], [195.0], [195.0], [195.0], [195.0], [195.0]], "dynamic_viscosity": [[1.527114854275924e-05], [1.527864494705333e-05], [1.5300795095888877e-05], [1.5336598656944242e-05], [1.538444349437496e-05], [1.5442184518319385e-05], [1.5507246942858745e-05], [1.55767477331145e-05], [1.5647628370095707e-05], [1.571679198831417e-05], [1.5781238357577413e-05], [1.583819094942705e-05], [1.5885211296074314e-05], [1.5920296872770334e-05], [1.5941959702866095e-05], [1.5949283730345458e-05]], "isentropic_expansion_factor": 1.4, "stagnation_pressure": [[46689.52062307852], [46829.61131313841], [47245.75748799307], [47925.4510193237], [48847.45701521661], [49981.390917910714], [51287.427022133976], [52716.39542378018], [54210.531606978264], [55705.09862449042], [57131.0010338376], [58418.35857545461], [59500.82643363247], [60320.271472030116], [60831.28089369361], [61004.928917793484]]}, "energies": {"propulsion_power": [[0.0], [0.0], [0.0], [0.0], [0.0], [0.0], [0.0], [0.0], [0.0], [0.0], [0.0], [0.0], [0.0], [0.0], [0.0], [0.0]], "total_efficiency": [[0.0], [0.0], [0.0], [0.0], [0.0], [0.0], [0.0], [0.0], [0.0], [0.0], [0.0], [0.0], [0.0], [0.0], [0.0], [0.0]], "gravity_energy": [[0.0], [0.0], [0.0], [0.0], [0.0], [0.0], [0.0], [0.0], [0.0], [0.0], [0.0], [0.0], [0.0], [0.0], [0.0], [0.0]], "total_energy": [[0.0], [0.0], [0.0], [0.0], [0.0], [0.0], [0.0], [0.0], [0.0], [0.0], [0.0], [0.0], [0.0], [0.0], [0.0], [0.0]]}, "aerodynamics": {"drag_coefficient": [[0.028335987046370564], [0.028279750296071264], [0.02811527154032678], [0.027854649895883283], [0.02751621125591316], [0.027122205725749745], [0.026696334646081756], [0.026261556088399654], [0.02583846617114045], [0.025444364139449813], [0.025092946833595354], [0.0247944784975757], [0.024556248229963756], [0.024383142189010634], [0.02427819699252118], [0.02424304472117535]], "angle_of_attack": [[0.018411615486743988], [0.01829241038512659], [0.01794199320215495], [0.017381238891809248], [0.016642668453744573], [0.015767455078690044], [0.01480194665158659], [0.013794201034193411], [0.01279094521353657], [0.011835220047395012], [0.010964806225729585], [0.010211383857536721], [0.00960028051865478], [0.009150615655471315], [0.008875645283435043], [0.00878313668398347]], "roll_angle": [[0.0], [0.0], [0.0], [0.0], [0.0], [0.0], [0.0], [0.0], [0.0], [0.0], [0.0], [0.0], [0.0], [0.0], [0.0], [0.0]], "lift_coefficient": [[0.4834861279031085], [0.4822442268869082], [0.47859557392607965], [0.47276323310115426], [0.4650935311655957], [0.45602273956446304], [0.446038772244864], [0.43564358066060377], [0.4253208213474533], [0.41551155846331533], [0.40659882609991], [0.39890027379003884], [0.39266709051031196], [0.38808696855226293], [0.3852889089968718], [0.3843480144477884]], "drag_breakdown": {"total": [[0.028335987046370564], [0.028279750296071264], [0.02811527154032678], [0.027854649895883283], [0.02751621125591316], [0.027122205725749745], [0.026696334646081756], [0.026261556088399654], [0.02583846617114045], [0.025444364139449813], [0.025092946833595354], [0.0247944784975757], [0.024556248229963756], [0.024383142189010634], [0.02427819699252118], [0.02424304472117535]], "spoiler_drag": 0.0, "compressible": {"horizontal_stabilizer": {"crest_critical": 0.9452041041930966, "compressibility_drag": [[9.043239545628666e-07], [9.003630185065234e-07], [8.887679945688197e-07], [8.703640015460043e-07], [8.464075431951285e-07], [8.184361676437933e-07], [7.881041626179622e-07], [7.570330132129254e-07], [7.266968533294519e-07], [6.983517560020301e-07], [6.730072795176138e-07], [6.514316165719763e-07], [6.341785795753821e-07], [6.216247548532322e-07], [6.140071638552734e-07], [6.114544512091586e-07]], "divergence_mach": 0.9742388533330034, "wing_sweep": 0.5235987755982988, "thickness_to_chord": 0.09237604307034011}, "total": [[9.388518631154907e-05], [9.306053977854225e-05], [9.067123506961732e-05], [8.695413427637711e-05], [8.225281807425989e-05], [7.695784166977988e-05], [7.144932577688217e-05], [6.605448172363883e-05], [6.102538908449832e-05], [5.653549268338262e-05], [5.26892307090457e-05], [4.953829218863547e-05], [4.7099210146910254e-05], [4.536898496008035e-05], [4.4337231704382046e-05], [4.3994532881867416e-05]], "main_wing": {"crest_critical": [[0.7632741654836271], [0.7635123241317222], [0.7642139887739179], [0.7653416816774555], [0.766836032632692], [0.7686200874376764], [0.7706046917316508], [0.7726943621818768], [0.7747930179730794], [0.776809019837824], [0.7786591376584012], [0.7802712936488534], [0.7815861469511759], [0.7825577493557092], [0.7831535875308655], [0.783354335444957]], "compressibility_drag": [[9.111937911460556e-05], [9.030684680836006e-05], [8.795300461316578e-05], [8.429219105648294e-05], [7.966414389096021e-05], [7.4454715847129e-05], [6.903896812361891e-05], [6.373915285757971e-05], [5.880284109514825e-05], [5.439963605478959e-05], [5.063088826672374e-05], [4.7545937298177826e-05], [4.515962238006307e-05], [4.346779212747161e-05], [4.2459336704258246e-05], [4.2124445162500394e-05]], "divergence_mach": [[0.784260676446253], [0.784505383356172], [0.7852263405322585], [0.7863850397773609], [0.7879204784755373], [0.7897535865400396], [0.7917927582773462], [0.7939398850044843], [0.7960962441279371], [0.7981676767240603], [0.8000686642316772], [0.8017251470589295], [0.8030761527485477], [0.8040744697275238], [0.8046866906979592], [0.804892958251638]], "wing_sweep": 0.4363323129985824, "thickness_to_chord": 0.11033779189624919}, "vertical_stabilizer": {"crest_critical": 0.9081478860594208, "compressibility_drag": [[1.8614832423806423e-06], [1.8533299516756676e-06], [1.82946246188273e-06], [1.7915792183481472e-06], [1.7422666401045498e-06], [1.6846896550070827e-06], [1.6222534906452944e-06], [1.558295852846193e-06], [1.4958511360206157e-06], [1.43750487259099e-06], [1.3853351628043516e-06], [1.340923273885663e-06], [1.3054091872718017e-06], [1.2795680777555088e-06], [1.2638878362685255e-06], [1.2586332681578623e-06]], "divergence_mach": 0.9331177545920408, "wing_sweep": 0.4363323129985824, "thickness_to_chord": 0.08827023351699935}}, "miscellaneous": {"total": [[0.0011606101613168233], [0.0011606101613168233], [0.0011606101613168233], [0.0011606101613168233], [0.0011606101613168233], [0.0011606101613168233], [0.0011606101613168233], [0.0011606101613168233], [0.0011606101613168233], [0.0011606101613168233], [0.0011606101613168233], [0.0011606101613168233], [0.0011606101613168233], [0.0011606101613168233], [0.0011606101613168233], [0.0011606101613168233]], "trim_correction_factor": 1.02, "total_wetted_area": 951.2699455285839, "reference_area": 124.862}, "trim_corrected_drag": [[0.028335987046370564], [0.028279750296071264], [0.02811527154032678], [0.027854649895883283], [0.02751621125591316], [0.027122205725749745], [0.026696334646081756], [0.026261556088399654], [0.02583846617114045], [0.025444364139449813], [0.025092946833595354], [0.0247944784975757], [0.024556248229963756], [0.024383142189010634], [0.02427819699252118], [0.02424304472117535]], "parasite": {"vertical_stabilizer": {"wetted_area": 64.976, "skin_friction_coefficient": [[0.00218265290831442], [0.002182079084148277], [0.0021803856027972786], [0.002177654672504904], [0.0021740176093741027], [0.0021696469095927357], [0.0021647462758329814], [0.0021595394908004873], [0.0021542590191385947], [0.0021491350972791027], [0.002144385879180637], [0.002140208989311388], [0.002136774632397028], [0.0021342202500993484], [0.0021326466118172143], [0.002132115181917611]], "compressibility_factor": [[0.9559271105963535], [0.9559523665324524], [0.9560268625547288], [0.9561468705690654], [0.9563064575961236], [0.9564978722937066], [0.9567120243943694], [0.9569390093198971], [0.9571686323516443], [0.9573908949544289], [0.9575964176091103], [0.9577767860624711], [0.9579248189873301], [0.9580347632229526], [0.9581024274633263], [0.9581252665996722]], "parasite_drag_coefficient": [[0.00136376398009519], [0.0013633679187832575], [0.0013621993435079401], [0.0013603157894423756], [0.0013578089922229087], [0.0013547991373595912], [0.001351427682937776], [0.0013478494357295355], [0.0013442245370086242], [0.0013407109060341227], [0.0013374575312760193], [0.0013345988291472931], [0.0013322501378468688], [0.0013305042993750323], [0.0013294292138396756], [0.0013290662256324021]], "form_factor": [[1.2006926498344934], [1.2006596033410541], [1.2005622289730065], [1.2004056820586695], [1.2001981082211348], [1.1999500391603966], [1.1996736627342233], [1.1993820525235646], [1.1990884331422518], [1.1988055376866713], [1.1985450891384715], [1.1983174140064623], [1.1981311779998574], [1.1979932218572007], [1.1979084705858611], [1.1978798901560683]], "reynolds_factor": [[0.9818845074071088], [0.9818937363384255], [0.981920962155419], [0.9819648329175555], [0.9820231951032925], [0.9820932313161992], [0.9821716316613424], [0.9822547821387846], [0.9823389540316104], [0.9824204810052949], [0.9824959146205756], [0.9825621532617896], [0.9826165433194612], [0.9826569543373007], [0.9826818315291682], [0.9826902296181484]], "reference_area": 32.488}, "total": [[0.01690306884235963], [0.01689853193299626], [0.016885143868309464], [0.01686355833921464], [0.016834818725186676], [0.01680029410106542], [0.01676159900715173], [0.01672050434458366], [0.01667884658662935], [0.016638441416605455], [0.01660100626614912], [0.01656809441891478], [0.01654104169236308], [0.01652092543351286], [0.016508534764165753], [0.016504350688483903]], "main_wing": {"wetted_area": 249.724, "skin_friction_coefficient": [[0.002397498731636466], [0.002396841888114536], [0.0023949034693202596], [0.002391777772904837], [0.00238761538660642], [0.0023826140464592942], [0.0023770071481161626], [0.0023710509485057886], [0.002365011478696525], [0.002359152044494446], [0.0023537219659942187], [0.0023489469540043054], [0.002345021286329456], [0.002342101762436826], [0.0023403032968894203], [0.002339695961701327]], "compressibility_factor": [[0.9559271105963535], [0.9559523665324524], [0.9560268625547288], [0.9561468705690654], [0.9563064575961236], [0.9564978722937066], [0.9567120243943694], [0.9569390093198971], [0.9571686323516443], [0.9573908949544289], [0.9575964176091103], [0.9577767860624711], [0.9579248189873301], [0.9580347632229526], [0.9581024274633263], [0.9581252665996722]], "parasite_drag_coefficient": [[0.006034171030639219], [0.006032309172569905], [0.006026816238321043], [0.006017963965623157], [0.00600618535896152], [0.005992047214509589], [0.0059762159117441385], [0.005959419769444601], [0.005942411128751502], [0.005925930779575545], [0.005910676564287796], [0.005897277158244734], [0.005886271289348841], [0.005878092111181072], [0.005873056121877473], [0.00587135591492665]], "form_factor": [[1.2584304948767298], [1.2583869637965963], [1.2582586971723795], [1.2580524900342818], [1.2577790779565774], [1.2574523396716575], [1.2570883340591632], [1.2567042840644491], [1.2563176082398255], [1.2559450742916065], [1.2556021164953335], [1.255302327749783], [1.2550571126290981], [1.2548754724186804], [1.2547638867328776], [1.2547262573931297]], "reynolds_factor": [[0.9818845074071089], [0.9818937363384254], [0.981920962155419], [0.9819648329175554], [0.9820231951032925], [0.9820932313161991], [0.9821716316613424], [0.9822547821387846], [0.9823389540316104], [0.9824204810052949], [0.9824959146205757], [0.9825621532617896], [0.9826165433194614], [0.9826569543373006], [0.9826818315291682], [0.9826902296181486]], "reference_area": 124.862}, "horizontal_stabilizer": {"wetted_area": 64.976, "skin_friction_coefficient": [[0.00218265290831442], [0.002182079084148277], [0.0021803856027972786], [0.002177654672504904], [0.0021740176093741027], [0.0021696469095927357], [0.0021647462758329814], [0.0021595394908004873], [0.0021542590191385947], [0.0021491350972791027], [0.002144385879180637], [0.002140208989311388], [0.002136774632397028], [0.0021342202500993484], [0.0021326466118172143], [0.002132115181917611]], "compressibility_factor": [[0.9559271105963535], [0.9559523665324524], [0.9560268625547288], [0.9561468705690654], [0.9563064575961236], [0.9564978722937066], [0.9567120243943694], [0.9569390093198971], [0.9571686323516443], [0.9573908949544289], [0.9575964176091103], [0.9577767860624711], [0.9579248189873301], [0.9580347632229526], [0.9581024274633263], [0.9581252665996722]], "parasite_drag_coefficient": [[0.0013374616976429578], [0.0013370812523438298], [0.001335958686235225], [0.0013341490854510594], [0.0013317403192045815], [0.0013288475797498232], [0.0013256065548203988], [0.0013221658711811668], [0.0013186794288823317], [0.001315299147519491], [0.001312168500043287], [0.001309417050720229], [0.0013071560704081265], [0.001305475193085395], [0.0013044400106758875], [0.001304090478080648]], "form_factor": [[1.1775354483867313], [1.1775100645661585], [1.1774352599760025], [1.1773149700374563], [1.1771554179608428], [1.1769646594746632], [1.1767520312362176], [1.176527566297163], [1.176301433772511], [1.1760834454797764], [1.1758826542691243], [1.175707051292385], [1.1755633555413967], [1.175456880036875], [1.1753914551393336], [1.1753693898086341]], "reynolds_factor": [[0.9818845074071088], [0.9818937363384255], [0.981920962155419], [0.9819648329175555], [0.9820231951032925], [0.9820932313161992], [0.9821716316613424], [0.9822547821387846], [0.9823389540316104], [0.9824204810052949], [0.9824959146205756], [0.9825621532617896], [0.9826165433194612], [0.9826569543373007], [0.9826818315291682], [0.9826902296181484]], "reference_area": 32.488}, "pylon": {"wetted_area": 7.67