{"numerics": {"tolerance_boundary_conditions": 1e-08, "solver_jacobian": "none", "time": {"integrate": [], "control_points": [], "differentiate": []}, "number_control_points": 16, "tag": "numerics", "tolerance_solution": 1e-08, "converged": null, "discretization_method": null, "dimensionless": {"integrate": [], "control_points": [], "differentiate": []}}, "segments": {"climb_1": {"numerics": {"tolerance_boundary_conditions": 1e-08, "solver_jacobian": "none", "time": {"integrate": [[0.0, 0.0, 0.0, 0.0, 0.0, 0.0, 0.0, 0.0, 0.0, 0.0, 0.0, 0.0, 0.0, 0.0, 0.0, 0.0], [0.0, 7.952884696642483, -4.808946674236355, 4.589315966601132, -4.519767784369031, 4.488756130792045, -4.472264948580375, 4.462496294115337, -4.456283637139894, 4.452141696949083, -4.4493002072595, 4.4473300920904775, -4.445980554651209, 4.445101624937068, -4.444605101564904, 2.222222222222214], [0.0, 13.448663570586993, 9.111580845355968, -1.3353968992968757, 0.5951361351352498, -0.3291693590725797, 0.20028320055051738, -0.12761982583749118, 0.08275103556896325, -0.053397248720571555, 0.03351286345330622, -0.0198453151213255, 0.01053866183306389, -0.004501571100928468, 0.0010994960154849483, -1.0701574804644078e-14], [0.0, 12.610454187443484, 20.57653910723753, 18.22740716520787, -6.4905915325622745, 5.364675772223419, -4.9557961834027795, 4.754683913955645, -4.639741083660373, 4.5680794549293635, -4.521050148227537, 4.489411978656308, -4.468182401692315, 4.454545124936008, -4.44690617100345, 2.2222222222222046], [0.0, 12.976306317384855, 18.548890492796342, 35.12638831118349, 17.994457888645645, -2.737003805285722, 1.2413398431111513, -0.6890871245533718, 0.41342398890544774, -0.25423421852566197, 0.15461232660060897, -0.08963941726112754, 0.04693141372736813, -0.01986484314692615, 0.00482723670330258, -1.4926302626617763e-14], [0.0, 12.776957076087326, 19.4978715205807, 31.98928018913047, 39.51317307050241, 25.713071650571578, -7.6534422384792675, 5.88180447323028, -5.227766597857229, 4.9013523265019705, -4.713515651015623, 4.59725856699214, -4.523385563348465, 4.477577304787473, -4.452458349906166, 2.222222222222199], [0.0, 12.897280739484822, 18.960274053836336, 33.49215267414418, 35.45561438322338, 50.8249580102805, 23.624455902658525, -3.5365797658649707, 1.5583757712330946, -0.8270860451941694, 0.4626680577157284, -0.2547959379069007, 0.12912355057170227, -0.0535628501600303, 0.012872862240693958, -2.335009683585413e-14], [0.0, 12.820741244699159, 19.291080580290316, 32.632688578446796, 37.405262896447674, 46.09498039237307, 51.1421285527712, 29.30570949566681, -8.086266142774843, 6.001293678571726, -5.2351505128762765, 4.8576742265640505, -4.647509636885543, 4.527160198841271, -4.464131591271209, 2.222222222222198], [0.0, 12.870600930930273, 19.079772088214117, 33.160312621786694, 36.29784200557654, 48.34537362309933, 46.02462387524771, 57.93507130164261, 24.987540107645376, -3.5606554433962097, 1.4596871622943888, -0.6941911087515424, 0.3245588508987869, -0.12859273767935891, 0.03017253940433594, -1.5616038093093006e-14], [0.0, 12.838040921862822, 19.21605069277098, 32.8281238787739, 36.96586772560303, 47.091999496951765, 48.40855915456916, 52.73487383207911, 53.385384924732726, 28.401461651160933, -7.714734900057501, 5.699901848917225, -4.979349689243066, 4.646658233219061, -4.490811399825781, 2.222222222222208], [0.0, 12.858927689565242, 19.12935498226793, 33.036188548249626, 36.55825766514847, 47.82373876123871, 47.124565227317476, 55.07657175672499, 48.411445130081965, 55.234915347854226, 21.84159590409579, -2.8021012828062566, 0.9679672402150766, -0.33538367796971985, 0.07395670801614516, -6.007233292461908e-15], [0.0, 12.846086547400214, 19.182352685757902, 32.91031601561823, 36.80071120495728, 47.400055228066925, 47.83570732790062, 53.87982561440671, 50.53789228342124, 50.784577710708255, 45.84722691550862, 23.161058343494986, -6.61358532628237, 5.058041794259072, -4.569836977725808, 2.2222222222222063], [0.0, 12.853375510662508, 19.152387162119396, 32.98098538659345, 36.6661042534843, 47.63127325845059, 47.45783809889003, 54.48854624252809, 49.53856568935661, 52.53726929277768, 42.1899917824439, 43.20166332025846, 14.729840264137755, -1.414051264626581, 0.24045959666002198, -2.4544883411055374e-14], [0.0, 12.849814288088, 19.1669894137119, 32.946708767512504, 36.73091710281748, 47.52115469121416, 47.63487035809548, 54.21049856774317, 49.9764249847053, 51.82563435326878, 43.43939246929545, 40.56038009700536, 29.84819988419809, 14.495351441699412, -5.042194230927937, 2.2222222222221943], [0.0, 12.851074441223936, 19.161830662118355, 32.9587835395523, 36.708186140050145, 47.559523317482515, 47.573775856870306, 54.30508879600761, 49.830753309196886, 52.05373805795521, 43.06591142387529, 41.230839572065186, 28.36793146274452, 23.97143451684727, 4.898029087461013, -2.4387837252297886e-14], [0.0, 12.850913784103463, 19.162487842610993, 32.957247429345536, 36.71107178769618, 47.554667554667446, 47.58147310937494, 54.29324960331214, 49.848805158867805, 52.02591755381927, 43.110223110222904, 41.1555162321406, 28.512802984901228, 23.606932287055347, 8.40646933965906, 2.2222222222221903]], "control_points": [[0.0], [5.4630998165485725], [21.613635589349762], [47.745751406263096], [82.71734841028537], [124.99999999999986], [172.74575140626297], [223.86788418308643], [276.1321158169131], [327.2542485937366], [374.9999999999996], [417.2826515897141], [452.25424859373646], [478.38636441064983], [494.536900183451], [499.99999999999955]], "differentiate": [[-0.3006666666666678, 0.3660925238710981, -0.09253417786804506, 0.04188854381999836, -0.02417872475892026, 0.016000000000000018, -0.011577708763999675, 0.008933840632380905, -0.007242909771951633, 0.006111456180001688, -0.005333333333333338, 0.004792914328886276, -0.00442229123600034, 0.004180721167635931, -0.004044187601083134, 0.0020000000000000018], [-0.09152313096777452, 0.04525604203375205, 0.06191745054576337, -0.02365036161174091, 0.01294427190999917, -0.008365617633260665, 0.00597790619945844, -0.004578654276738507, 0.0036945492128240246, -0.003107605674674451, 0.0027060897017417342, -0.0024282479928267476, 0.0022381822082574295, -0.002114507944239699, 0.0020446811897300602, -0.0010110469002707835], [0.023133544467011265, -0.06191745054576337, 0.011044182087551051, 0.03826708893402256, -0.016365617633260672, 0.009672455412282467, -0.006616727322281621, 0.004944271909999163, -0.003928987785507388, 0.0032718164977167067, -0.002829763965759465, 0.0025273649428215004, -0.002322121903513577, 0.0021892725570120952, -0.002114507944239699, 0.001045180291908983], [-0.01047213595499959, 0.02365036161174091, -0.03826708893402256, 0.004683281572999782, 0.028594633521740073, -0.012944271909999175, 0.008000000000000007, -0.00567787809648643, 0.004378545114024191, -0.0035777087639996667, 0.0030557280900008446, -0.0027060897017417347, 0.0024721359549995815, -0.002322121903513577, 0.0022381822082574295, -0.001105572809000085], [0.006044681189730065, -0.01294427190999917, 0.016365617633260672, -0.028594633521740073, 0.0024232263037542324, 0.023650361611740923, -0.01110760567467446, 0.007084634815765924, -0.005170236034240544, 0.0040893623794601205, -0.0034213457232615007, 0.002988953099729221, -0.002706089701741734, 0.0025273649428214995, -0.0024282479928267467, 0.0011982285822215687], [-0.004000000000000004, 0.008365617633260665, -0.009672455412282467, 0.012944271909999175, -0.023650361611740923, 0.0013333333333333493, 0.020944271909999167, -0.010114507944239702, 0.006616727322281621, -0.004944271909999163, 0.004000000000000004, -0.003421345723261501, 0.003055728090000844, -0.002829763965759464, 0.002706089701741734, -0.0013333333333333344], [0.0028944271909999188, -0.00597790619945844, 0.006616727322281621, -0.008000000000000007, 0.01110760567467446, -0.020944271909999167, 0.0006832815729997488, 0.01956099923228078, -0.009672455412282467, 0.006472135954999585, -0.004944271909999165, 0.004089362379460122, -0.0035777087639996667, 0.003271816497716706, -0.003107605674674451, 0.001527864045000422], [-0.002233460158095226, 0.004578654276738507, -0.004944271909999163, 0.00567787809648643, -0.007084634815765924, 0.010114507944239702, -0.01956099923228078, 0.00021136635755363128, 0.01913354446701129, -0.009672455412282465, 0.0066167273222816235, -0.005170236034240546, 0.004378545114024191, -0.003928987785507387, 0.0036945492128240246, -0.0018107274429879083], [0.0018107274429879083, -0.0036945492128240246, 0.003928987785507388, -0.004378545114024191, 0.005170236034240544, -0.006616727322281621, 0.009672455412282467, -0.01913354446701129, -0.00021136635755362594, 0.01956099923228077, -0.010114507944239707, 0.007084634815765928, -0.005677878096486429, 0.004944271909999162, -0.004578654276738506, 0.0022334601580952258], [-0.001527864045000422, 0.003107605674674451, -0.0032718164977167067, 0.0035777087639996667, -0.0040893623794601205, 0.004944271909999163, -0.006472135954999585, 0.009672455412282465, -0.01956099923228077, -0.0006832815729997842, 0.02094427190999921, -0.011107605674674472, 0.008000000000000007, -0.00661672732228162, 0.00597790619945844, -0.0028944271909999188], [0.0013333333333333346, -0.0027060897017417342, 0.002829763965759465, -0.0030557280900008446, 0.0034213457232615007, -0.004000000000000004, 0.004944271909999165, -0.0066167273222816235, 0.010114507944239707, -0.02094427190999921, -0.0013333333333333404, 0.02365036161174094, -0.01294427190999916, 0.009672455412282458, -0.00836561763326066, 0.004000000000000002], [-0.001198228582221569, 0.0024282479928267476, -0.0025273649428215004, 0.0027060897017417347, -0.002988953099729221, 0.003421345723261501, -0.004089362379460122, 0.005170236034240546, -0.007084634815765928, 0.011107605674674472, -0.02365036161174094, -0.002423226303754158, 0.028594633521739982, -0.016365617633260637, 0.012944271909999151, -0.006044681189730057], [0.001105572809000085, -0.0022381822082574295, 0.002322121903513577, -0.0024721359549995815, 0.002706089701741734, -0.003055728090000844, 0.0035777087639996667, -0.004378545114024191, 0.005677878096486429, -0.008000000000000007, 0.01294427190999916, -0.028594633521739982, -0.004683281572999814, 0.03826708893402252, -0.02365036161174091, 0.01047213595499959], [-0.0010451802919089828, 0.002114507944239699, -0.0021892725570120952, 0.002322121903513577, -0.0025273649428214995, 0.002829763965759464, -0.003271816497716706, 0.003928987785507387, -0.004944271909999162, 0.00661672732228162, -0.009672455412282458, 0.016365617633260637, -0.03826708893402252, -0.011044182087551145, 0.06191745054576348, -0.023133544467011293], [0.0010110469002707835, -0.0020446811897300602, 0.002114507944239699, -0.0022381822082574295, 0.0024282479928267467, -0.002706089701741734, 0.003107605674674451, -0.0036945492128240246, 0.004578654276738506, -0.00597790619945844, 0.00836561763326066, -0.012944271909999151, 0.02365036161174091, -0.06191745054576348, -0.04525604203375196, 0.09152313096777452], [-0.0020000000000000018, 0.004044187601083134, -0.004180721167635932, 0.00442229123600034, -0.004792914328886275, 0.0053333333333333375, -0.006111456180001688, 0.007242909771951633, -0.008933840632380903, 0.011577708763999675, -0.016000000000000007, 0.024178724758920227, -0.04188854381999836, 0.09253417786804517, -0.3660925238710981, 0.3006666666666677]]}, "number_control_points": 16, "tag": "numerics", "tolerance_solution": 1e-08, "converged": null, "discretization_method": null, "dimensionless": {"integrate": [[0.0, 0.0, 0.0, 0.0, 0.0, 0.0, 0.0, 0.0, 0.0, 0.0, 0.0, 0.0, 0.0, 0.0, 0.0, 0.0], [0.0, 0.01590576939328498, -0.00961789334847272, 0.009178631933202272, -0.00903953556873807, 0.008977512261584098, -0.008944529897160759, 0.008924992588230683, -0.008912567274279795, 0.008904283393898173, -0.008898600414519009, 0.008894660184180963, -0.008891961109302427, 0.008890203249874143, -0.008889210203129817, 0.004444444444444431], [0.0, 0.02689732714117401, 0.018223161690711955, -0.002670793798593754, 0.0011902722702705007, -0.00065833871814516, 0.00040056640110103513, -0.00025523965167498257, 0.00016550207113792665, -0.0001067944974411432, 6.70257269066125e-05, -3.969063024265104e-05, 2.10773236661278e-05, -9.003142201856944e-06, 2.1989920309698986e-06, -2.1403149609288176e-17], [0.0, 0.02522090837488699, 0.04115307821447509, 0.03645481433041578, -0.01298118306512456, 0.010729351544446847, -0.009911592366805569, 0.0095093678279113, -0.009279482167320753, 0.009136158909858735, -0.009042100296455082, 0.008978823957312624, -0.008936364803384637, 0.008909090249872024, -0.008893812342006908, 0.004444444444444413], [0.0, 0.025952612634769733, 0.037097780985592715, 0.07025277662236705, 0.035988915777291325, -0.00547400761057145, 0.002482679686222305, -0.001378174249106745, 0.0008268479778108962, -0.0005084684370513244, 0.00030922465320121825, -0.00017927883452225523, 9.386282745473634e-05, -3.972968629385233e-05, 9.654473406605168e-06, -2.9852605253235555e-17], [0.0, 0.025553914152174676, 0.038995743041161435, 0.063978560378261, 0.0790263461410049, 0.0514261433011432, -0.015306884476958549, 0.01176360894646057, -0.010455533195714468, 0.00980270465300395, -0.009427031302031255, 0.00919451713398429, -0.009046771126696938, 0.008955154609574953, -0.00890491669981234, 0.004444444444444402], [0.0, 0.025794561478969667, 0.03792054810767271, 0.06698430534828842, 0.07091122876644682, 0.10164991602056109, 0.047248911805317095, -0.007073159531729948, 0.003116751542466192, -0.0016541720903883402, 0.0009253361154314576, -0.0005095918758138019, 0.00025824710114340476, -0.00010712570032006069, 2.574572448138794e-05, -4.6700193671708306e-17], [0.0, 0.02564148248939834, 0.03858216116058067, 0.06526537715689365, 0.07481052579289542, 0.09218996078474621, 0.10228425710554248, 0.05861141899133367, -0.016172532285549702, 0.012002587357143464, -0.010470301025752563, 0.00971534845312811, -0.009295019273771094, 0.00905432039768255, -0.008928263182542426, 0.0044444444444444], [0.0, 0.02574120186186057, 0.03815954417642827, 0.06632062524357345, 0.07259568401115316, 0.09669074724619874, 0.09204924775049551, 0.11587014260328532, 0.0499750802152908, -0.007121310886792426, 0.00291937432458878, -0.0013883822175030861, 0.0006491177017975743, -0.00025718547535871804, 6.0345078808671935e-05, -3.123207618618604e-17], [0.0, 0.025676081843725666, 0.038432101385542, 0.06565624775754786, 0.07393173545120613, 0.09418399899390362, 0.09681711830913842, 0.10546974766415831, 0.10677076984946555, 0.056802923302321916, -0.015429469800115017, 0.01139980369783446, -0.009958699378486141, 0.00929331646643813, -0.00898162279965157, 0.00444444444444442], [0.0, 0.025717855379130506, 0.0382587099645359, 0.06607237709649931, 0.073116515330297, 0.0956474775224775, 0.09424913045463504, 0.11015314351345007, 0.09682289026016402, 0.11046983069570855, 0.04368319180819162, -0.005604202565612519, 0.001935934480430155, -0.0006707673559394403, 0.00014791341603229046, -1.2014466584923826e-17], [0.0, 0.02569217309480045, 0.03836470537151584, 0.06582063203123652, 0.07360142240991463, 0.09480011045613394, 0.09567141465580133, 0.10775965122881352, 0.10107578456684257, 0.1015691554214166, 0.09169445383101732, 0.04632211668699002, -0.013227170652564752, 0.010116083588518154, -0.009139673955451625, 0.004444444444444417], [0.0, 0.02570675102132504, 0.03830477432423883, 0.06596197077318697, 0.07333220850696867, 0.09526254651690126, 0.09491567619778014, 0.10897709248505627, 0.09907713137871331, 0.10507453858555546, 0.08437998356488788, 0.086403326640517, 0.029459680528275536, -0.0028281025292531646, 0.0004809191933200444, -4.9089766822110795e-17], [0.0, 0.025699628576176022, 0.038333978827423836, 0.06589341753502508, 0.07346183420563503, 0.0950423093824284, 0.09526974071619106, 0.10842099713548645, 0.09995284996941069, 0.10365126870653765, 0.08687878493859097, 0.0811207601940108, 0.05969639976839623, 0.02899070288339885, -0.010084388461855883, 0.004444444444444392], [0.0, 0.025702148882447897, 0.038323661324236744, 0.06591756707910466, 0.07341637228010035, 0.09511904663496512, 0.0951475517137407, 0.10861017759201531, 0.09966150661839386, 0.10410747611591051, 0.08613182284775066, 0.08246167914413045, 0.056735862925489086, 0.04794286903369459, 0.009796058174922035, -4.8775674504595817e-17], [0.0, 0.02570182756820695, 0.03832497568522202, 0.06591449485869114, 0.07342214357539242, 0.09510933510933497, 0.09516294621874996, 0.10858649920662439, 0.0996976103177357, 0.10405183510763863, 0.08622044622044589, 0.08231103246428127, 0.05702560596980251, 0.04721386457411074, 0.016812938679318136, 0.004444444444444385]], "control_points": [[0.0], [0.010926199633097156], [0.04322727117869957], [0.09549150281252627], [0.16543469682057088], [0.24999999999999994], [0.3454915028125263], [0.4477357683661733], [0.5522642316338267], [0.6545084971874737], [0.7499999999999999], [0.8345653031794289], [0.9045084971874737], [0.9567727288213005], [0.9890738003669028], [1.0]], "differentiate": [[-150.33333333333377, 183.04626193554887, -46.26708893402249, 20.944271909999163, -12.089362379460118, 8.000000000000002, -5.788854381999832, 4.466920316190448, -3.6214548859758136, 3.0557280900008412, -2.666666666666667, 2.396457164443136, -2.211145618000168, 2.0903605838179637, -2.0220938005415654, 1.0], [-45.76156548388722, 22.628021016876005, 30.958725272881658, -11.825180805870444, 6.472135954999579, -4.182808816630328, 2.9889530997292173, -2.2893271383692513, 1.8472746064120107, -1.5538028373372241, 1.353044850870866, -1.2141239964133728, 1.1190911041287137, -1.0572539721198484, 1.0223405948650293, -0.5055234501353914], [11.566772233505622, -30.958725272881658, 5.522091043775521, 19.133544467011262, -8.18280881663033, 4.836227706141229, -3.3083636611408074, 2.472135954999579, -1.9644938927536926, 1.6359082488583518, -1.4148819828797312, 1.263682471410749, -1.1610609517567874, 1.0946362785060466, -1.0572539721198484, 0.522590145954491], [-5.236067977499791, 11.825180805870444, -19.133544467011262, 2.341640786499889, 14.297316760870023, -6.472135954999581, 4.0, -2.8389390482432124, 2.1892725570120937, -1.7888543819998317, 1.5278640450004208, -1.3530448508708661, 1.2360679774997896, -1.1610609517567874, 1.1190911041287137, -0.552786404500042], [3.0223405948650295, -6.472135954999579, 8.18280881663033, -14.297316760870023, 1.2116131518771152, 11.82518080587045, -5.553802837337225, 3.5423174078829587, -2.5851180171202697, 2.0446811897300585, -1.7106728616307487, 1.494476549864609, -1.3530448508708657, 1.2636824714107486, -1.2141239964133723, 0.5991142911107837], [-2.0000000000000004, 4.182808816630328, -4.836227706141229, 6.472135954999581, -11.82518080587045, 0.6666666666666741, 10.472135954999574, -5.057253972119846, 3.3083636611408074, -2.472135954999579, 2.0000000000000004, -1.710672861630749, 1.5278640450004206, -1.4148819828797308, 1.3530448508708657, -0.6666666666666666], [1.447213595499958, -2.9889530997292173, 3.3083636611408074, -4.0, 5.553802837337225, -10.472135954999574, 0.34164078649987406, 9.780499616140382, -4.836227706141229, 3.2360679774997894, -2.47213595499958, 2.0446811897300594, -1.7888543819998317, 1.6359082488583514, -1.5538028373372241, 0.7639320225002103], [-1.116730079047612, 2.2893271383692513, -2.472135954999579, 2.8389390482432124, -3.5423174078829587, 5.057253972119846, -9.780499616140382, 0.10568317877681555, 9.566772233505636, -4.836227706141228, 3.3083636611408087, -2.5851180171202706, 2.1892725570120937, -1.9644938927536917, 1.8472746064120107, -0.9053637214939534], [0.9053637214939534, -1.8472746064120107, 1.9644938927536926, -2.1892725570120937, 2.5851180171202697, -3.3083636611408074, 4.836227706141229, -9.566772233505636, -0.10568317877681288, 9.780499616140377, -5.057253972119849, 3.542317407882961, -2.838939048243212, 2.4721359549995787, -2.289327138369251, 1.1167300790476118], [-0.7639320225002103, 1.5538028373372241, -1.6359082488583518, 1.7888543819998317, -2.0446811897300585, 2.472135954999579, -3.2360679774997894, 4.836227706141228, -9.780499616140377, -0.3416407864998918, 10.472135954999594, -5.553802837337231, 4.0, -3.308363661140807, 2.9889530997292173, -1.447213595499958], [0.6666666666666667, -1.353044850870866, 1.4148819828797312, -1.5278640450004208, 1.7106728616307487, -2.0000000000000004, 2.47213595499958, -3.3083636611408087, 5.057253972119849, -10.472135954999594, -0.6666666666666696, 11.82518080587046, -6.472135954999574, 4.836227706141225, -4.182808816630326, 1.9999999999999991], [-0.599114291110784, 1.2141239964133728, -1.263682471410749, 1.3530448508708661, -1.494476549864609, 1.710672861630749, -2.0446811897300594, 2.5851180171202706, -3.542317407882961, 5.553802837337231, -11.82518080587046, -1.2116131518770779, 14.297316760869979, -8.182808816630311, 6.47213595499957, -3.0223405948650255], [0.552786404500042, -1.1190911041287137, 1.1610609517567874, -1.2360679774997896, 1.3530448508708657, -1.5278640450004206, 1.7888543819998317, -2.1892725570120937, 2.838939048243212, -4.0, 6.472135954999574, -14.297316760869979, -2.341640786499905, 19.13354446701124, -11.825180805870444, 5.236067977499791], [-0.5225901459544909, 1.0572539721198484, -1.0946362785060466, 1.1610609517567874, -1.2636824714107486, 1.4148819828797308, -1.6359082488583514, 1.9644938927536917, -2.4721359549995787, 3.308363661140807, -4.836227706141225, 8.182808816630311, -19.13354446701124, -5.522091043775568, 30.95872527288171, -11.566772233505636], [0.5055234501353914, -1.0223405948650293, 1.0572539721198484, -1.1190911041287137, 1.2141239964133723, -1.3530448508708657, 1.5538028373372241, -1.8472746064120107, 2.289327138369251, -2.9889530997292173, 4.182808816630326, -6.47213595499957, 11.825180805870444, -30.95872527288171, -22.628021016875962, 45.76156548388722], [-1.0, 2.0220938005415654, -2.090360583817964, 2.211145618000168, -2.396457164443135, 2.6666666666666665, -3.0557280900008412, 3.6214548859758136, -4.466920316190447, 5.788854381999832, -7.9999999999999964, 12.089362379460102, -20.944271909999163, 46.267088934022546, -183.04626193554887, 150.3333333333337]]}}, "unknowns": {"tag": "unknowns", "throttle": [[0.5039459891578276], [0.505400393077734], [0.5097567683258304], [0.5169877267639386], [0.5270256634006407], [0.5397329887496697], [0.5548662523696626], [0.5720393748749723], [0.5906927688660235], [0.6100769568139406], [0.6292604920765297], [0.6471710357331004], [0.6626738780642615], [0.674683654419336], [0.6822941478694183], [0.6849016702371727]], "body_angle": [[0.07713034951757863], [0.07736621555362569], [0.07806861882204805], [0.0792215215688261], [0.08079675480984962], [0.08275211526035499], [0.0850292303310674], [0.08755174296225972], [0.09022451406845779], [0.0929346095104667], [0.09555476127103185], [0.09794970783272237], [0.09998531087423916], [0.10153967983134266], [0.10251487149314727], [0.10284728781806417]]}, "conditions": {"freestream": {"stagnation_temperature": [[295.9260686541241], [295.71300885746484], [295.0831540236811], [294.0640680748647], [292.7003433517394], [291.0516424760725], [289.19008020241426], [287.1970615204027], [285.15971595118833], [283.1670852441939], [281.3062318361741], [279.6584381474709], [278.29566207177453], [277.27740220109064], [276.64810803971864], [276.4352465643846]], "reynolds_number": [[8557431.972459458], [8535440.315262513], [8470668.750279741], [8366630.308626608], [8228869.088803305], [8064536.8616100075], [7881878.0073576], [7689682.971598328], [7496767.27381122], [7311521.38239775], [7141559.623252226], [6993477.502829849], [6872709.908229901], [6783470.152708085], [6728743.068610967], [6710304.423083073]], "temperature": [[288.15], [287.93694020334067], [287.307085369557], [286.2879994207405], [284.92427469761526], [283.2755738219484], [281.41401154829015], [279.4209928662786], [277.3836472970642], [275.3910165900698], [273.53016318204993], [271.8823694933468], [270.51959341765036], [269.50133354696646], [268.8720393855945], [268.65917791026044]], "mach_number": [[0.36732943714524596], [0.36746531526967807], [0.3678678864305762], [0.36852204582359716], [0.3694029162058461], [0.37047634323482026], [0.3716996796253695], [0.37302293044699747], [0.37439032582495874], [0.37574236163706926], [0.3770183019016514], [0.3781590708367673], [0.3791103859109277], [0.3798259091638278], [0.3802701400575595], [0.38042075623350946]], "density": [[1.2250000002007604], [1.2211497803191826], [1.209821744887532], [1.191663791571238], [1.167692144531067], [1.1392057413736987], [1.1076838728330025], [1.0746802560232975], [1.0417255845272482], [1.0102475564148967], [0.9815132815519447], [0.9565947503590573], [0.9363544977839529], [0.9214462122373526], [0.912323982570634], [0.9092540409740743]], "speed_of_sound": [[340.77798740529], [340.6519774885652], [340.279189683219], [339.67516387064273], [338.8651816579619], [337.8833455655576], [336.7713053485537], [335.5766524998154], [334.3510172952495], [333.14792018575884], [332.02045013116793], [331.0188647018016], [330.18822737946704], [329.56621253312863], [329.1812138763443], [329.0508844586766]], "altitude": [[0.0], [32.77859889929147], [129.6818135360987], [286.47450843757883], [496.30409046171263], [749.9999999999999], [1036.4745084375788], [1343.2073050985198], [1656.79269490148], [1963.5254915624212], [2249.9999999999995], [2503.6959095382867], [2713.5254915624214], [2870.3181864639014], [2967.2214011007086], [3000.0]], "dynamic_pressure": [[9570.31250156844], [9540.232658743615], [9451.732381933843], [9309.873371650297], [9122.59487914896], [8900.044854482021], [8653.780256507833], [8395.939500182012], [8138.481129119126], [7892.559034491381], [7668.072512124568], [7473.396487180135], [7315.269513937132], [7198.798533104317], [7127.531113833078], [7103.547195109955]], "gravity": [[9.80665], [9.80665], [9.80665], [9.80665], [9.80665], [9.80665], [9.80665], [9.80665], [9.80665], [9.80665], [9.80665], [9.80665], [9.80665], [9.80665], [9.80665], [9.80665]], "universal_gas_constant": 287.87, "pressure": [[101325.0], [100931.84699184986], [99776.81169285787], [97930.68381545994], [95503.59276886398], [92634.59193418456], [89479.47957332886], [86198.59783119273], [82946.12169226634], [79861.87044540115], [77066.08639649136], [74657.06958380222], [72711.13546932633], [71284.1224201241], [70413.61356236027], [70121.11626696083]], "specific_heat_at_constant_pressure": 1007.5450000000002, "velocity": [[125.0], [125.0], [125.0], [125.0], [125.0], [125.0], [125.0], [125.0], [125.0], [125.0], [125.0], [125.0], [125.0], [125.0], [125.0], [125.0]], "dynamic_viscosity": [[1.789380278077583e-05], [1.788352058029746e-05], [1.785310257893714e-05], [1.7803819273909854e-05], [1.7737737287009148e-05], [1.7657643596322206e-05], [1.756694076904956e-05], [1.746951499809233e-05], [1.7369579888226507e-05], [1.727150040973406e-05], [1.7179603149223745e-05], [1.7097980760858593e-05], [1.703030009790409e-05], [1.6979624578091023e-05], [1.6948261608222015e-05], [1.69376451433092e-05]], "isentropic_expansion_factor": 1.4, "stagnation_pressure": [[111222.51592474313], [110798.49925269737], [109552.65412628559], [107560.95447360595], [104941.66281201696], [101844.23152003746], [98436.30669794037], [94890.68098147109], [91373.80312108384], [88036.94872653933], [85010.53621171639], [82401.4824342801], [80293.04246826126], [78746.3187357645], [77802.55398735584], [77485.40252527231]]}, "energies": {"propulsion_power": [[0.0], [0.0], [0.0], [0.0], [0.0], [0.0], [0.0], [0.0], [0.0], [0.0], [0.0], [0.0], [0.0], [0.0], [0.0], [0.0]], "total_efficiency": [[0.0], [0.0], [0.0], [0.0], [0.0], [0.0], [0.0], [0.0], [0.0], [0.0], [0.0], [0.0], [0.0], [0.0], [0.0], [0.0]], "gravity_energy": [[0.0], [0.0], [0.0], [0.0], [0.0], [0.0], [0.0], [0.0], [0.0], [0.0], [0.0], [0.0], [0.0], [0.0], [0.0], [0.0]], "total_energy": [[0.0], [0.0], [0.0], [0.0], [0.0], [0.0], [0.0], [0.0], [0.0], [0.0], [0.0], [0.0], [0.0], [0.0], [0.0], [0.0]]}, "aerodynamics": {"drag_coefficient": [[0.03548961381732326], [0.035603236517861264], [0.03594354420511902], [0.03650842709654828], [0.037292950066591696], [0.038287276225651604], [0.03947392582746049], [0.040824669134923816], [0.04229758658484242], [0.04383509047066856], [0.04536388718673396], [0.04679782028959693], [0.04804413308364222], [0.04901288842783048], [0.049628240465255144], [0.0498393323304511]], "angle_of_attack": [[0.029111898381031443], [0.029347764417078516], [0.030050167685500874], [0.031203070432278934], [0.03277830367330245], [0.034733664123807816], [0.03701077919452023], [0.039533291825712545], [0.04220606293191062], [0.044916158373919525], [0.04753631013448468], [0.0499312566961752], [0.05196685973769198], [0.053521228694795496], [0.054496420356600093], [0.05482883668151698]], "roll_angle": [[0.0], [0.0], [0.0], [0.0], [0.0], [0.0], [0.0], [0.0], [0.0], [0.0], [0.0], [0.0], [0.0], [0.0], [0.0], [0.0]], "lift_coefficient": [[0.6457652675461271], [0.6477376298733482], [0.6536121449908576], [0.6632571934754613], [0.6764409905470272], [0.692815092736335], [0.7118957421042694], [0.7330477134035314], [0.7554766132928111], [0.7782362324847881], [0.8002569627896915], [0.8203989128031677], [0.8375290222603846], [0.8506157258366701], [0.8588289197879132], [0.8616290578654304]], "drag_breakdown": {"total": [[0.03548961381732326], [0.035603236517861264], [0.03594354420511902], [0.03650842709654828], [0.037292950066591696], [0.038287276225651604], [0.03947392582746049], [0.040824669134923816], [0.04229758658484242], [0.04383509047066856], [0.04536388718673396], [0.04679782028959693], [0.04804413308364222], [0.04901288842783048], [0.049628240465255144], [0.0498393323304511]], "spoiler_drag": 0.0, "compressible": {"horizontal_stabilizer": {"crest_critical": 1.0514387012839752, "compressibility_drag": [[4.569306032530025e-11], [4.594115122225531e-11], [4.668356643923817e-11], [4.791383898352681e-11], [4.96182489268662e-11], [5.1771585021199524e-11], [5.4331670819690113e-11], [5.723334678633651e-11], [6.038304198979781e-11], [6.365552392565454e-11], [6.68946885610559e-11], [6.992008278978135e-11], [7.254000960483998e-11], [7.457052122487201e-11], [7.585767286770526e-11], [7.629875883643403e-11]], "divergence_mach": 1.0921466694604667, "wing_sweep": 0.6981317007977318, "thickness_to_chord": 0.1044325831465823}, "total": [[5.549210913643852e-08], [5.613211830097803e-08], [5.8071970906420474e-08], [6.13678467416042e-08], [6.610158223898696e-08], [7.236038960721803e-08], [8.020433598255906e-08], [8.962025863961433e-08], [1.0046491031369371e-07], [1.124072346654244e-07], [1.2488791993234253e-07], [1.3711919527924584e-07], [1.4814352206346735e-07], [1.5695388470343682e-07], [1.6265550578479892e-07], [1.6462974770593163e-07]], "main_wing": {"crest_critical": [[0.7350755060878311], [0.734768442961886], [0.7338589563562935], [0.7323821994759184], [0.730396759259024], [0.7279841534816209], [0.7252472375507727], [0.7223069043250065], [0.719296681229374], [0.7163553027139417], [0.7136179811883653], [0.711207702338461], [0.7092281278589176], [0.7077593501251781], [0.7068568078489876], [0.7065524978272754]], "compressibility_drag": [[5.4902942904667994e-08], [5.55397531856603e-08], [5.747003309072583e-08], [6.075004579409458e-08], [6.546180463295282e-08], [7.169284688973368e-08], [7.9503783523723e-08], [8.888229197645671e-08], [9.968633148665305e-08], [1.1158646046260983e-07], [1.240253799469619e-07], [1.3621764586651086e-07], [1.4720819131942834e-07], [1.559923725464825e-07], [1.6167739709704264e-07], [1.6364595165654468e-07]], "divergence_mach": [[0.7552866842784297], [0.7549711783360625], [0.7540366850533391], [0.752519324185746], [0.7504792935415036], [0.748000352258609], [0.7451881837923232], [0.7421670049959], [0.7390740146812873], [0.7360517618545646], [0.7332391766415707], [0.7307626262659238], [0.7287286226396925], [0.7272194603083801], [0.7262921022920139], [0.7259794251515185]], "wing_sweep": 0.4363323129985824, "thickness_to_chord": 0.11033779189624919}, "vertical_stabilizer": {"crest_critical": 0.9081478860594208, "compressibility_drag": [[5.434731714452285e-10], [5.464239640954683e-10], [5.552542492554112e-10], [5.698871085260863e-10], [5.901593571072674e-10], [6.157711324631599e-10], [6.462207880163733e-10], [6.807333163712873e-10], [7.181957850508711e-10], [7.571186788889214e-10], [7.956452968195674e-10], [8.316293299452101e-10], [8.627907344341506e-10], [8.869416357294223e-10], [9.022510148885614e-10], [9.074972905505216e-10]], "divergence_mach": 0.9331177545920408, "wing_sweep": 0.4363323129985824, "thickness_to_chord": 0.08827023351699935}}, "miscellaneous": {"total": [[0.001151304235369177], [0.001151304235369177], [0.001151304235369177], [0.001151304235369177], [0.001151304235369177], [0.001151304235369177], [0.001151304235369177], [0.001151304235369177], [0.001151304235369177], [0.001151304235369177], [0.001151304235369177], [0.001151304235369177], [0.001151304235369177], [0.001151304235369177], [0.001151304235369177], [0.001151304235369177]], "trim_correction_factor": 1.02, "total_wetted_area": 939.8915455285838, "reference_area": 124.862}, "trim_corrected_drag": [[0.03548961381732326], [0.035603236517861264], [0.03594354420511902], [0.03650842709654828], [0.037292950066591696], [0.038287276225651604], [0.03947392582746049], [0.040824669134923816], [0.04229758658484242], [0.04383509047066856], [0.04536388718673396], [0.04679782028959693], [0.04804413308364222], [0.04901288842783048], [0.049628240465255144], [0.0498393323304511]], "parasite": {"vertical_stabilizer": {"wetted_area": 54.632, "skin_friction_coefficient": [[0.0024308424384760566], [0.0024317353218403746], [0.0024343811104413876], [0.0024386817005885714], [0.002444475294422776], [0.002451539318243548], [0.0024595951683632996], [0.0024683153206035507], [0.00247733330961119], [0.002486256916259729], [0.0024946845812205336], [0.002502224604164496], [0.0025085161443163884], [0.0025132505047876885], [0.0025161907855522215], [0.0025171878533557313]], "compressibility_factor": [[0.9847069609212264], [0.9846958179755129], [0.9846627816470471], [0.9846090267439327], [0.9845365005030968], [0.984447900596847], [0.9843466333657082], [0.9842367429871532], [0.9841228022313492], [0.9840097575044978], [0.9839027253787109], [0.983806744673234], [0.9837264966565721], [0.9836660146160855], [0.9836284108547193], [0.9836156520011085]], "reference_area": 27.316, "form_factor": [[1.171577491657943], [1.1715862471941834], [1.171612214134115], [1.1716544940879006], [1.1717115932838094], [1.1717814329724376], [1.1718613736771504], [1.171948261717337], [1.1720385068023311], [1.172128198071831], [1.1722132623411283], [1.1722896624429098], [1.1723536259812624], [1.1724018867955037], [1.1724319148561952], [1.1724421072457194]], "reynolds_factor": [[0.9936295400325281], [0.9936254276059221], [0.9936132377307701], [0.9935934111459911], [0.9935666769218817], [0.9935340422628759], [0.9934967745687074], [0.9934563726978779], [0.9934145244215797], [0.9933730478232291], [0.9933338159892705], [0.9932986667062592], [0.9932693017670486], [0.9932471833941776], [0.9932334375297559], [0.9932287746178903]], "parasite_drag_coefficient": [[0.0012460763170716457], [0.0012465433345197918], [0.0012479272630600863], [0.0012501769712503692], [0.001253208096402114], [0.0012569045195866292], [0.0012611207846669544], [0.0012656857505548265], [0.0012704077522825111], [0.0012750814595243359], [0.0012794964526054032], [0.001283447292386956], [0.0012867445695734258], [0.0012892261318408857], [0.0012907674712123428], [0.0012912901773497296]]}, "total": [[0.01653425528849243], [0.01654005794786451], [0.016557251818378468], [0.01658519780625541], [0.016622842191792195], [0.016668736050139566], [0.01672106663941005], [0.016777704155858365], [0.016836267050170235], [0.016894208009660718], [0.016948920649490263], [0.016997864013030547], [0.017038698500556244], [0.01706942343854634], [0.017088503969636782], [0.017094974084650008]], "main_wing": {"wetted_area": 249.724, "skin_friction_coefficient": [[0.002410325559315407], [0.0024112078797027536], [0.00241382235855834], [0.0024180720258345435], [0.00242379695857097], [0.0024307771725165365], [0.0024387373213276583], [0.0024473537317177777], [0.0024562642731036114], [0.002465081394325076], [0.0024734083438803303], [0.002480858137530699], [0.0024870743007643606], [0.002491751887740021], [0.0024946568865112186], [0.0024956419860135744]], "compressibility_factor": [[0.9847069609212264], [0.9846958179755129], [0.9846627816470471], [0.9846090267439327], [0.9845365005030968], [0.984447900596847], [0.9843466333657082], [0.9842367429871532], [0.9841228022313492], [0.9840097575044978], [0.9839027253787109], [0.983806744673234], [0.9837264966565721], [0.9836660146160855], [0.9836284108547193], [0.9836156520011085]], "reference_area": 124.862, "form_factor": [[1.2201802844283178], [1.220191755397712], [1.2202257758134507], [1.2202811689861346], [1.2203559783464863], [1.2204474809862405], [1.2205522193168488], [1.2206660619005258], [1.2207843049990257], [1.2209018245253567], [1.2210132833434268], [1.2211133911686733], [1.2211972043851105], [1.2212604425733138], [1.221299789912534], [1.22131314558617]], "reynolds_factor": [[0.9936295400325281], [0.9936254276059222], [0.99361323773077], [0.9935934111459911], [0.9935666769218817], [0.993534042262876], [0.9934967745687074], [0.9934563726978779], [0.9934145244215797], [0.9933730478232291], [0.9933338159892705], [0.9932986667062592], [0.9932693017670486], [0.9932471833941776], [0.9932334375297559], [0.9932287746178903]], "parasite_drag_coefficient": [[0.005882063453060635], [0.005884271950726596], [0.005890816520295408], [0.005901455516756095], [0.005915790217380229], [0.005933271754073326], [0.005953212499754601], [0.005974803283546991], [0.005997137747069459], [0.006019244743869992], [0.0060401288860207], [0.006058818186657021], [0.006074416366382981], [0.0060861560264085365], [0.006093447862800015], [0.006095920728390311]]}, "horizontal_stabilizer": {"wetted_area": 64.976, "skin_friction_coefficient": [[0.0021971529590275856], [0.0021979276861183177], [0.00220022325583474], [0.0022039542689808326], [0.002208979934641807], [0.0022151066829754814], [0.002222092380861435], [0.0022296526011404876], [0.0022374693676815234], [0.0022452026524189764], [0.0022525046253712307], [0.0022590362670432723], [0.002264485490509456], [0.002268585469252533], [0.002271131532522238], [0.0022719948780126464]], "compressibility_factor": [[0.9847069609212264], [0.9846958179755129], [0.9846627816470471], [0.9846090267439327], [0.9845365005030968], [0.984447900596847], [0.9843466333657082], [0.9842367429871532], [0.9841228022313492], [0.9840097575044978], [0.9839027253787109], [0.983806744673234], [0.9837264966565721], [0.9836660146160855], [0.9836284108547193], [0.9836156520011085]], "reference_area": 32.488, "form_factor": [[1.1173377180448698], [1.1173417600784838], [1.1173537467205286], [1.1173732600709074], [1.1173996058878752], [1.1174318192627408], [1.1174686769056927], [1.1175087197924614], [1.1175502900495575], [1.1175915852722087], [1.1176307318062393], [1.1176658758746858], [1.1176952880466684], [1.1177174730012238], [1.117731273665404], [1.1177359575033763]], "reynolds_factor": [[0.9936295400325281], [0.9936254276059221], [0.9936132377307701], [0.9935934111459911], [0.9935666769218817], [0.9935340422628759], [0.9934967745687074], [0.9934563726978779], [0.9934145244215797], [0.9933730478232291], [0.9933338159892705], [0.9932986667062592], [0.9932693017670486], [0.9932471833941776], [0.9932334375297559], [0.9932287746178903]], "parasite_drag_coefficient": [[0.0012775192027065048], [0.001277974285477404], [0.0012793227574409624], [0.0012815145398759593], [0.00128446705583358], [0.0012880667405104655], [0.0012921714876026082], [0.0012966143006117577], [0.001301208402275606], [0.0013057539698397526], [0.0013100465016887425], [0.0013138865890061915], [0.0013170905916468436], [0.001319501448526244], [0.0013209986527464804], [0.001321506353480603]]}, "pylon": {"wetted_area": 7.679371914287962, "skin_friction_coefficient": [[0.0025