{"numerics": {"tolerance_boundary_conditions": 1e-08, "solver_jacobian": "none", "time": {"integrate": [], "control_points": [], "differentiate": []}, "number_control_points": 16, "tag": "numerics", "tolerance_solution": 1e-08, "converged": null, "discretization_method": null, "dimensionless": {"integrate": [], "control_points": [], "differentiate": []}}, "segments": {"climb_1": {"numerics": {"tolerance_boundary_conditions": 1e-08, "solver_jacobian": "none", "time": {"integrate": [[0.0, 0.0, 0.0, 0.0, 0.0, 0.0, 0.0, 0.0, 0.0, 0.0, 0.0, 0.0, 0.0, 0.0, 0.0, 0.0], [0.0, 7.952884696642482, -4.808946674236343, 4.589315966601157, -4.519767784369028, 4.488756130792082, -4.472264948580377, 4.46249629411535, -4.456283637139869, 4.452141696949069, -4.44930020725948, 4.447330092090497, -4.445980554651206, 4.445101624937084, -4.444605101564901, 2.2222222222222143], [0.0, 13.448663570586985, 9.111580845355965, -1.3353968992968757, 0.5951361351352494, -0.3291693590725803, 0.20028320055051713, -0.127619825837492, 0.08275103556896289, -0.05339724872057162, 0.033512863453305036, -0.019845315121326253, 0.010538661833064136, -0.004501571100928619, 0.0010994960154848867, -1.0707290453171254e-14], [0.0, 12.61045418744348, 20.576539107237537, 18.2274071652079, -6.490591532562272, 5.364675772223454, -4.955796183402781, 4.754683913955662, -4.639741083660348, 4.568079454929351, -4.521050148227512, 4.48941197865633, -4.468182401692314, 4.454545124936024, -4.446906171003446, 2.2222222222222046], [0.0, 12.976306317384848, 18.548890492796342, 35.12638831118348, 17.99445788864564, -2.7370038052857253, 1.241339843111151, -0.6890871245533755, 0.41342398890544735, -0.25423421852565914, 0.15461232660060215, -0.08963941726113114, 0.04693141372736834, -0.01986484314692613, 0.004827236703301175, -1.5117772208554297e-14], [0.0, 12.776957076087337, 19.497871520580723, 31.9892801891305, 39.51317307050243, 25.713071650571656, -7.653442238479252, 5.881804473230342, -5.227766597857196, 4.901352326501957, -4.71351565101554, 4.597258566992202, -4.523385563348468, 4.477577304787494, -4.452458349906156, 2.2222222222222032], [0.0, 12.897280739484847, 18.960274053836365, 33.492152674144194, 35.455614383223434, 50.824958010280575, 23.62445590265856, -3.5365797658648566, 1.5583757712331234, -0.8270860451941755, 0.4626680577158776, -0.2547959379068004, 0.12912355057168903, -0.053562850160015704, 0.012872862240707444, -1.4161963244914275e-14], [0.0, 12.820741244699176, 19.291080580290345, 32.632688578446825, 37.40526289644772, 46.09498039237317, 51.14212855277122, 29.305709495666907, -8.086266142774793, 6.001293678571707, -5.235150512876133, 4.857674226564151, -4.647509636885551, 4.527160198841298, -4.464131591271194, 2.2222222222222054], [0.0, 12.870600930930292, 19.079772088214135, 33.160312621786694, 36.29784200557659, 48.34537362309939, 46.02462387524774, 57.935071301642694, 24.987540107645394, -3.560655443396214, 1.4596871622945267, -0.69419110875145, 0.324558850898774, -0.12859273767934543, 0.030172539404349788, -7.230331984307068e-15], [0.0, 12.838040921862834, 19.216050692771006, 32.82812387877392, 36.965867725603076, 47.09199949695185, 48.40855915456918, 52.734873832079195, 53.38538492473277, 28.401461651160897, -7.714734900057354, 5.699901848917327, -4.9793496892430715, 4.64665823321909, -4.490811399825764, 2.2222222222222157], [0.0, 12.858927689565258, 19.12935498226794, 33.03618854824962, 36.55825766514851, 47.82373876123876, 47.124565227317504, 55.076571756725066, 48.41144513008198, 55.23491534785419, 21.84159590409592, -2.802101282806165, 0.9679672402150646, -0.33538367796970836, 0.07395670801615926, 2.1962208032118194e-15], [0.0, 12.846086547400228, 19.18235268575793, 32.91031601561826, 36.80071120495734, 47.400055228067025, 47.83570732790065, 53.879825614406805, 50.537892283421286, 50.78457771070822, 45.847226915508756, 23.16105834349509, -6.6135853262823705, 5.058041794259105, -4.569836977725791, 2.2222222222222143], [0.0, 12.853375510662524, 19.152387162119393, 32.98098538659343, 36.66610425348433, 47.63127325845061, 47.45783809889005, 54.48854624252814, 49.53856568935658, 52.53726929277765, 42.18999178244399, 43.2016633202585, 14.729840264137724, -1.4140512646265926, 0.24045959666003122, -1.6194205630604387e-14], [0.0, 12.849814288087995, 19.166989413711878, 32.94670876751247, 36.73091710281744, 47.52115469121413, 47.63487035809545, 54.21049856774315, 49.97642498470525, 51.82563435326874, 43.439392469295456, 40.560380097005336, 29.848199884198042, 14.495351441699391, -5.042194230927932, 2.222222222222201], [0.0, 12.85107444122393, 19.161830662118348, 32.95878353955228, 36.70818614005011, 47.55952331748248, 47.57377585687028, 54.305088796007574, 49.83075330919686, 52.05373805795518, 43.06591142387528, 41.23083957206518, 28.367931462744497, 23.97143451684726, 4.898029087461013, -1.8311689449301618e-14], [0.0, 12.850913784103458, 19.162487842610986, 32.957247429345514, 36.71107178769614, 47.5546675546674, 47.581473109374905, 54.29324960331211, 49.84880515886778, 52.02591755381924, 43.11022311022288, 41.155516232140585, 28.512802984901217, 23.606932287055336, 8.40646933965906, 2.2222222222221952]], "control_points": [[0.0], [5.463099816548571], [21.613635589349755], [47.745751406263075], [82.71734841028534], [124.99999999999982], [172.7457514062629], [223.86788418308637], [276.132115816913], [327.25424859373646], [374.9999999999995], [417.2826515897139], [452.2542485937363], [478.38636441064966], [494.5369001834508], [499.9999999999994]], "differentiate": [[-0.3006666666666679, 0.3660925238710982, -0.09253417786804509, 0.041888543819998375, -0.024178724758920266, 0.016000000000000025, -0.011577708763999679, 0.008933840632380907, -0.007242909771951636, 0.00611145618000169, -0.005333333333333341, 0.004792914328886277, -0.004422291236000342, 0.004180721167635933, -0.004044187601083136, 0.0020000000000000026], [-0.09152313096777455, 0.04525604203375207, 0.06191745054576339, -0.023650361611740917, 0.012944271909999173, -0.008365617633260667, 0.005977906199458442, -0.0045786542767385086, 0.003694549212824026, -0.003107605674674452, 0.002706089701741735, -0.0024282479928267485, 0.0022381822082574304, -0.0021145079442396993, 0.002044681189730061, -0.001011046900270784], [0.023133544467011272, -0.06191745054576339, 0.011044182087551055, 0.03826708893402257, -0.01636561763326068, 0.00967245541228247, -0.006616727322281623, 0.004944271909999165, -0.00392898778550739, 0.0032718164977167076, -0.002829763965759466, 0.0025273649428215013, -0.0023221219035135777, 0.002189272557012096, -0.0021145079442396993, 0.0010451802919089835], [-0.010472135954999594, 0.023650361611740917, -0.03826708893402257, 0.004683281572999784, 0.028594633521740083, -0.012944271909999179, 0.00800000000000001, -0.005677878096486432, 0.004378545114024193, -0.003577708763999668, 0.0030557280900008455, -0.0027060897017417355, 0.0024721359549995823, -0.0023221219035135777, 0.0022381822082574304, -0.0011055728090000854], [0.006044681189730066, -0.012944271909999173, 0.01636561763326068, -0.028594633521740083, 0.0024232263037542333, 0.02365036161174093, -0.011107605674674463, 0.007084634815765926, -0.005170236034240546, 0.004089362379460122, -0.0034213457232615016, 0.0029889530997292218, -0.0027060897017417347, 0.0025273649428215004, -0.0024282479928267476, 0.0011982285822215689], [-0.004000000000000006, 0.008365617633260667, -0.00967245541228247, 0.012944271909999179, -0.02365036161174093, 0.0013333333333333498, 0.020944271909999174, -0.010114507944239706, 0.006616727322281623, -0.004944271909999165, 0.004000000000000006, -0.003421345723261502, 0.003055728090000845, -0.002829763965759465, 0.0027060897017417347, -0.001333333333333335], [0.0028944271909999196, -0.005977906199458442, 0.006616727322281623, -0.00800000000000001, 0.011107605674674463, -0.020944271909999174, 0.000683281572999749, 0.019560999232280787, -0.00967245541228247, 0.006472135954999587, -0.004944271909999166, 0.004089362379460124, -0.003577708763999668, 0.0032718164977167067, -0.003107605674674452, 0.0015278640450004225], [-0.0022334601580952266, 0.0045786542767385086, -0.004944271909999165, 0.005677878096486432, -0.007084634815765926, 0.010114507944239706, -0.019560999232280787, 0.00021136635755363136, 0.019133544467011297, -0.009672455412282469, 0.006616727322281626, -0.005170236034240548, 0.004378545114024193, -0.003928987785507388, 0.003694549212824026, -0.001810727442987909], [0.001810727442987909, -0.003694549212824026, 0.00392898778550739, -0.004378545114024193, 0.005170236034240546, -0.006616727322281623, 0.00967245541228247, -0.019133544467011297, -0.00021136635755362603, 0.019560999232280777, -0.01011450794423971, 0.007084634815765931, -0.005677878096486431, 0.004944271909999164, -0.004578654276738508, 0.002233460158095226], [-0.0015278640450004225, 0.003107605674674452, -0.0032718164977167076, 0.003577708763999668, -0.004089362379460122, 0.004944271909999165, -0.006472135954999587, 0.009672455412282469, -0.019560999232280777, -0.0006832815729997845, 0.020944271909999215, -0.011107605674674476, 0.00800000000000001, -0.006616727322281622, 0.005977906199458442, -0.0028944271909999196], [0.0013333333333333352, -0.002706089701741735, 0.002829763965759466, -0.0030557280900008455, 0.0034213457232615016, -0.004000000000000006, 0.004944271909999166, -0.006616727322281626, 0.01011450794423971, -0.020944271909999215, -0.0013333333333333409, 0.023650361611740948, -0.012944271909999165, 0.009672455412282462, -0.008365617633260661, 0.0040000000000000036], [-0.0011982285822215693, 0.0024282479928267485, -0.0025273649428215013, 0.0027060897017417355, -0.0029889530997292218, 0.003421345723261502, -0.004089362379460124, 0.005170236034240548, -0.007084634815765931, 0.011107605674674476, -0.023650361611740948, -0.0024232263037541587, 0.028594633521739993, -0.016365617633260644, 0.012944271909999156, -0.006044681189730059], [0.0011055728090000854, -0.0022381822082574304, 0.0023221219035135777, -0.0024721359549995823, 0.0027060897017417347, -0.003055728090000845, 0.003577708763999668, -0.004378545114024193, 0.005677878096486431, -0.00800000000000001, 0.012944271909999165, -0.028594633521739993, -0.004683281572999816, 0.03826708893402253, -0.023650361611740917, 0.010472135954999594], [-0.0010451802919089833, 0.0021145079442396993, -0.002189272557012096, 0.0023221219035135777, -0.0025273649428215004, 0.002829763965759465, -0.0032718164977167067, 0.003928987785507388, -0.004944271909999164, 0.006616727322281622, -0.009672455412282462, 0.016365617633260644, -0.03826708893402253, -0.01104418208755115, 0.0619174505457635, -0.0231335444670113], [0.001011046900270784, -0.002044681189730061, 0.0021145079442396993, -0.0022381822082574304, 0.0024282479928267476, -0.0027060897017417347, 0.003107605674674452, -0.003694549212824026, 0.004578654276738508, -0.005977906199458442, 0.008365617633260661, -0.012944271909999156, 0.023650361611740917, -0.0619174505457635, -0.045256042033751984, 0.09152313096777455], [-0.0020000000000000026, 0.004044187601083136, -0.004180721167635934, 0.004422291236000342, -0.0047929143288862755, 0.00533333333333334, -0.00611145618000169, 0.007242909771951636, -0.008933840632380905, 0.011577708763999679, -0.016000000000000014, 0.024178724758920234, -0.041888543819998375, 0.0925341778680452, -0.3660925238710982, 0.3006666666666678]]}, "number_control_points": 16, "tag": "numerics", "tolerance_solution": 1e-08, "converged": null, "discretization_method": null, "dimensionless": {"integrate": [[0.0, 0.0, 0.0, 0.0, 0.0, 0.0, 0.0, 0.0, 0.0, 0.0, 0.0, 0.0, 0.0, 0.0, 0.0, 0.0], [0.0, 0.015905769393284985, -0.009617893348472698, 0.009178631933202326, -0.009039535568738068, 0.008977512261584174, -0.008944529897160765, 0.00892499258823071, -0.00891256727427975, 0.00890428339389815, -0.00889860041451897, 0.008894660184181006, -0.008891961109302423, 0.008890203249874178, -0.008889210203129813, 0.004444444444444434], [0.0, 0.026897327141174005, 0.01822316169071195, -0.002670793798593755, 0.0011902722702705005, -0.0006583387181451615, 0.00040056640110103475, -0.00025523965167498436, 0.000165502071137926, -0.00010679449744114337, 6.702572690661016e-05, -3.9690630242652555e-05, 2.1077323666128297e-05, -9.003142201857249e-06, 2.198992030969776e-06, -2.1414580906342534e-17], [0.0, 0.025220908374886993, 0.04115307821447513, 0.03645481433041584, -0.01298118306512456, 0.010729351544446921, -0.009911592366805576, 0.009509367827911336, -0.009279482167320708, 0.009136158909858713, -0.009042100296455035, 0.00897882395731267, -0.008936364803384639, 0.008909090249872059, -0.008893812342006903, 0.004444444444444415], [0.0, 0.02595261263476973, 0.03709778098559273, 0.07025277662236705, 0.035988915777291325, -0.0054740076105714575, 0.0024826796862223053, -0.0013781742491067528, 0.0008268479778108957, -0.000508468437051319, 0.0003092246532012047, -0.00017927883452226252, 9.386282745473679e-05, -3.972968629385231e-05, 9.65447340660236e-06, -3.023554441710863e-17], [0.0, 0.025553914152174704, 0.0389957430411615, 0.06397856037826108, 0.07902634614100497, 0.051426143301143375, -0.015306884476958525, 0.011763608946460698, -0.010455533195714404, 0.009802704653003926, -0.009427031302031092, 0.009194517133984415, -0.009046771126696947, 0.008955154609575, -0.008904916699812323, 0.004444444444444412], [0.0, 0.025794561478969726, 0.03792054810767278, 0.06698430534828848, 0.07091122876644695, 0.10164991602056128, 0.04724891180531718, -0.007073159531729722, 0.003116751542466251, -0.001654172090388353, 0.0009253361154317564, -0.0005095918758136014, 0.00025824710114337836, -0.00010712570032003154, 2.574572448141492e-05, -2.8323926489828586e-17], [0.0, 0.025641482489398387, 0.03858216116058074, 0.06526537715689373, 0.07481052579289553, 0.09218996078474645, 0.10228425710554256, 0.05861141899133389, -0.016172532285549605, 0.012002587357143428, -0.010470301025752278, 0.009715348453128313, -0.009295019273771113, 0.009054320397682608, -0.008928263182542398, 0.004444444444444417], [0.0, 0.025741201861860616, 0.03815954417642832, 0.06632062524357347, 0.07259568401115327, 0.0966907472461989, 0.0920492477504956, 0.11587014260328553, 0.04997508021529085, -0.007121310886792437, 0.0029193743245890568, -0.0013883822175029016, 0.0006491177017975488, -0.00025718547535869116, 6.034507880869965e-05, -1.4460663968614153e-17], [0.0, 0.0256760818437257, 0.03843210138554206, 0.06565624775754793, 0.07393173545120624, 0.09418399899390381, 0.09681711830913849, 0.10546974766415852, 0.10677076984946567, 0.05680292330232187, -0.015429469800114727, 0.011399803697834669, -0.009958699378486155, 0.009293316466438191, -0.00898162279965154, 0.004444444444444437], [0.0, 0.025717855379130548, 0.03825870996453593, 0.06607237709649932, 0.07311651533029712, 0.09564747752247764, 0.09424913045463512, 0.11015314351345026, 0.09682289026016408, 0.11046983069570852, 0.0436831918081919, -0.005604202565612337, 0.0019359344804301317, -0.0006707673559394175, 0.0001479134160323187, 4.392441606423644e-18], [0.0, 0.02569217309480049, 0.03836470537151591, 0.0658206320312366, 0.07360142240991477, 0.09480011045613417, 0.09567141465580142, 0.10775965122881374, 0.1010757845668427, 0.10156915542141656, 0.09169445383101762, 0.04632211668699024, -0.013227170652564757, 0.010116083588518223, -0.009139673955451592, 0.004444444444444434], [0.0, 0.02570675102132508, 0.03830477432423883, 0.06596197077318694, 0.07333220850696874, 0.09526254651690134, 0.09491567619778021, 0.10897709248505641, 0.09907713137871328, 0.10507453858555543, 0.08437998356488809, 0.0864033266405171, 0.029459680528275484, -0.002828102529253189, 0.00048091919332006304, -3.238841126120882e-17], [0.0, 0.025699628576176022, 0.03833397882742381, 0.06589341753502502, 0.07346183420563498, 0.09504230938242837, 0.09526974071619101, 0.10842099713548643, 0.09995284996941062, 0.10365126870653761, 0.08687878493859102, 0.08112076019401078, 0.059696399768396156, 0.02899070288339882, -0.010084388461855876, 0.004444444444444407], [0.0, 0.025702148882447894, 0.038323661324236744, 0.06591756707910464, 0.07341637228010031, 0.09511904663496508, 0.09514755171374067, 0.10861017759201529, 0.09966150661839385, 0.1041074761159105, 0.08613182284775066, 0.08246167914413045, 0.056735862925489065, 0.04794286903369458, 0.009796058174922039, -3.662337889860328e-17], [0.0, 0.025701827568206947, 0.03832497568522202, 0.06591449485869111, 0.07342214357539238, 0.09510933510933492, 0.09516294621874993, 0.10858649920662436, 0.09969761031773569, 0.10405183510763862, 0.08622044622044588, 0.08231103246428127, 0.0570256059698025, 0.04721386457411073, 0.01681293867931814, 0.004444444444444396]], "control_points": [[0.0], [0.010926199633097156], [0.04322727117869957], [0.09549150281252627], [0.16543469682057088], [0.24999999999999994], [0.3454915028125263], [0.4477357683661733], [0.5522642316338267], [0.6545084971874737], [0.7499999999999999], [0.8345653031794289], [0.9045084971874737], [0.9567727288213005], [0.9890738003669028], [1.0]], "differentiate": [[-150.33333333333377, 183.04626193554887, -46.26708893402249, 20.944271909999163, -12.089362379460118, 8.000000000000002, -5.788854381999832, 4.466920316190448, -3.6214548859758136, 3.0557280900008412, -2.666666666666667, 2.396457164443136, -2.211145618000168, 2.0903605838179637, -2.0220938005415654, 1.0], [-45.76156548388722, 22.628021016876005, 30.958725272881658, -11.825180805870444, 6.472135954999579, -4.182808816630328, 2.9889530997292173, -2.2893271383692513, 1.8472746064120107, -1.5538028373372241, 1.353044850870866, -1.2141239964133728, 1.1190911041287137, -1.0572539721198484, 1.0223405948650293, -0.5055234501353914], [11.566772233505622, -30.958725272881658, 5.522091043775521, 19.133544467011262, -8.18280881663033, 4.836227706141229, -3.3083636611408074, 2.472135954999579, -1.9644938927536926, 1.6359082488583518, -1.4148819828797312, 1.263682471410749, -1.1610609517567874, 1.0946362785060466, -1.0572539721198484, 0.522590145954491], [-5.236067977499791, 11.825180805870444, -19.133544467011262, 2.341640786499889, 14.297316760870023, -6.472135954999581, 4.0, -2.8389390482432124, 2.1892725570120937, -1.7888543819998317, 1.5278640450004208, -1.3530448508708661, 1.2360679774997896, -1.1610609517567874, 1.1190911041287137, -0.552786404500042], [3.0223405948650295, -6.472135954999579, 8.18280881663033, -14.297316760870023, 1.2116131518771152, 11.82518080587045, -5.553802837337225, 3.5423174078829587, -2.5851180171202697, 2.0446811897300585, -1.7106728616307487, 1.494476549864609, -1.3530448508708657, 1.2636824714107486, -1.2141239964133723, 0.5991142911107837], [-2.0000000000000004, 4.182808816630328, -4.836227706141229, 6.472135954999581, -11.82518080587045, 0.6666666666666741, 10.472135954999574, -5.057253972119846, 3.3083636611408074, -2.472135954999579, 2.0000000000000004, -1.710672861630749, 1.5278640450004206, -1.4148819828797308, 1.3530448508708657, -0.6666666666666666], [1.447213595499958, -2.9889530997292173, 3.3083636611408074, -4.0, 5.553802837337225, -10.472135954999574, 0.34164078649987406, 9.780499616140382, -4.836227706141229, 3.2360679774997894, -2.47213595499958, 2.0446811897300594, -1.7888543819998317, 1.6359082488583514, -1.5538028373372241, 0.7639320225002103], [-1.116730079047612, 2.2893271383692513, -2.472135954999579, 2.8389390482432124, -3.5423174078829587, 5.057253972119846, -9.780499616140382, 0.10568317877681555, 9.566772233505636, -4.836227706141228, 3.3083636611408087, -2.5851180171202706, 2.1892725570120937, -1.9644938927536917, 1.8472746064120107, -0.9053637214939534], [0.9053637214939534, -1.8472746064120107, 1.9644938927536926, -2.1892725570120937, 2.5851180171202697, -3.3083636611408074, 4.836227706141229, -9.566772233505636, -0.10568317877681288, 9.780499616140377, -5.057253972119849, 3.542317407882961, -2.838939048243212, 2.4721359549995787, -2.289327138369251, 1.1167300790476118], [-0.7639320225002103, 1.5538028373372241, -1.6359082488583518, 1.7888543819998317, -2.0446811897300585, 2.472135954999579, -3.2360679774997894, 4.836227706141228, -9.780499616140377, -0.3416407864998918, 10.472135954999594, -5.553802837337231, 4.0, -3.308363661140807, 2.9889530997292173, -1.447213595499958], [0.6666666666666667, -1.353044850870866, 1.4148819828797312, -1.5278640450004208, 1.7106728616307487, -2.0000000000000004, 2.47213595499958, -3.3083636611408087, 5.057253972119849, -10.472135954999594, -0.6666666666666696, 11.82518080587046, -6.472135954999574, 4.836227706141225, -4.182808816630326, 1.9999999999999991], [-0.599114291110784, 1.2141239964133728, -1.263682471410749, 1.3530448508708661, -1.494476549864609, 1.710672861630749, -2.0446811897300594, 2.5851180171202706, -3.542317407882961, 5.553802837337231, -11.82518080587046, -1.2116131518770779, 14.297316760869979, -8.182808816630311, 6.47213595499957, -3.0223405948650255], [0.552786404500042, -1.1190911041287137, 1.1610609517567874, -1.2360679774997896, 1.3530448508708657, -1.5278640450004206, 1.7888543819998317, -2.1892725570120937, 2.838939048243212, -4.0, 6.472135954999574, -14.297316760869979, -2.341640786499905, 19.13354446701124, -11.825180805870444, 5.236067977499791], [-0.5225901459544909, 1.0572539721198484, -1.0946362785060466, 1.1610609517567874, -1.2636824714107486, 1.4148819828797308, -1.6359082488583514, 1.9644938927536917, -2.4721359549995787, 3.308363661140807, -4.836227706141225, 8.182808816630311, -19.13354446701124, -5.522091043775568, 30.95872527288171, -11.566772233505636], [0.5055234501353914, -1.0223405948650293, 1.0572539721198484, -1.1190911041287137, 1.2141239964133723, -1.3530448508708657, 1.5538028373372241, -1.8472746064120107, 2.289327138369251, -2.9889530997292173, 4.182808816630326, -6.47213595499957, 11.825180805870444, -30.95872527288171, -22.628021016875962, 45.76156548388722], [-1.0, 2.0220938005415654, -2.090360583817964, 2.211145618000168, -2.396457164443135, 2.6666666666666665, -3.0557280900008412, 3.6214548859758136, -4.466920316190447, 5.788854381999832, -7.9999999999999964, 12.089362379460102, -20.944271909999163, 46.267088934022546, -183.04626193554887, 150.3333333333337]]}}, "unknowns": {"tag": "unknowns", "throttle": [[0.49961668289598016], [0.5010476555401671], [0.5053338210127488], [0.5124481437365446], [0.5223239346615894], [0.5348255521263476], [0.5497131260299213], [0.5666064494640385], [0.5849547014702462], [0.6040204448063631], [0.6228875100975868], [0.6405014393856618], [0.6557466848203012], [0.667556381108587], [0.6750398564646104], [0.6776038196745675]], "body_angle": [[0.07713236467140715], [0.07736830825904989], [0.07807094521407085], [0.07922424045135709], [0.08080002799506382], [0.08275610570838862], [0.08503409721445777], [0.08755763297019542], [0.09023154874145377], [0.09294286923885425], [0.09556426776548711], [0.09796040814844216], [0.09999706698907257], [0.1015522677787882], [0.10252799272158443], [0.10286059284363554]]}, "conditions": {"freestream": {"stagnation_temperature": [[295.9260686541241], [295.71300885746484], [295.0831540236811], [294.0640680748647], [292.7003433517394], [291.0516424760725], [289.19008020241426], [287.1970615204027], [285.15971595118833], [283.1670852441939], [281.3062318361741], [279.6584381474709], [278.29566207177453], [277.27740220109064], [276.64810803971864], [276.4352465643846]], "reynolds_number": [[8557431.972459458], [8535440.315262513], [8470668.750279741], [8366630.308626608], [8228869.088803305], [8064536.8616100075], [7881878.0073576], [7689682.971598328], [7496767.27381122], [7311521.38239775], [7141559.623252226], [6993477.502829849], [6872709.908229901], [6783470.152708085], [6728743.068610967], [6710304.423083073]], "temperature": [[288.15], [287.93694020334067], [287.307085369557], [286.2879994207405], [284.92427469761526], [283.2755738219484], [281.41401154829015], [279.4209928662786], [277.3836472970642], [275.3910165900698], [273.53016318204993], [271.8823694933468], [270.51959341765036], [269.50133354696646], [268.8720393855945], [268.65917791026044]], "mach_number": [[0.36732943714524596], [0.36746531526967807], [0.3678678864305762], [0.36852204582359716], [0.3694029162058461], [0.37047634323482026], [0.3716996796253695], [0.37302293044699747], [0.37439032582495874], [0.37574236163706926], [0.3770183019016514], [0.3781590708367673], [0.3791103859109277], [0.3798259091638278], [0.3802701400575595], [0.38042075623350946]], "density": [[1.2250000002007604], [1.2211497803191826], [1.209821744887532], [1.191663791571238], [1.167692144531067], [1.1392057413736987], [1.1076838728330025], [1.0746802560232975], [1.0417255845272482], [1.0102475564148967], [0.9815132815519447], [0.9565947503590573], [0.9363544977839529], [0.9214462122373526], [0.912323982570634], [0.9092540409740743]], "speed_of_sound": [[340.77798740529], [340.6519774885652], [340.279189683219], [339.67516387064273], [338.8651816579619], [337.8833455655576], [336.7713053485537], [335.5766524998154], [334.3510172952495], [333.14792018575884], [332.02045013116793], [331.0188647018016], [330.18822737946704], [329.56621253312863], [329.1812138763443], [329.0508844586766]], "altitude": [[0.0], [32.77859889929147], [129.6818135360987], [286.47450843757883], [496.30409046171263], [749.9999999999999], [1036.4745084375788], [1343.2073050985198], [1656.79269490148], [1963.5254915624212], [2249.9999999999995], [2503.6959095382867], [2713.5254915624214], [2870.3181864639014], [2967.2214011007086], [3000.0]], "dynamic_pressure": [[9570.31250156844], [9540.232658743615], [9451.732381933843], [9309.873371650297], [9122.59487914896], [8900.044854482021], [8653.780256507833], [8395.939500182012], [8138.481129119126], [7892.559034491381], [7668.072512124568], [7473.396487180135], [7315.269513937132], [7198.798533104317], [7127.531113833078], [7103.547195109955]], "gravity": [[9.80665], [9.80665], [9.80665], [9.80665], [9.80665], [9.80665], [9.80665], [9.80665], [9.80665], [9.80665], [9.80665], [9.80665], [9.80665], [9.80665], [9.80665], [9.80665]], "universal_gas_constant": 287.87, "pressure": [[101325.0], [100931.84699184986], [99776.81169285787], [97930.68381545994], [95503.59276886398], [92634.59193418456], [89479.47957332886], [86198.59783119273], [82946.12169226634], [79861.87044540115], [77066.08639649136], [74657.06958380222], [72711.13546932633], [71284.1224201241], [70413.61356236027], [70121.11626696083]], "specific_heat_at_constant_pressure": 1007.5450000000002, "velocity": [[125.0], [125.0], [125.0], [125.0], [125.0], [125.0], [125.0], [125.0], [125.0], [125.0], [125.0], [125.0], [125.0], [125.0], [125.0], [125.0]], "dynamic_viscosity": [[1.789380278077583e-05], [1.788352058029746e-05], [1.785310257893714e-05], [1.7803819273909854e-05], [1.7737737287009148e-05], [1.7657643596322206e-05], [1.756694076904956e-05], [1.746951499809233e-05], [1.7369579888226507e-05], [1.727150040973406e-05], [1.7179603149223745e-05], [1.7097980760858593e-05], [1.703030009790409e-05], [1.6979624578091023e-05], [1.6948261608222015e-05], [1.69376451433092e-05]], "isentropic_expansion_factor": 1.4, "stagnation_pressure": [[111222.51592474313], [110798.49925269737], [109552.65412628559], [107560.95447360595], [104941.66281201696], [101844.23152003746], [98436.30669794037], [94890.68098147109], [91373.80312108384], [88036.94872653933], [85010.53621171639], [82401.4824342801], [80293.04246826126], [78746.3187357645], [77802.55398735584], [77485.40252527231]]}, "energies": {"propulsion_power": [[0.0], [0.0], [0.0], [0.0], [0.0], [0.0], [0.0], [0.0], [0.0], [0.0], [0.0], [0.0], [0.0], [0.0], [0.0], [0.0]], "total_efficiency": [[0.0], [0.0], [0.0], [0.0], [0.0], [0.0], [0.0], [0.0], [0.0], [0.0], [0.0], [0.0], [0.0], [0.0], [0.0], [0.0]], "gravity_energy": [[0.0], [0.0], [0.0], [0.0], [0.0], [0.0], [0.0], [0.0], [0.0], [0.0], [0.0], [0.0], [0.0], [0.0], [0.0], [0.0]], "total_energy": [[0.0], [0.0], [0.0], [0.0], [0.0], [0.0], [0.0], [0.0], [0.0], [0.0], [0.0], [0.0], [0.0], [0.0], [0.0], [0.0]]}, "aerodynamics": {"drag_coefficient": [[0.03491732997321423], [0.0350276871848261], [0.03535821961011768], [0.03590689339800851], [0.036668940489498446], [0.037634840600526374], [0.03878765557996208], [0.040100005206920496], [0.04153120209772468], [0.04302531810960028], [0.04451113597811379], [0.04590490390502803], [0.04711642115497531], [0.04805820274108339], [0.04865645385352898], [0.04886168520906916]], "angle_of_attack": [[0.029113913534859967], [0.02934985712250272], [0.03005249407752368], [0.031205789314809922], [0.03278157685851664], [0.034737654571841456], [0.03701564607791061], [0.03953918183364825], [0.042213097604906595], [0.04492441810230708], [0.047545816628939946], [0.049941957011894994], [0.05197861585252539], [0.05353381664224104], [0.05450954158503727], [0.05484214170708835]], "roll_angle": [[0.0], [0.0], [0.0], [0.0], [0.0], [0.0], [0.0], [0.0], [0.0], [0.0], [0.0], [0.0], [0.0], [0.0], [0.0], [0.0]], "lift_coefficient": [[0.6457817993277583], [0.6477547988582878], [0.6536312344554631], [0.6632795097810923], [0.676467866621101], [0.6928478733222825], [0.7119357434528829], [0.7330961516048438], [0.7555344993532104], [0.7783042392519861], [0.8003352786550001], [0.8204871078343565], [0.8376259602389763], [0.8507195558275579], [0.858937169834279], [0.8617388315887611]], "drag_breakdown": {"total": [[0.03491732997321423], [0.0350276871848261], [0.03535821961011768], [0.03590689339800851], [0.036668940489498446], [0.037634840600526374], [0.03878765557996208], [0.040100005206920496], [0.04153120209772468], [0.04302531810960028], [0.04451113597811379], [0.04590490390502803], [0.04711642115497531], [0.04805820274108339], [0.04865645385352898], [0.04886168520906916]], "spoiler_drag": 0.0, "compressible": {"horizontal_stabilizer": {"crest_critical": 1.0983425948871233, "compressibility_drag": [[0.0], [0.0], [0.0], [0.0], [0.0], [0.0], [0.0], [0.0], [0.0], [0.0], [0.0], [0.0], [0.0], [0.0], [0.0], [0.0]], "divergence_mach": 1.1408665150595028, "wing_sweep": 0.6981317007977318, "thickness_to_chord": 0.1044325831465823}, "total": [[0.0], [0.0], [0.0], [0.0], [0.0], [0.0], [0.0], [0.0], [0.0], [0.0], [0.0], [0.0], [0.0], [0.0], [0.0], [0.0]], "main_wing": {"crest_critical": [[0.8087575062445937], [0.808426789144542], [0.8074420721769361], [0.8058262800554761], [0.8036195900470267], [0.800882018293884], [0.7976962855104299], [0.7941701862226962], [0.790437495005282], [0.7866563674095283], [0.7830043242581708], [0.779669320264657], [0.7768371002152571], [0.7746759380333061], [0.7733207189979028], [0.7728588798184257]], "compressibility_drag": [[0.0], [0.0], [0.0], [0.0], [0.0], [0.0], [0.0], [0.0], [0.0], [0.0], [0.0], [0.0], [0.0], [0.0], [0.0], [0.0]], "divergence_mach": [[0.8309945988103478], [0.8306547885189375], [0.8296429963870324], [0.8279827774519793], [0.8257154136697438], [0.8229025713490823], [0.8196292456416079], [0.8160061949244878], [0.8121708719546878], [0.8082857808300636], [0.8045333233753039], [0.8011066221895683], [0.7981965291820582], [0.7959759450310763], [0.7945834637373267], [0.7941089261154795]], "wing_sweep": 0.4363323129985824, "thickness_to_chord": 0.11033779189624919}, "vertical_stabilizer": {"crest_critical": 0.9531628279927314, "compressibility_drag": [[0.0], [0.0], [0.0], [0.0], [0.0], [0.0], [0.0], [0.0], [0.0], [0.0], [0.0], [0.0], [0.0], [0.0], [0.0], [0.0]], "divergence_mach": 0.9793703993261097, "wing_sweep": 0.4363323129985824, "thickness_to_chord": 0.08827023351699935}}, "miscellaneous": {"total": [[0.001151304235369177], [0.001151304235369177], [0.001151304235369177], [0.001151304235369177], [0.001151304235369177], [0.001151304235369177], [0.001151304235369177], [0.001151304235369177], [0.001151304235369177], [0.001151304235369177], [0.001151304235369177], [0.001151304235369177], [0.001151304235369177], [0.001151304235369177], [0.001151304235369177], [0.001151304235369177]], "trim_correction_factor": 1.02, "total_wetted_area": 939.8915455285838, "reference_area": 124.862}, "trim_corrected_drag": [[0.03491732997321423], [0.0350276871848261], [0.03535821961011768], [0.03590689339800851], [0.036668940489498446], [0.037634840600526374], [0.03878765557996208], [0.040100005206920496], [0.04153120209772468], [0.04302531810960028], [0.04451113597811379], [0.04590490390502803], [0.04711642115497531], [0.04805820274108339], [0.04865645385352898], [0.04886168520906916]], "parasite": {"vertical_stabilizer": {"wetted_area": 54.632, "skin_friction_coefficient": [[0.0024308424384760566], [0.0024317353218403746], [0.0024343811104413876], [0.0024386817005885714], [0.002444475294422776], [0.002451539318243548], [0.0024595951683632996], [0.0024683153206035507], [0.00247733330961119], [0.002486256916259729], [0.0024946845812205336], [0.002502224604164496], [0.0025085161443163884], [0.0025132505047876885], [0.0025161907855522215], [0.0025171878533557313]], "compressibility_factor": [[0.9847069609212264], [0.9846958179755129], [0.9846627816470471], [0.9846090267439327], [0.9845365005030968], [0.984447900596847], [0.9843466333657082], [0.9842367429871532], [0.9841228022313492], [0.9840097575044978], [0.9839027253787109], [0.983806744673234], [0.9837264966565721], [0.9836660146160855], [0.9836284108547193], [0.9836156520011085]], "reference_area": 27.316, "form_factor": [[1.171577491657943], [1.1715862471941834], [1.171612214134115], [1.1716544940879006], [1.1717115932838094], [1.1717814329724376], [1.1718613736771504], [1.171948261717337], [1.1720385068023311], [1.172128198071831], [1.1722132623411283], [1.1722896624429098], [1.1723536259812624], [1.1724018867955037], [1.1724319148561952], [1.1724421072457194]], "reynolds_factor": [[0.9936295400325281], [0.9936254276059221], [0.9936132377307701], [0.9935934111459911], [0.9935666769218817], [0.9935340422628759], [0.9934967745687074], [0.9934563726978779], [0.9934145244215797], [0.9933730478232291], [0.9933338159892705], [0.9932986667062592], [0.9932693017670486], [0.9932471833941776], [0.9932334375297559], [0.9932287746178903]], "parasite_drag_coefficient": [[0.0012460763170716457], [0.0012465433345197918], [0.0012479272630600863], [0.0012501769712503692], [0.001253208096402114], [0.0012569045195866292], [0.0012611207846669544], [0.0012656857505548265], [0.0012704077522825111], [0.0012750814595243359], [0.0012794964526054032], [0.001283447292386956], [0.0012867445695734258], [0.0012892261318408857], [0.0012907674712123428], [0.0012912901773497296]]}, "total": [[0.016534255288492426], [0.01654005794786451], [0.016557251818378475], [0.0165851978062554], [0.016622842191792195], [0.016668736050139566], [0.016721066639410056], [0.016777704155858365], [0.016836267050170235], [0.01689420800966072], [0.016948920649490256], [0.016997864013030554], [0.017038698500556244], [0.017069423438546335], [0.01708850396963679], [0.01709497408465001]], "main_wing": {"wetted_area": 249.724, "skin_friction_coefficient": [[0.002410325559315407], [0.0024112078797027536], [0.00241382235855834], [0.0024180720258345435], [0.00242379695857097], [0.0024307771725165365], [0.0024387373213276583], [0.0024473537317177777], [0.0024562642731036114], [0.002465081394325076], [0.0024734083438803303], [0.002480858137530699], [0.0024870743007643606], [0.002491751887740021], [0.0024946568865112186], [0.0024956419860135744]], "compressibility_factor": [[0.9847069609212264], [0.9846958179755129], [0.9846627816470471], [0.9846090267439327], [0.9845365005030968], [0.984447900596847], [0.9843466333657082], [0.9842367429871532], [0.9841228022313492], [0.9840097575044978], [0.9839027253787109], [0.983806744673234], [0.9837264966565721], [0.9836660146160855], [0.9836284108547193], [0.9836156520011085]], "reference_area": 124.862, "form_factor": [[1.2201802844283178], [1.220191755397712], [1.2202257758134507], [1.2202811689861346], [1.2203559783464863], [1.2204474809862405], [1.2205522193168488], [1.2206660619005258], [1.2207843049990257], [1.2209018245253567], [1.2210132833434268], [1.2211133911686733], [1.2211972043851105], [1.2212604425733138], [1.221299789912534], [1.22131314558617]], "reynolds_factor": [[0.9936295400325281], [0.9936254276059222], [0.99361323773077], [0.9935934111459911], [0.9935666769218817], [0.993534042262876], [0.9934967745687074], [0.9934563726978779], [0.9934145244215797], [0.9933730478232291], [0.9933338159892705], [0.9932986667062592], [0.9932693017670486], [0.9932471833941776], [0.9932334375297559], [0.9932287746178903]], "parasite_drag_coefficient": [[0.005882063453060635], [0.005884271950726596], [0.005890816520295408], [0.005901455516756095], [0.005915790217380229], [0.005933271754073326], [0.005953212499754601], [0.005974803283546991], [0.005997137747069459], [0.006019244743869992], [0.0060401288860207], [0.006058818186657021], [0.006074416366382981], [0.0060861560264085365], [0.006093447862800015], [0.006095920728390311]]}, "horizontal_stabilizer": {"wetted_area": 64.976, "skin_friction_coefficient": [[0.0021971529590275856], [0.0021979276861183177], [0.00220022325583474], [0.0022039542689808326], [0.002208979934641807], [0.002215106682975481], [0.002222092380861435], [0.0022296526011404876], [0.0022374693676815234], [0.0022452026524189764], [0.0022525046253712307], [0.0022590362670432723], [0.002264485490509456], [0.002268585469252533], [0.002271131532522238], [0.0022719948780126464]], "compressibility_factor": [[0.9847069609212264], [0.9846958179755129], [0.9846627816470471], [0.9846090267439327], [0.9845365005030968], [0.984447900596847], [0.9843466333657082], [0.9842367429871532], [0.9841228022313492], [0.9840097575044978], [0.9839027253787109], [0.983806744673234], [0.9837264966565721], [0.9836660146160855], [0.9836284108547193], [0.9836156520011085]], "reference_area": 32.488, "form_factor": [[1.1173377180448698], [1.1173417600784838], [1.1173537467205286], [1.1173732600709074], [1.1173996058878752], [1.1174318192627408], [1.1174686769056927], [1.1175087197924614], [1.1175502900495575], [1.1175915852722087], [1.1176307318062393], [1.1176658758746858], [1.1176952880466684], [1.1177174730012238], [1.117731273665404], [1.1177359575033763]], "reynolds_factor": [[0.9936295400325281], [0.9936254276059221], [0.9936132377307701], [0.9935934111459911], [0.9935666769218817], [0.9935340422628759], [0.9934967745687074], [0.9934563726978779], [0.9934145244215797], [0.9933730478232291], [0.9933338159892705], [0.9932986667062592], [0.9932693017670486], [0.9932471833941776], [0.9932334375297559], [0.9932287746178903]], "parasite_drag_coefficient": [[0.0012775192027065048], [0.001277974285477404], [0.0012793227574409624], [0.0012815145398759593], [0.00128446705583358], [0.0012880667405104653], [0.0012921714876026082], [0.0012966143006117577], [0.001301208402275606], [0.0013057539698397526], [0.0013100465016887425], [0.0013138865890061915], [0.0013170905916468436], [0.001319501448526244], [0.0013209986527464804], [0.001321506353480603]]}, "pylon": {"wetted_area": 7.679371914287962, "skin_friction_coefficient": [[0.0025774462783442315], [0.002578415666872209], [0.0025812882287846103], [0.0025859576614361136], [0.002592248604655086], [0.0025999197491139935], [0.0026086689159772482], [0.0026181407005930386], [0.002627937242398952], [0.0026376325012511946], [0.0026467900708191452], [0.0026549840570741596], [0.0026618219523529014], [0.0026669678478645673], [0.002670163887887045], [0.002671247715683661]], "compressibility_factor": [[0.9847069609212264], [0.9846958179755129], [0.9846627816470471], [0.9846090267439327], [0.9845365005030968], [0.984447900596847], [0.9843466333657082], [0.9842367429871532], [0.9841228022313492], [0.9840097575044978], [0.9839027253787109], [0.983806744673234], [0.9837264966565721], [0.9836660146160855], [0.9836284108547193], [0.9836156520011085]], "reference_area": 124.862, "form_factor": 1.264760147601476, "reynolds_factor": [[0.9936295400325281], [0.9936254276059222], [0.99361323773077], [0.9935934111459912], [0.9935666769218817], [0.9935340422628759], [0.9934967745687074], [0.9934563726978779], [0.9934145244215797], [0.9933730478232291], [0.9933338159892705], [0.9932986667062592], [0.9932693017670486