{"numerics": {"tolerance_boundary_conditions": 1e-08, "solver_jacobian": "none", "time": {"integrate": [], "control_points": [], "differentiate": []}, "number_control_points": 16, "tag": "numerics", "tolerance_solution": 1e-08, "converged": null, "discretization_method": null, "dimensionless": {"integrate": [], "control_points": [], "differentiate": []}}, "segments": {"climb_1": {"numerics": {"tolerance_boundary_conditions": 1e-08, "solver_jacobian": "none", "time": {"integrate": [[0.0, 0.0, 0.0, 0.0, 0.0, 0.0, 0.0, 0.0, 0.0, 0.0, 0.0, 0.0, 0.0, 0.0, 0.0, 0.0], [0.0, 7.952884696642495, -4.808946674236347, 4.589315966601164, -4.519767784369012, 4.488756130792058, -4.472264948580358, 4.462496294115368, -4.456283637139886, 4.452141696949067, -4.4493002072594825, 4.447330092090489, -4.445980554651194, 4.445101624937082, -4.444605101564907, 2.222222222222215], [0.0, 13.448663570586998, 9.11158084535597, -1.3353968992968765, 0.5951361351352502, -0.32916935907258005, 0.20028320055051724, -0.12761982583749196, 0.08275103556896349, -0.05339724872057109, 0.03351286345330584, -0.019845315121325754, 0.010538661833063664, -0.004501571100928577, 0.0010994960154849032, -1.0730318557608421e-14], [0.0, 12.610454187443493, 20.576539107237547, 18.22740716520791, -6.49059153256226, 5.364675772223429, -4.955796183402764, 4.754683913955678, -4.6397410836603665, 4.568079454929347, -4.521050148227517, 4.489411978656321, -4.468182401692299, 4.454545124936023, -4.4469061710034525, 2.2222222222222063], [0.0, 12.976306317384855, 18.54889049279635, 35.126388311183504, 17.994457888645655, -2.7370038052857257, 1.24133984311115, -0.6890871245533802, 0.41342398890544907, -0.25423421852565864, 0.15461232660060592, -0.08963941726112962, 0.04693141372736588, -0.01986484314692723, 0.004827236703302146, -1.5461729207421732e-14], [0.0, 12.776957076087346, 19.497871520580738, 31.98928018913053, 39.51317307050246, 25.713071650571617, -7.653442238479243, 5.881804473230363, -5.227766597857235, 4.901352326501925, -4.713515651015581, 4.597258566992168, -4.523385563348434, 4.477577304787495, -4.452458349906165, 2.222222222222205], [0.0, 12.897280739484842, 18.96027405383638, 33.49215267414423, 35.45561438322342, 50.82495801028054, 23.62445590265855, -3.536579765864857, 1.558375771233069, -0.8270860451942432, 0.46266805771578895, -0.25479593790686406, 0.12912355057174116, -0.053562850160009876, 0.012872862240703012, -1.419495463581324e-14], [0.0, 12.820741244699184, 19.291080580290362, 32.63268857844687, 37.405262896447745, 46.094980392373124, 51.14212855277125, 29.305709495666942, -8.086266142774859, 6.00129367857165, -5.235150512876208, 4.857674226564092, -4.647509636885496, 4.527160198841301, -4.4641315912712045, 2.222222222222207], [0.0, 12.870600930930296, 19.07977208821416, 33.160312621786744, 36.29784200557659, 48.345373623099384, 46.02462387524775, 57.935071301642736, 24.987540107645373, -3.560655443396284, 1.459687162294444, -0.6941911087515104, 0.32455885089882325, -0.12859273767934087, 0.0301725394043449, -7.116792043379716e-15], [0.0, 12.838040921862847, 19.216050692771024, 32.82812387877398, 36.9658677256031, 47.091999496951814, 48.408559154569204, 52.73487383207925, 53.38538492473275, 28.40146165116085, -7.714734900057441, 5.699901848917265, -4.9793496892430165, 4.6466582332190915, -4.490811399825777, 2.222222222222217], [0.0, 12.858927689565261, 19.12935498226797, 33.036188548249676, 36.55825766514851, 47.82373876123876, 47.1245652273175, 55.076571756725116, 48.411445130081965, 55.23491534785417, 21.841595904095854, -2.802101282806227, 0.9679672402151135, -0.33538367796970114, 0.07395670801615556, 2.4349900980723353e-15], [0.0, 12.846086547400239, 19.182352685757944, 32.910316015618314, 36.80071120495736, 47.40005522806699, 47.83570732790067, 53.87982561440686, 50.53789228342126, 50.78457771070818, 45.847226915508706, 23.161058343495025, -6.61358532628232, 5.058041794259106, -4.569836977725803, 2.2222222222222157], [0.0, 12.853375510662524, 19.152387162119425, 32.98098538659348, 36.66610425348432, 47.63127325845064, 47.45783809889005, 54.4885462425282, 49.53856568935661, 52.537269292777644, 42.189991782443954, 43.20166332025849, 14.729840264137769, -1.414051264626576, 0.24045959666003477, -1.6194205630604394e-14], [0.0, 12.849814288088012, 19.166989413711917, 32.94670876751252, 36.73091710281751, 47.521154691214186, 47.63487035809549, 54.21049856774325, 49.97642498470532, 51.82563435326876, 43.4393924692955, 40.56038009700537, 29.84819988419808, 14.495351441699416, -5.042194230927931, 2.222222222222202], [0.0, 12.851074441223945, 19.16183066211837, 32.9587835395523, 36.70818614005017, 47.55952331748254, 47.57377585687031, 54.30508879600764, 49.83075330919689, 52.053738057955194, 43.065911423875306, 41.23083957206519, 28.36793146274451, 23.97143451684728, 4.898029087461017, -1.7142858207856837e-14], [0.0, 12.850913784103476, 19.162487842611014, 32.95724742934555, 36.71107178769622, 47.55466755466748, 47.58147310937497, 54.2932496033122, 49.84880515886784, 52.02591755381928, 43.11022311022293, 41.15551623214063, 28.512802984901242, 23.60693228705537, 8.406469339659068, 2.222222222222199]], "control_points": [[0.0], [5.463099816548575], [21.61363558934977], [47.74575140626311], [82.7173484102854], [124.9999999999999], [172.74575140626303], [223.86788418308652], [276.13211581691314], [327.2542485937367], [374.9999999999997], [417.2826515897142], [452.25424859373663], [478.38636441064995], [494.53690018345117], [499.9999999999997]], "differentiate": [[-0.3006666666666677, 0.366092523871098, -0.09253417786804503, 0.04188854381999835, -0.024178724758920248, 0.016000000000000014, -0.011577708763999672, 0.008933840632380901, -0.007242909771951632, 0.006111456180001686, -0.005333333333333337, 0.004792914328886275, -0.004422291236000338, 0.0041807211676359295, -0.004044187601083133, 0.0020000000000000013], [-0.0915231309677745, 0.04525604203375203, 0.06191745054576335, -0.0236503616117409, 0.012944271909999165, -0.008365617633260661, 0.005977906199458438, -0.004578654276738505, 0.0036945492128240237, -0.00310760567467445, 0.0027060897017417334, -0.0024282479928267467, 0.0022381822082574287, -0.002114507944239698, 0.00204468118973006, -0.0010110469002707833], [0.02313354446701126, -0.06191745054576335, 0.011044182087551048, 0.038267088934022545, -0.01636561763326067, 0.009672455412282463, -0.006616727322281618, 0.004944271909999161, -0.0039289877855073875, 0.0032718164977167054, -0.002829763965759464, 0.0025273649428214995, -0.002322121903513576, 0.0021892725570120944, -0.002114507944239698, 0.0010451802919089826], [-0.010472135954999587, 0.0236503616117409, -0.038267088934022545, 0.004683281572999781, 0.028594633521740062, -0.01294427190999917, 0.008000000000000005, -0.005677878096486428, 0.00437854511402419, -0.0035777087639996654, 0.0030557280900008433, -0.002706089701741734, 0.0024721359549995806, -0.002322121903513576, 0.0022381822082574287, -0.0011055728090000846], [0.006044681189730062, -0.012944271909999165, 0.01636561763326067, -0.028594633521740062, 0.0024232263037542315, 0.023650361611740917, -0.011107605674674455, 0.007084634815765921, -0.005170236034240543, 0.00408936237946012, -0.0034213457232614994, 0.00298895309972922, -0.002706089701741733, 0.0025273649428214987, -0.002428247992826746, 0.0011982285822215682], [-0.0040000000000000036, 0.008365617633260661, -0.009672455412282463, 0.01294427190999917, -0.023650361611740917, 0.001333333333333349, 0.02094427190999916, -0.010114507944239699, 0.006616727322281618, -0.004944271909999161, 0.0040000000000000036, -0.0034213457232615, 0.003055728090000843, -0.002829763965759463, 0.002706089701741733, -0.001333333333333334], [0.002894427190999918, -0.005977906199458438, 0.006616727322281618, -0.008000000000000005, 0.011107605674674455, -0.02094427190999916, 0.0006832815729997486, 0.019560999232280777, -0.009672455412282463, 0.006472135954999582, -0.004944271909999163, 0.004089362379460121, -0.0035777087639996654, 0.0032718164977167045, -0.00310760567467445, 0.0015278640450004214], [-0.0022334601580952253, 0.004578654276738505, -0.004944271909999161, 0.005677878096486428, -0.007084634815765921, 0.010114507944239699, -0.019560999232280777, 0.0002113663575536312, 0.019133544467011283, -0.009672455412282462, 0.006616727322281621, -0.005170236034240544, 0.00437854511402419, -0.003928987785507386, 0.0036945492128240237, -0.001810727442987908], [0.001810727442987908, -0.0036945492128240237, 0.0039289877855073875, -0.00437854511402419, 0.005170236034240543, -0.006616727322281618, 0.009672455412282463, -0.019133544467011283, -0.0002113663575536259, 0.019560999232280763, -0.010114507944239704, 0.0070846348157659255, -0.005677878096486427, 0.00494427190999916, -0.004578654276738504, 0.002233460158095225], [-0.0015278640450004214, 0.00310760567467445, -0.0032718164977167054, 0.0035777087639996654, -0.00408936237946012, 0.004944271909999161, -0.006472135954999582, 0.009672455412282462, -0.019560999232280763, -0.000683281572999784, 0.020944271909999198, -0.011107605674674469, 0.008000000000000005, -0.006616727322281617, 0.005977906199458438, -0.002894427190999918], [0.0013333333333333342, -0.0027060897017417334, 0.002829763965759464, -0.0030557280900008433, 0.0034213457232614994, -0.0040000000000000036, 0.004944271909999163, -0.006616727322281621, 0.010114507944239704, -0.020944271909999198, -0.00133333333333334, 0.023650361611740934, -0.012944271909999156, 0.009672455412282455, -0.008365617633260656, 0.004], [-0.0011982285822215687, 0.0024282479928267467, -0.0025273649428214995, 0.002706089701741734, -0.00298895309972922, 0.0034213457232615, -0.004089362379460121, 0.005170236034240544, -0.0070846348157659255, 0.011107605674674469, -0.023650361611740934, -0.002423226303754157, 0.028594633521739975, -0.016365617633260634, 0.012944271909999147, -0.006044681189730054], [0.0011055728090000846, -0.0022381822082574287, 0.002322121903513576, -0.0024721359549995806, 0.002706089701741733, -0.003055728090000843, 0.0035777087639996654, -0.00437854511402419, 0.005677878096486427, -0.008000000000000005, 0.012944271909999156, -0.028594633521739975, -0.004683281572999813, 0.0382670889340225, -0.0236503616117409, 0.010472135954999587], [-0.0010451802919089824, 0.002114507944239698, -0.0021892725570120944, 0.002322121903513576, -0.0025273649428214987, 0.002829763965759463, -0.0032718164977167045, 0.003928987785507386, -0.00494427190999916, 0.006616727322281617, -0.009672455412282455, 0.016365617633260634, -0.0382670889340225, -0.011044182087551141, 0.06191745054576346, -0.023133544467011286], [0.0010110469002707833, -0.00204468118973006, 0.002114507944239698, -0.0022381822082574287, 0.002428247992826746, -0.002706089701741733, 0.00310760567467445, -0.0036945492128240237, 0.004578654276738504, -0.005977906199458438, 0.008365617633260656, -0.012944271909999147, 0.0236503616117409, -0.06191745054576346, -0.04525604203375195, 0.0915231309677745], [-0.0020000000000000013, 0.004044187601083133, -0.00418072116763593, 0.004422291236000338, -0.004792914328886273, 0.005333333333333336, -0.006111456180001686, 0.007242909771951632, -0.0089338406323809, 0.011577708763999672, -0.016, 0.024178724758920217, -0.04188854381999835, 0.09253417786804514, -0.366092523871098, 0.3006666666666676]]}, "offset": [0.0, 0.0, 0.0, 0.0, 0.0, 0.0, 0.0, 0.0, 0.0, 0.0, 0.0, 0.0, 0.0, 0.0, 0.0, 0.0, 0.0, 0.0, 0.0, 0.0, 0.0, 0.0, 0.0, 0.0, 0.0, 0.0, 0.0, 0.0, 0.0, 0.0, 0.0, 0.0], "number_control_points": 16, "tag": "numerics", "tolerance_solution": 1e-08, "converged": null, "discretization_method": null, "dimensionless": {"integrate": [[0.0, 0.0, 0.0, 0.0, 0.0, 0.0, 0.0, 0.0, 0.0, 0.0, 0.0, 0.0, 0.0, 0.0, 0.0, 0.0], [0.0, 0.015905769393285, -0.009617893348472701, 0.009178631933202333, -0.00903953556873803, 0.00897751226158412, -0.008944529897160722, 0.008924992588230742, -0.008912567274279777, 0.008904283393898139, -0.00889860041451897, 0.008894660184180983, -0.008891961109302392, 0.00889020324987417, -0.008889210203129818, 0.004444444444444433], [0.0, 0.026897327141174012, 0.01822316169071195, -0.002670793798593755, 0.001190272270270501, -0.0006583387181451605, 0.0004005664011010347, -0.00025523965167498404, 0.00016550207113792708, -0.00010679449744114224, 6.702572690661172e-05, -3.969063024265153e-05, 2.1077323666127342e-05, -9.00314220185716e-06, 2.1989920309698075e-06, -2.1460637115216855e-17], [0.0, 0.025220908374887, 0.04115307821447512, 0.03645481433041584, -0.012981183065124528, 0.010729351544446864, -0.009911592366805534, 0.009509367827911362, -0.009279482167320737, 0.009136158909858699, -0.00904210029645504, 0.008978823957312646, -0.008936364803384602, 0.00890909024987205, -0.00889381234200691, 0.004444444444444415], [0.0, 0.025952612634769726, 0.03709778098559272, 0.07025277662236705, 0.03598891577729133, -0.005474007610571455, 0.0024826796862223014, -0.001378174249106761, 0.0008268479778108986, -0.0005084684370513175, 0.000309224653201212, -0.00017927883452225935, 9.386282745473181e-05, -3.972968629385448e-05, 9.654473406604297e-06, -3.092345841484348e-17], [0.0, 0.025553914152174707, 0.0389957430411615, 0.06397856037826109, 0.07902634614100497, 0.051426143301143264, -0.015306884476958493, 0.011763608946460733, -0.010455533195714475, 0.009802704653003856, -0.009427031302031168, 0.00919451713398434, -0.009046771126696874, 0.008955154609574995, -0.008904916699812335, 0.004444444444444412], [0.0, 0.025794561478969698, 0.03792054810767278, 0.0669843053482885, 0.07091122876644688, 0.10164991602056114, 0.04724891180531712, -0.007073159531729718, 0.00311675154246614, -0.0016541720903884875, 0.0009253361154315784, -0.0005095918758137284, 0.00025824710114348245, -0.00010712570032001982, 2.5745724481406038e-05, -2.83899092716265e-17], [0.0, 0.025641482489398383, 0.03858216116058075, 0.06526537715689378, 0.07481052579289553, 0.0921899607847463, 0.10228425710554255, 0.058611418991333916, -0.016172532285549726, 0.012002587357143307, -0.010470301025752422, 0.00971534845312819, -0.009295019273770997, 0.009054320397682607, -0.008928263182542414, 0.004444444444444417], [0.0, 0.025741201861860605, 0.03815954417642834, 0.06632062524357353, 0.07259568401115322, 0.09669074724619882, 0.09204924775049556, 0.11587014260328554, 0.049975080215290776, -0.007121310886792571, 0.00291937432458889, -0.0013883822175030215, 0.0006491177017976469, -0.0002571854753586819, 6.034507880868983e-05, -1.423358408675944e-17], [0.0, 0.025676081843725707, 0.03843210138554207, 0.065656247757548, 0.07393173545120624, 0.09418399899390369, 0.09681711830913846, 0.10546974766415856, 0.10677076984946555, 0.056802923302321735, -0.01542946980011489, 0.011399803697834537, -0.009958699378486039, 0.009293316466438188, -0.008981622799651558, 0.004444444444444437], [0.0, 0.025717855379130537, 0.03825870996453596, 0.0660723770964994, 0.07311651533029706, 0.09564747752247757, 0.09424913045463505, 0.11015314351345029, 0.09682289026016398, 0.1104698306957084, 0.04368319180819173, -0.005604202565612457, 0.001935934480430228, -0.0006707673559394027, 0.0001479134160323112, 4.8699801961446735e-18], [0.0, 0.025692173094800493, 0.038364705371515914, 0.06582063203123667, 0.07360142240991475, 0.09480011045613403, 0.0956714146558014, 0.10775965122881379, 0.10107578456684257, 0.10156915542141641, 0.09169445383101746, 0.04632211668699008, -0.013227170652564648, 0.010116083588518218, -0.009139673955451611, 0.004444444444444434], [0.0, 0.025706751021325063, 0.03830477432423887, 0.065961970773187, 0.07333220850696869, 0.09526254651690133, 0.09491567619778016, 0.10897709248505646, 0.09907713137871327, 0.10507453858555535, 0.08437998356488796, 0.08640332664051703, 0.029459680528275554, -0.0028281025292531533, 0.0004809191933200698, -3.2388411261208805e-17], [0.0, 0.02569962857617604, 0.038333978827423856, 0.06589341753502508, 0.07346183420563505, 0.09504230938242843, 0.09526974071619103, 0.10842099713548656, 0.09995284996941069, 0.10365126870653758, 0.08687878493859104, 0.0811207601940108, 0.0596963997683962, 0.028990702883398847, -0.010084388461855867, 0.004444444444444406], [0.0, 0.025702148882447904, 0.03832366132423676, 0.06591756707910464, 0.07341637228010038, 0.09511904663496512, 0.09514755171374067, 0.10861017759201534, 0.09966150661839385, 0.10410747611591045, 0.08613182284775066, 0.08246167914413044, 0.05673586292548906, 0.04794286903369459, 0.00979605817492204, -3.428571641571369e-17], [0.0, 0.025701827568206968, 0.03832497568522205, 0.06591449485869114, 0.07342214357539248, 0.09510933510933502, 0.09516294621874999, 0.10858649920662446, 0.09969761031773573, 0.10405183510763863, 0.08622044622044592, 0.0823110324642813, 0.057025605969802516, 0.04721386457411077, 0.016812938679318146, 0.0044444444444444]], "control_points": [[0.0], [0.010926199633097156], [0.04322727117869957], [0.09549150281252627], [0.16543469682057088], [0.24999999999999994], [0.3454915028125263], [0.4477357683661733], [0.5522642316338267], [0.6545084971874737], [0.7499999999999999], [0.8345653031794289], [0.9045084971874737], [0.9567727288213005], [0.9890738003669028], [1.0]], "differentiate": [[-150.33333333333377, 183.04626193554887, -46.26708893402249, 20.944271909999163, -12.089362379460118, 8.000000000000002, -5.788854381999832, 4.466920316190448, -3.6214548859758136, 3.0557280900008412, -2.666666666666667, 2.396457164443136, -2.211145618000168, 2.0903605838179637, -2.0220938005415654, 1.0], [-45.76156548388722, 22.628021016876005, 30.958725272881658, -11.825180805870444, 6.472135954999579, -4.182808816630328, 2.9889530997292173, -2.2893271383692513, 1.8472746064120107, -1.5538028373372241, 1.353044850870866, -1.2141239964133728, 1.1190911041287137, -1.0572539721198484, 1.0223405948650293, -0.5055234501353914], [11.566772233505622, -30.958725272881658, 5.522091043775521, 19.133544467011262, -8.18280881663033, 4.836227706141229, -3.3083636611408074, 2.472135954999579, -1.9644938927536926, 1.6359082488583518, -1.4148819828797312, 1.263682471410749, -1.1610609517567874, 1.0946362785060466, -1.0572539721198484, 0.522590145954491], [-5.236067977499791, 11.825180805870444, -19.133544467011262, 2.341640786499889, 14.297316760870023, -6.472135954999581, 4.0, -2.8389390482432124, 2.1892725570120937, -1.7888543819998317, 1.5278640450004208, -1.3530448508708661, 1.2360679774997896, -1.1610609517567874, 1.1190911041287137, -0.552786404500042], [3.0223405948650295, -6.472135954999579, 8.18280881663033, -14.297316760870023, 1.2116131518771152, 11.82518080587045, -5.553802837337225, 3.5423174078829587, -2.5851180171202697, 2.0446811897300585, -1.7106728616307487, 1.494476549864609, -1.3530448508708657, 1.2636824714107486, -1.2141239964133723, 0.5991142911107837], [-2.0000000000000004, 4.182808816630328, -4.836227706141229, 6.472135954999581, -11.82518080587045, 0.6666666666666741, 10.472135954999574, -5.057253972119846, 3.3083636611408074, -2.472135954999579, 2.0000000000000004, -1.710672861630749, 1.5278640450004206, -1.4148819828797308, 1.3530448508708657, -0.6666666666666666], [1.447213595499958, -2.9889530997292173, 3.3083636611408074, -4.0, 5.553802837337225, -10.472135954999574, 0.34164078649987406, 9.780499616140382, -4.836227706141229, 3.2360679774997894, -2.47213595499958, 2.0446811897300594, -1.7888543819998317, 1.6359082488583514, -1.5538028373372241, 0.7639320225002103], [-1.116730079047612, 2.2893271383692513, -2.472135954999579, 2.8389390482432124, -3.5423174078829587, 5.057253972119846, -9.780499616140382, 0.10568317877681555, 9.566772233505636, -4.836227706141228, 3.3083636611408087, -2.5851180171202706, 2.1892725570120937, -1.9644938927536917, 1.8472746064120107, -0.9053637214939534], [0.9053637214939534, -1.8472746064120107, 1.9644938927536926, -2.1892725570120937, 2.5851180171202697, -3.3083636611408074, 4.836227706141229, -9.566772233505636, -0.10568317877681288, 9.780499616140377, -5.057253972119849, 3.542317407882961, -2.838939048243212, 2.4721359549995787, -2.289327138369251, 1.1167300790476118], [-0.7639320225002103, 1.5538028373372241, -1.6359082488583518, 1.7888543819998317, -2.0446811897300585, 2.472135954999579, -3.2360679774997894, 4.836227706141228, -9.780499616140377, -0.3416407864998918, 10.472135954999594, -5.553802837337231, 4.0, -3.308363661140807, 2.9889530997292173, -1.447213595499958], [0.6666666666666667, -1.353044850870866, 1.4148819828797312, -1.5278640450004208, 1.7106728616307487, -2.0000000000000004, 2.47213595499958, -3.3083636611408087, 5.057253972119849, -10.472135954999594, -0.6666666666666696, 11.82518080587046, -6.472135954999574, 4.836227706141225, -4.182808816630326, 1.9999999999999991], [-0.599114291110784, 1.2141239964133728, -1.263682471410749, 1.3530448508708661, -1.494476549864609, 1.710672861630749, -2.0446811897300594, 2.5851180171202706, -3.542317407882961, 5.553802837337231, -11.82518080587046, -1.2116131518770779, 14.297316760869979, -8.182808816630311, 6.47213595499957, -3.0223405948650255], [0.552786404500042, -1.1190911041287137, 1.1610609517567874, -1.2360679774997896, 1.3530448508708657, -1.5278640450004206, 1.7888543819998317, -2.1892725570120937, 2.838939048243212, -4.0, 6.472135954999574, -14.297316760869979, -2.341640786499905, 19.13354446701124, -11.825180805870444, 5.236067977499791], [-0.5225901459544909, 1.0572539721198484, -1.0946362785060466, 1.1610609517567874, -1.2636824714107486, 1.4148819828797308, -1.6359082488583514, 1.9644938927536917, -2.4721359549995787, 3.308363661140807, -4.836227706141225, 8.182808816630311, -19.13354446701124, -5.522091043775568, 30.95872527288171, -11.566772233505636], [0.5055234501353914, -1.0223405948650293, 1.0572539721198484, -1.1190911041287137, 1.2141239964133723, -1.3530448508708657, 1.5538028373372241, -1.8472746064120107, 2.289327138369251, -2.9889530997292173, 4.182808816630326, -6.47213595499957, 11.825180805870444, -30.95872527288171, -22.628021016875962, 45.76156548388722], [-1.0, 2.0220938005415654, -2.090360583817964, 2.211145618000168, -2.396457164443135, 2.6666666666666665, -3.0557280900008412, 3.6214548859758136, -4.466920316190447, 5.788854381999832, -7.9999999999999964, 12.089362379460102, -20.944271909999163, 46.267088934022546, -183.04626193554887, 150.3333333333337]]}, "scaling_factor": [2.0, 2.0, 2.0, 2.0, 2.0, 2.0, 2.0, 2.0, 2.0, 2.0, 2.0, 2.0, 2.0, 2.0, 2.0, 2.0, 57.29577951308232, 57.29577951308232, 57.29577951308232, 57.29577951308232, 57.29577951308232, 57.29577951308232, 57.29577951308232, 57.29577951308232, 57.29577951308232, 57.29577951308232, 57.29577951308232, 57.29577951308232, 57.29577951308232, 57.29577951308232, 57.29577951308232, 57.29577951308232]}, "unknowns": {"tag": "unknowns", "throttle": [[0.5057368404824621], [0.507194166861204], [0.5115591713620513], [0.5188040533547514], [0.5288605308841575], [0.5415901012630483], [0.5567482168711029], [0.5739475872571635], [0.592627374594192], [0.6120368842654358], [0.6312435556852062], [0.6491741048691214], [0.6646930957510724], [0.6767146718497847], [0.6843323321087351], [0.6869422556205705]], "body_angle": [[56.62596342815001], [56.626199799607186], [56.6269037082391], [56.62805908257476], [56.62963769424704], [56.6315972507371], [56.633879255599204], [56.63640718900272], [56.63908570798995], [56.64180163531105], [56.64442742815459], [56.646827532591274], [56.648867520368384], [56.65042523770899], [56.6514025301376], [56.65173566255523]]}, "conditions": {"freestream": {"stagnation_temperature": [[295.9448434301511], [295.7318845017372], [295.1023256066232], [294.0837113411394], [292.72060398613246], [291.07262828631156], [289.2118568170521], [287.2196517339675], [285.1831023810064], [283.19121556606194], [281.33102560178713], [279.68379409651135], [278.3214649477367], [277.3035283412008], [276.6744293841789], [276.4616331453253]], "reynolds_number": [[8557431.972459458], [8535440.315262513], [8470668.750279741], [8366630.308626608], [8228869.088803305], [8064536.8616100075], [7881878.0073576], [7689682.971598328], [7496767.27381122], [7311521.38239775], [7141559.623252226], [6993477.502829849], [6872709.908229901], [6783470.152708086], [6728743.068610967], [6710304.423083073]], "temperature": [[288.15], [287.93694020334067], [287.307085369557], [286.2879994207405], [284.92427469761526], [283.2755738219484], [281.41401154829015], [279.4209928662786], [277.3836472970642], [275.3910165900698], [273.53016318204993], [271.8823694933468], [270.51959341765036], [269.50133354696646], [268.8720393855945], [268.65917791026044]], "mach_number": [[0.36732943714524596], [0.36746531526967807], [0.3678678864305762], [0.36852204582359716], [0.3694029162058461], [0.37047634323482026], [0.3716996796253695], [0.37302293044699747], [0.37439032582495874], [0.37574236163706926], [0.3770183019016514], [0.3781590708367673], [0.3791103859109277], [0.3798259091638278], [0.3802701400575595], [0.38042075623350946]], "density": [[1.2250000002007604], [1.2211497803191826], [1.209821744887532], [1.191663791571238], [1.167692144531067], [1.1392057413736987], [1.1076838728330025], [1.0746802560232975], [1.0417255845272482], [1.0102475564148967], [0.9815132815519447], [0.9565947503590573], [0.9363544977839529], [0.9214462122373527], [0.912323982570634], [0.9092540409740743]], "speed_of_sound": [[340.29399051558636], [340.16815956701686], [339.79590122115735], [339.19273328856576], [338.38390146964895], [337.4034598499879], [336.2929990307918], [335.10004291213716], [333.8761484409779], [332.67476005470445], [331.548891312463], [330.54872840523865], [329.7192708125091], [329.09813939544756], [328.71368754086086], [328.5835432262078]], "altitude": [[0.0], [32.77859889929147], [129.6818135360987], [286.47450843757883], [496.30409046171263], [749.9999999999999], [1036.4745084375788], [1343.2073050985198], [1656.79269490148], [1963.5254915624212], [2249.9999999999995], [2503.6959095382867], [2713.5254915624214], [2870.3181864639014], [2967.2214011007086], [3000.0]], "dynamic_pressure": [[9570.31250156844], [9540.232658743615], [9451.732381933843], [9309.873371650297], [9122.59487914896], [8900.044854482021], [8653.780256507833], [8395.939500182012], [8138.481129119126], [7892.559034491381], [7668.072512124568], [7473.396487180135], [7315.269513937132], [7198.798533104317], [7127.531113833078], [7103.547195109955]], "gravity": [[9.80665], [9.80665], [9.80665], [9.80665], [9.80665], [9.80665], [9.80665], [9.80665], [9.80665], [9.80665], [9.80665], [9.80665], [9.80665], [9.80665], [9.80665], [9.80665]], "pressure": [[101325.0], [100931.84699184986], [99776.81169285787], [97930.68381545994], [95503.59276886398], [92634.59193418456], [89479.47957332886], [86198.59783119273], [82946.12169226634], [79861.87044540115], [77066.08639649136], [74657.06958380222], [72711.13546932633], [71284.12242012411], [70413.61356236027], [70121.11626696083]], "specific_heat_at_constant_pressure": [[1004.7652106172491], [1004.7622225275671], [1004.7537457006517], [1004.7411616574273], [1004.7265165590986], [1004.7121801914391], [1004.7004490570043], [1004.693159446136], [1004.6913761137669], [1004.6952109699286], [1004.7038052134259], [1004.7154806456465], [1004.7280360651789], [1004.7391380508616], [1004.7467372747769], [1004.7494356070432]], "gas_specific_constant": 287.0528742, "velocity": [[125.0], [125.0], [125.0], [125.0], [125.0], [125.0], [125.0], [125.0], [125.0], [125.0], [125.0], [125.0], [125.0], [125.0], [125.0], [125.0]], "dynamic_viscosity": [[1.789380278077583e-05], [1.788352058029746e-05], [1.785310257893714e-05], [1.7803819273909854e-05], [1.7737737287009148e-05], [1.7657643596322206e-05], [1.756694076904956e-05], [1.746951499809233e-05], [1.7369579888226507e-05], [1.727150040973406e-05], [1.7179603149223745e-05], [1.7097980760858593e-05], [1.703030009790409e-05], [1.6979624578091023e-05], [1.6948261608222015e-05], [1.69376451433092e-05]], "isentropic_expansion_factor": [[1.4009657721330457], [1.400970960782987], [1.4009861838311775], [1.4010104471628777], [1.40104220450175], [1.4010795074566584], [1.4011201863361253], [1.4011620377632727], [1.4012029950278622], [1.401241260741969], [1.4012753882053206], [1.4013043068505808], [1.4013272967155963], [1.4013439253829818], [1.4013539666703556], [1.4013573224267646]], "stagnation_pressure": [[111229.33641786137], [110805.3349957903], [109559.5331100951], [107567.89769553991], [104948.68125303231], [101851.3251307574], [98443.46544921304], [94897.88757594231], [91381.03665911464], [88044.1885274918], [85017.76509313112], [82408.68897766928], [80300.22206480954], [78753.47343667071], [77809.69134330393], [77492.53368353721]]}, "energies": {"propulsion_power": [[0.0], [0.0], [0.0], [0.0], [0.0], [0.0], [0.0], [0.0], [0.0], [0.0], [0.0], [0.0], [0.0], [0.0], [0.0], [0.0]], "total_efficiency": [[0.0], [0.0], [0.0], [0.0], [0.0], [0.0], [0.0], [0.0], [0.0], [0.0], [0.0], [0.0], [0.0], [0.0], [0.0], [0.0]], "gravity_energy": [[0.0], [0.0], [0.0], [0.0], [0.0], [0.0], [0.0], [0.0], [0.0], [0.0], [0.0], [0.0], [0.0], [0.0], [0.0], [0.0]], "total_energy": [[0.0], [0.0], [0.0], [0.0], [0.0], [0.0], [0.0], [0.0], [0.0], [0.0], [0.0], [0.0], [0.0], [0.0], [0.0], [0.0]]}, "aerodynamics": {"drag_coefficient": [[0.03548901876880337], [0.035602637391256846], [0.035942932953515645], [0.0365077960065507], [0.03729229201827269], [0.03828658501887741], [0.03947319655474858], [0.04082389849030388], [0.0422967730099312], [0.043834234153438574], [0.04536299001754736], [0.046796885886338006], [0.04804316688760226], [0.049011897744238364], [0.04962723428518454], [0.049838320840252345]], "angle_of_attack": [[0.029277212397182922], [0.029513583854360065], [0.030217492486272562], [0.0313728668219326], [0.03295147849421195], [0.03491103498427602], [0.03719303984637887], [0.03972097324989218], [0.04239949223712354], [0.045115419558221945], [0.047741212401767506], [0.050141316838448774], [0.05218130461555855], [0.05373902195616151], [0.054716314384776844], [0.05504944680240694]], "lift_coefficient_wing": {"horizontal_stabilizer": [[0.0], [0.0], [0.0], [0.0], [0.0], [0.0], [0.0], [0.0], [0.0], [0.0], [0.0], [0.0], [0.0], [0.0], [0.0], [0.0]], "main_wing": [[0.0], [0.0], [0.0], [0.0], [0.0], [0.0], [0.0], [0.0], [0.0], [0.0], [0.0], [0.0], [0.0], [0.0], [0.0], [0.0]], "vertical_stabilizer": [[0.0], [0.0], [0.0], [0.0], [0.0], [0.0], [0.0], [0.0], [0.0], [0.0], [0.0], [0.0], [0.0], [0.0], [0.0], [0.0]]}, "roll_angle": [[0.0], [0.0], [0.0], [0.0], [0.0], [0.0], [0.0], [0.0], [0.0], [0.0], [0.0], [0.0], [0.0], [0.0], [0.0], [0.0]], "lift_coefficient": [[0.645754257305519], [0.6477265785256503], [0.6536009731050236], [0.6632458296774139], [0.6764293763105728], [0.6928031866521546], [0.711883522937621], [0.7330351801899302], [0.7554637816591334], [0.7782231287173323], [0.8002436184095549], [0.8203853619514369], [0.8375153021029246], [0.8506018783102242], [0.8588149926048506], [0.8616151035135765]], "drag_breakdown": {"total": [[0.03548901876880337], [0.035602637391256846], [0.035942932953515645], [0.0365077960065507], [0.03729229201827269], [0.03828658501887741], [0.03947319655474858], [0.04082389849030388], [0.0422967730099312], [0.043834234153438574], [0.04536299001754736], [0.046796885886338006], [0.04804316688760226], [0.049011897744238364], [0.04962723428518454], [0.049838320840252345]], "spoiler_drag": 0.0, "compressible": {"horizontal_stabilizer": {"crest_critical": 1.0514387012839752, "compressibility_drag": [[4.569306032530025e-11], [4.594115122225531e-11], [4.668356643923817e-11], [4.791383898352681e-11], [4.96182489268662e-11], [5.1771585021199524e-11], [5.4331670819690113e-11], [5.723334678633651e-11], [6.038304198979781e-11], [6.365552392565454e-11], [6.68946885610559e-11], [6.992008278978135e-11], [7.254000960483998e-11], [7.457052122487201e-11], [7.585767286770526e-11], [7.629875883643405e-11]], "divergence_mach": 1.0921466694604667, "wing_sweep": 0.6981317007977318, "thickness_to_chord": 0.1044325831465823}, "total": [[5.5490232098818216e-08], [5.613021691768792e-08], [5.806999608525862e-08], [6.136574837811012e-08], [6.60993092549343e-08], [7.235789114978072e-08], [8.020156412439468e-08], [8.961717238621574e-08], [1.0046148024580156e-07], [1.1240344736483509e-07], [1.2488378134985202e-07], [1.3711473240798576e-07], [1.481387824851507e-07], [1.5694893392127526e-07], [1.626504228125772e-07], [1.6462461976260145e-07]], "main_wing": {"crest_critical": [[0.7350772225984519], [0.7347701610816136], [0.7338606787647737], [0.7323839273383617], [0.7303984914850801], [0.7279858863093885], [0.7252489646076378], [0.7223086173962181], [0.7192983717185729], [0.7163569633860307], [0.713619607650042], [0.7112092938665195], [0.7092296875206153], [0.7077608843630233], [0.7068583257254463], [0.7065540100609883]], "compressibility_drag": [[5.490106586704769e-08], [5.553785180237019e-08], [5.7468058269563975e-08], [6.07479474306005e-08], [6.545953164890016e-08], [7.169034843229637e-08], [7.950101166555862e-08], [8.887920572305812e-08], [9.968290141876089e-08], [1.1158267316202052e-07], [1.240212413644714e-07], [1.3621318299525077e-07], [1.4720345174111168e-07], [1.5598742176432095e-07], [1.6167231412482091e-07], [1.636408237132145e-07]], "divergence_mach": [[0.7552884479851572], [0.7549729436961399], [0.7540384548200898], [0.7525210995564185], [0.7504810733957681], [0.7480021327311294], [0.745189958335268], [0.7421687651686505], [0.7390757516511242], [0.7360534681874588], [0.7332408478234245], [0.7307642615536465], [0.7287302251848766], [0.7272210367306734], [0.7262936619030581], [0.7259809789646675]], "wing_sweep": 0.4363323129985824, "thickness_to_chord": 0.11033779189624919}, "vertical_stabilizer": {"crest_critical": 0.9081478860594208, "compressibility_drag": [[5.434731714452285e-10], [5.464239640954683e-10], [5.552542492554112e-10], [5.698871085260863e-10], [5.901593571072674e-10], [6.157711324631599e-10], [6.462207880163733e-10], [6.807333163712873e-10], [7.181957850508711e-10], [7.571186788889215e-10], [7.956452968195674e-10], [8.316293299452101e-10], [8.627907344341506e-10], [8.869416357294223e-10], [9.022510148885614e-10], [9.074972905505216e-10]], "divergence_mach": 0.9331177545920408, "wing_sweep": 0.4363323129985824, "thickness_to_chord": 0.08827023351699935}}, "miscellaneous": {"total": [[0.001151304235369177], [0.001151304235369177], [0.001151304235369177], [0.001151304235369177], [0.001151304235369177], [0.001151304235369177], [0.001151304235369177], [0.001151304235369177], [0.001151304235369177], [0.001151304235369177], [0.001151304235369177], [0.001151304235369177], [0.001151304235369177], [0.001151304235369177], [0.001151304235369177], [0.001151304235369177]], "trim_correction_factor": 1.02, "total_wetted_area": 939.8915455285838, "reference_area": 124.862}, "trim_corrected_drag": [[0.03548901876880337], [0.035602637391256846], [0.035942932953515645], [0.0365077960065507], [0.03729229201827269], [0.03828658501887741], [0.03947319655474858], [0.04082389849030388], [0.0422967730099312], [0.043834234153438574], [0.04536299001754736], [0.046796885886338006], [0.04804316688760226], [0.049011897744238364], [0.04962723428518454], [0.049838320840252345]], "parasite": {"vertical_stabilizer": {"wetted_area": 54.632, "skin_friction_coefficient": [[0.0024308424384760566], [0.0024317353218403746], [0.002434381110441387], [0.0024386817005885714], [0.002444475294422776], [0.002451539318243548], [0.0024595951683632996], [0.0024683153206035507], [0.00247733330961119], [0.002486256916259729], [0.0024946845812205336], [0.002502224604164496], [0.0025085161443163884], [0.0025132505047876885], [0.0025161907855522215], [0.0025171878533557313]], "compressibility_factor": [[0.9847069609212264], [0.9846958179755129], [0.9846627816470471], [0.9846090267439327], [0.9845365005030968], [0.984447900596847], [0.9843466333657082], [0.9842367429871532], [0.9841228022313492], [0.9840097575044978], [0.9839027253787109], [0.983806744673234], [0.9837264966565721], [0.9836660146160855], [0.9836284108547193], [0.9836156520011085]], "reference_area": 27.316, "form_factor": [[1.171577491657943], [1.1715862471941834], [1.171612214134115], [1.1716544940879006], [1.1717115932838094], [1.1717814329724376], [1.1718613736771504], [1.171948261717337], [1.1720385068023311], [1.172128198071831], [1.1722132623411283], [1.1722896624429098], [1.1723536259812624], [1.1724018867955037], [1.1724319148561952], [1.1724421072457194]], "reynolds_factor": [[0.9936295400325281], [0.9936254276059221], [0.99361323773077], [0.9935934111459911], [0.9935666769218817], [0.9935340422628759], [0.9934967745687074], [0.9934563726978779], [0.9934145244215797], [0.9933730478232291], [0.9933338159892705], [0.9932986667062592], [0.9932693017670486], [0.9932471833941776], [0.9932334375297559], [0.9932287746178903]], "parasite_drag_coefficient": [[0.0012460763170716457], [0.0012465433345197918], [0.001247927263060086], [0.0012501769712503692], [0.001253208096402114], [0.0012569045195866292], [0.0012611207846669544], [0.0012656857505548265], [0.0012704077522825111], [0.0012750814595243359], [0.0012794964526054032], [0.001283447292386956], [0.0012867445695734258], [0.0012892261318408857], [0.0012907674712123428], [0.0012912901773497296]]}, "total": [[0.01653425528849243], [0.01654005794786451], [0.016557251818378464], [0.01658519780625541], [0.016622842191792195], [0.016668736050139566], [0.01672106663941005], [0.016777704155858365], [0.016836267050170235], [0.016894208009660718], [0.016948920649490263], [0.016997864013030547], [0.017038698500556244], [0.01706942343854634], [0.017088503969636782], [0.017094974084650008]], "main_wing": {"wetted_area": 249.724, "skin_friction_coefficient": [[0.0024103255593154074], [0.0024112078797027536], [0.0024138223585583396], [0.0024180720258345435], [0.00242379695857097], [0.0024307771725165365], [0.002438737321327658], [0.0024473537317177777], [0.0024562642731036114], [0.002465081394325076], [0.0024734083438803303], [0.002480858137530699], [0.0024870743007643606], [0.002491751887740021], [0.0024946568865112186], [0.0024956419860135744]], "compressibility_factor": [[0.9847069609212264], [0.9846958179755129], [0.9846627816470471], [0.9846090267439327], [0.9845365005030968], [0.984447900596847], [0.9843466333657082], [0.9842367429871532], [0.9841228022313492], [0.9840097575044978], [0.9839027253787109], [0.983806744673234], [0.9837264966565721], [0.9836660146160855], [0.9836284108547193], [0.9836156520011085]], "reference_area": 124.862, "form_factor": [[1.2201802844283178], [1.220191755397712], [1.2202257758134507], [1.2202811689861346], [1.2203559783464863], [1.2204474809862405], [1.2205522193168488], [1.2206660619005258], [1.2207843049990257], [1.2209018245253567], [1.2210132833434268], [1.2211133911686733], [1.2211972043851105], [1.2212604425733138], [1.221299789912534], [1.22131314558617]], "reynolds_factor": [[0.9936295400325281], [0.9936254276059222], [0.99361323773077], [0.9935934111459911], [0.9935666769218817], [0.993534042262876], [0.9934967745687074], [0.9934563726978779], [0.9934145244215797], [0.9933730478232291], [0.9933338159892705], [0.9932986667062592], [0.9932693017670486], [0.9932471833941776], [0.9932334375297559], [0.9932287746178903]], "parasite_drag_coefficient": [[0.005882063453060636], [0.005884271950726596], [0.005890816520295407], [0.005901455516756095], [0.005915790217380229], [0.005933271754073326], [0.0059532124997546], [0.005974803283546991], [0.005997137747069459], [0.006019244743869992], [0.0060401288860207], [0.006058818186657021], [0.006074416366382981], [0.0060861560264085365], [0.006093447862800015], [0.006095920728390311]]}, "horizontal_stabilizer": {"wetted_area": 64.976, "skin_friction_coefficient": [[0.0021971529590275856], [0.0021979276861183177], [0.0022002232558347404], [0.0022039542689808326], [0.002208979934641807], [0.0022151066829754814], [0.002222092380861435], [0.0022296526011404876], [0.0022374693676815234], [0.0022452026524189764], [0.0022525046253712307], [0.0022590362670432723], [0.002264485490509456], [0.002268585469252533], [0.002271131532522238], [0.0022719948780126464]], "compressibility_factor