{"tag": "sideline_takeoff", "features": {}, "settings": {"tag": "settings", "verbose_process": false}, "state": {"tag": "state", "unknowns": {"tag": "unknowns"}, "conditions": {}, "residuals": {"tag": "residuals"}, "numerics": {"tag": "numerics", "number_control_points": 16, "discretization_method": null, "solver_jacobian": "none", "tolerance_solution": 1e-08, "converged": null, "max_evaluations": 0.0, "step_size": null, "dimensionless": {"control_points": [], "differentiate": [], "integrate": []}, "time": {"control_points": [], "differentiate": [], "integrate": []}}, "initials": {}, "segments": {}}, "analyses": {}, "process": {"initialize": null, "converge": null, "finalize": {"post_process": {}, "sub_segments": null}}, "conditions": {}, "segments": {"climb": {"tag": "climb", "features": {}, "settings": {"tag": "settings", "verbose_process": false}, "state": {"tag": "state", "unknowns": {"tag": "unknowns", "body_angle": [[0.3489510265896839], [0.34872927803208303], [0.3485106660770803], [0.3482897724015609], [0.3480722349070024], [0.3478523055612198], [0.34763587515609584], [0.3474169963006833], [0.34720169197955514], [0.34698389903571514], [0.34676972801808514], [0.34655303648023283], [0.34633999974758556], [0.3461244160028794], [0.3459125116106314], [0.3456980375818552], [0.3454872622605583], [0.34527389783377094], [0.34506424774685374], [0.3448519913277729], [0.34464346258447925], [0.34443231200649677], [0.34422490061917754], [0.3440148532824946], [0.343808555285685], [0.3435996083041029], [0.3433944197693817], [0.34318657004666836], [0.3429824870853251], [0.3427757313567035], [0.3425727501211439], [0.34236708497074253], [0.34216520163861286], [0.3419606235477558], [0.3417598343806748], [0.3415563396167288], [0.3413566409374523], [0.34115422564837455], [0.3409556139194931], [0.34075427399564373], [0.3405567460126916], [0.34035647689777476], [0.34016003076604495], [0.33995999777023184]], "wind_angle": [[0.11602634242373538], [0.1161866973936504], [0.11634812277662208], [0.11650616057221122], [0.11666616894038445], [0.1168230754900757], [0.11698238576071623], [0.11713871183745814], [0.11729766241183372], [0.11745366318932042], [0.11761241260524893], [0.11776820879725224], [0.11792683040933546], [0.11808247958881808], [0.11824100660002987], [0.1183965362993187], [0.11855498304272764], [0.11871040660800615], [0.11886877853280703], [0.11902410209510299], [0.11918240076652303], [0.11933762712719265], [0.11949585221830822], [0.11965098244663555], [0.11980913286013688], [0.11996416712440858], [0.12012224147768992], [0.12027717944709392], [0.12043517629912355], [0.12059001733793176], [0.12074793529959361], [0.1209026785520886], [0.12106051633050623], [0.12121516079390249], [0.12137291727702264], [0.121527461679216], [0.12168513597523836], [0.12183957883655834], [0.12199717040990597], [0.12215150980341949], [0.12230901886891318], [0.12246325195152308], [0.12262068146597596], [0.12277397527149198]]}, "conditions": {"tag": "aerodynamic_conditions", "frames": {"inertial": {"position_vector": [[1e-08, 0.0, -10.668000000000001], [48.40615387784469, 0.0, -22.090635046882596], [96.80268408195718, 0.0, -33.55593655516234], [145.20893668460243, 0.0, -44.97935068153616], [193.61501169595664, 0.0, -56.40413675755829], [242.02923500124018, 0.0, -67.79382911776118], [290.4443148915442, 0.0, -79.18032116702675], [338.8667596832647, 0.0, -90.53506672825073], [387.2906187546539, 0.0, -101.88411894209554], [435.72134043390025, 0.0, -113.20354771147424], [484.1538433263102, 0.0, -124.5156223408038], [532.5928432396803, 0.0, -135.79960186451606], [581.0338904972474, 0.0, -147.07500616249774], [629.4811478166462, 0.0, -158.3235021201485], [677.9306574088849, 0.0, -169.56246872206435], [726.3861401838585, 0.0, -180.77549657874204], [774.8440397152895, 0.0, -191.97821737815977], [823.3077096968452, 0.0, -203.1558212859129], [871.7739326400676, 0.0, -214.32246381336446], [920.2457477195463, 0.0, -225.46470594860662], [968.7202314121098, 0.0, -236.5954220798647], [1017.2001469851415, 0.0, -247.7023766829905], [1065.6828314858997, 0.0, -258.79730760835986], [1114.170801267848, 0.0, -269.8690574215193], [1162.6616286697229, 0.0, -280.9283366284398], [1211.1576052053704, 0.0, -291.96497066950894], [1259.6565192090736, 0.0, -302.98872578810204], [1308.1604541966944, 0.0, -313.9903379359178], [1356.6673998461115, 0.0, -324.978691878974], [1405.1792443384174, 0.0, -335.9453799973353], [1453.6941678677208, 0.0, -346.89845161109287], [1502.2138723801368, 0.0, -357.8303170796401], [1550.7367211531002, 0.0, -368.7482213884919], [1599.2642356869264, 0.0, -379.64536900962673], [1647.7949582366755, 0.0, -390.5282170153328], [1696.3302321983167, 0.0, -401.3907553833757], [1744.8687784215422, 0.0, -412.2386531747244], [1793.4117603704935, 0.0, -423.06669581078876], [1841.9580820574888, 0.0, -433.8797421698001], [1890.508719080156, 0.0, -444.67341033350715], [1939.0627715115293, 0.0, -455.45168956282373], [1987.621007550983, 0.0, -466.21111974659493], [2036.1827579822775, 0.0, -476.95466364748324], [2084.7485355398217, 0.0, -487.67999999999995]], "velocity_vector": [[98.45179441641397, 0.0, -23.3557693680949], [98.46071155092643, 0.0, -23.318148886066123], [98.46956620768191, 0.0, -23.280728456352765], [98.4783809385771, 0.0, -23.243413568234295], [98.48714937439969, 0.0, -23.20623180725742], [98.49588732248826, 0.0, -23.1691166673048], [98.50458594896027, 0.0, -23.132106121392894], [98.51325829538878, 0.0, -23.095145087517825], [98.52189486708363, 0.0, -23.058274401758773], [98.53050702225343, 0.0, -23.02144592603067], [98.53908533834884, 0.0, -22.98470028669266], [98.54764002097554, 0.0, -22.947994092811367], [98.55616202808962, 0.0, -22.911366455984933], [98.5646606902572, 0.0, -22.874777585846616], [98.57312746353543, 0.0, -22.838264571658705], [98.5815709589102, 0.0, -22.801790584531666], [98.58998316335457, 0.0, -22.765390539961007], [98.59837206148539, 0.0, -22.72903019075784], [98.60673016762019, 0.0, -22.692742281126556], [98.61506490359122, 0.0, -22.656494888838736], [98.6233692919139, 0.0, -22.62031865598402], [98.63165023562001, 0.0, -22.584183810485683], [98.63990124383852, 0.0, -22.548118972394732], [98.64812873379253, 0.0, -22.512096390797968], [98.65632668000075, 0.0, -22.4761427428386], [98.66450103914684, 0.0, -22.440232202089085], [98.6726462326447, 0.0, -22.404389570680866], [98.68076777585641, 0.0, -22.36859087548842], [98.68886052227641, 0.0, -22.33285909600821], [98.69692955986316, 0.0, -22.297172063804222], [98.70497016363647, 0.0, -22.261550969847494], [98.71298700289148, 0.0, -22.22597542413968], [98.7209757685871, 0.0, -22.190464841582802], [98.7289407143572, 0.0, -22.15500060953339], [98.73687794723716, 0.0, -22.119600353981888], [98.74479130169298, 0.0, -22.084247267511376], [98.75267730906087, 0.0, -22.048957138150076], [98.76053937099134, 0.0, -22.013715037184298], [98.7683744634084, 0.0, -21.97853481111555], [98.77618552601817, 0.0, -21.943403553622296], [98.78397002165151, 0.0, -21.908332965995832], [98.79173036648945, 0.0, -21.873312455646335], [98.79946461316328, 0.0, -21.838351099379775], [98.80717452068893, 0.0, -21.80344123815331]], "acceleration_vector": [[0.018178559209264, 0.0, 0.07668976113577791], [0.018086946426800986, 0.0, 0.07634119324871065], [0.017955134318137646, 0.0, 0.07597496768161599], [0.017900541626932893, 0.0, 0.07581063981292738], [0.017789856027194736, 0.0, 0.07553102640673238], [0.01775294085822994, 0.0, 0.0754397930492986], [0.017652240040349355, 0.0, 0.0752004541865646], [0.01762385508426858, 0.0, 0.075144152428587], [0.017527861726318553, 0.0, 0.074923057924804], [0.017503807846878206, 0.0, 0.07488412307259605], [0.01741005474313404, 0.0, 0.07467093816390771], [0.01738834105500192, 0.0, 0.07464102143693699], [0.017295690667037435, 0.0, 0.0744309660116398], [0.017275355353497297, 0.0, 0.07440602627097354], [0.017183292943147143, 0.0, 0.07419693145887586], [0.017163862112213702, 0.0, 0.07417497630538862], [0.017072162671280092, 0.0, 0.07396589260969122], [0.01705339314256935, 0.0, 0.07394590086523743], [0.016961966186764724, 0.0, 0.07373644737733007], [0.016943732049339008, 0.0, 0.07371789345231733], [0.016852544541216433, 0.0, 0.07350793294741192], [0.016834774960986173, 0.0, 0.07349052429417699], [0.01674382095418501, 0.0, 0.07328003529036706], [0.016726474103337732, 0.0, 0.07326360244773204], [0.0166357579439925, 0.0, 0.07305260780453372], [0.01661880751730464, 0.0, 0.07303704732197798], [0.01652833673490874, 0.0, 0.07282558388298102], [0.016511765361426956, 0.0, 0.07281083040563278], [0.01642154744818777, 0.0, 0.07259893512538473], [0.01640534345650755, 0.0, 0.07258494771444826], [0.016315384364236123, 0.0, 0.07237265106930484], [0.016299540300392837, 0.0, 0.07235940700799917], [0.01620984382298852, 0.0, 0.07214673020355596], [0.016194355460500583, 0.0, 0.07213422085674484], [0.016104922044876152, 0.0, 0.07192117040646005], [0.016089789779225816, 0.0, 0.07190940764339401], [0.016000615869722085, 0.0, 0.07169597226612334], [0.01598584434163522, 0.0, 0.0716849870383394], [0.015896919929272096, 0.0, 0.07147112642460257], [0.015882521793214387, 0.0, 0.07146098593789328], [0.015793823503849, 0.0, 0.07124659927324374], [0.015779827488630667, 0.0, 0.07123744374312985], [0.01569128288648231, 0.0, 0.07102220776374706], [0.01569666838609847, 0.0, 0.07106714890282902]], "gravity_force_vector": [[0.0, 0.0, 436448.1047096658], [0.0, 0.0, 436438.1959711137], [0.0, 0.0, 436428.26252523414], [0.0, 0.0, 436418.35363816697], [0.0, 0.0, 436408.44411434734], [0.0, 0.0, 436398.55520176026], [0.0, 0.0, 436388.668319972], [0.0, 0.0, 436378.8000965635], [0.0, 0.0, 436368.9353523688], [0.0, 0.0, 436359.0880212343], [0.0, 0.0, 436349.24512914015], [0.0, 0.0, 436339.4187487823], [0.0, 0.0, 436329.59750935115], [0.0, 0.0, 436319.79207832494], [0.0, 0.0, 436309.99233375356], [0.0, 0.0, 436300.20782045485], [0.0, 0.0, 436290.42943597026], [0.0, 0.0, 436280.6657916935], [0.0, 0.0, 436270.908646545], [0.0, 0.0, 436261.16581205884], [0.0, 0.0, 436251.4297946951], [0.0, 0.0, 436241.7077038834], [0.0, 0.0, 436231.99270917306], [0.0, 0.0, 436222.2912911907], [0.0, 0.0, 436212.5972187379], [0.0, 0.0, 436202.9163993421], [0.0, 0.0, 436193.24315243337], [0.0, 0.0, 436183.58285482455], [0.0, 0.0, 436173.93033977173], [0.0, 0.0, 436164.2904851084], [0.0, 0.0, 436154.65861087], [0.0, 0.0, 436145.0391185445], [0.0, 0.0, 436135.42779658065], [0.0, 0.0, 436125.8285842719], [0.0, 0.0, 436116.2377286544], [0.0, 0.0, 436106.65871211386], [0.0, 0.0, 436097.08824003726], [0.0, 0.0, 436087.52933242824], [0.0, 0.0, 436077.97916559014], [0.0, 0.0, 436068.44027585746], [0.0, 0.0, 436058.91034460615], [0.0, 0.0, 436049.39137312997], [0.0, 0.0, 436039.88163848047], [0.0, 0.0, 436030.38248148625]], "total_force_vector": [[809.0453231751599, 0.0, 3413.1138572909986], [804.9526645159058, 0.0, 3397.535728010873], [799.0711027795187, 0.0, 3381.1722079141764], [796.626292341025, 0.0, 3373.794496889459], [791.6853208938119, 0.0, 3361.286613254226], [790.0274435006286, 0.0, 3357.162471744581], [785.5311433418101, 0.0, 3346.4477431240957], [784.2530648747925, 0.0, 3343.8785980413086], [779.9665505410812, 0.0, 3333.976504944847], [778.881378418344, 0.0, 3332.1806020715158], [774.6948411849007, 0.0, 3322.6311832971405], [773.7139690301119, 0.0, 3321.236953283311], [769.5767795890861, 0.0, 3311.8274725524243], [768.6574036946113, 0.0, 3310.6550653569284], [764.546646125309, 0.0, 3301.2890022386564], [763.6676947839878, 0.0, 3300.2497468306683], [759.5733630664618, 0.0, 3290.884854516422], [758.723945617181, 0.0, 3289.9332928983495], [754.6420332577254, 0.0, 3280.5526150499936], [753.8165915058489, 0.0, 3279.6653714494896], [749.7456028469314, 0.0, 3270.262798138312], [748.9409783540905, 0.0, 3269.4268471852993], [744.8806479824561, 0.0, 3260.001423053269], [744.0949769049912, 0.0, 3259.2092199550243], [740.045496311388, 0.0, 3249.7619615453877], [739.2776059109892, 0.0, 3249.0088993679965], [735.2393079718458, 0.0, 3239.5414449993405], [734.488423205752, 0.0, 3238.824612219003], [730.4616389354633, 0.0, 3229.338604739867], [729.7272387257544, 0.0, 3228.6561767237727], [725.7122295805748, 0.0, 3219.152969592251], [724.9939835673431, 0.0, 3218.503937298374], [720.9909230063931, 0.0, 3208.9844774736557], [720.288624047942, 0.0, 3208.3684288755176], [716.2975235248887, 0.0, 3198.833007848123], [715.611207238413, 0.0, 3198.250489299535], [711.6319054727937, 0.0, 3188.698597310926], [710.961769720976, 0.0, 3188.150977178768], [706.9938213515707, 0.0, 3178.5808218232123], [706.340425938688, 0.0, 3178.071084229159], [702.3827897447627, 0.0, 3168.478181699], [701.7474098741513, 0.0, 3168.012557618378], [697.7968627537775, 0.0, 3158.382532151649], [698.0235007494775, 0.0, 3160.322869246651]], "time": [[0.0], [0.49153884311070395], [0.9830776862214079], [1.4746165293321118], [1.9661553724428158], [2.4576942155535195], [2.9492330586642237], [3.440771901774928], [3.9323107448856316], [4.423849587996335], [4.915388431107039], [5.406927274217743], [5.898466117328447], [6.390004960439151], [6.881543803549856], [7.373082646660559], [7.864621489771263], [8.356160332881966], [8.84769917599267], [9.339238019103375], [9.830776862214078], [10.322315705324783], [10.813854548435486], [11.30539339154619], [11.796932234656895], [12.2884710777676], [12.780009920878301], [13.271548763989006], [13.763087607099711], [14.254626450210415], [14.746165293321118], [15.237704136431821], [15.729242979542526], [16.22078182265323], [16.712320665763933], [17.20385950887464], [17.69539835198534], [18.186937195096046], [18.67847603820675], [19.170014881317453], [19.661553724428156], [20.153092567538863], [20.644631410649566], [21.13617025376027]]}, "body": {"inertial_rotations": [[0.0, 0.3489510265896839, 0.0], [0.0, 0.34872927803208303, 0.0], [0.0, 0.3485106660770803, 0.0], [0.0, 0.3482897724015609, 0.0], [0.0, 0.3480722349070024, 0.0], [0.0, 0.3478523055612198, 0.0], [0.0, 0.34763587515609584, 0.0], [0.0, 0.3474169963006833, 0.0], [0.0, 0.34720169197955514, 0.0], [0.0, 0.34698389903571514, 0.0], [0.0, 0.34676972801808514, 0.0], [0.0, 0.34655303648023283, 0.0], [0.0, 0.34633999974758556, 0.0], [0.0, 0.3461244160028794, 0.0], [0.0, 0.3459125116106314, 0.0], [0.0, 0.3456980375818552, 0.0], [0.0, 0.3454872622605583, 0.0], [0.0, 0.34527389783377094, 0.0], [0.0, 0.34506424774685374, 0.0], [0.0, 0.3448519913277729, 0.0], [0.0, 0.34464346258447925, 0.0], [0.0, 0.34443231200649677, 0.0], [0.0, 0.34422490061917754, 0.0], [0.0, 0.3440148532824946, 0.0], [0.0, 0.343808555285685, 0.0], [0.0, 0.3435996083041029, 0.0], [0.0, 0.3433944197693817, 0.0], [0.0, 0.34318657004666836, 0.0], [0.0, 0.3429824870853251, 0.0], [0.0, 0.3427757313567035, 0.0], [0.0, 0.3425727501211439, 0.0], [0.0, 0.34236708497074253, 0.0], [0.0, 0.34216520163861286, 0.0], [0.0, 0.3419606235477558, 0.0], [0.0, 0.3417598343806748, 0.0], [0.0, 0.3415563396167288, 0.0], [0.0, 0.3413566409374523, 0.0], [0.0, 0.34115422564837455, 0.0], [0.0, 0.3409556139194931, 0.0], [0.0, 0.34075427399564373, 0.0], [0.0, 0.3405567460126916, 0.0], [0.0, 0.34035647689777476, 0.0], [0.0, 0.34016003076604495, 0.0], [0.0, 0.33995999777023184, 0.0]], "transform_to_inertial": [[[0.9397318866468036, 0.0, 0.34191224198504344], [0.0, 1.0, 0.0], [-0.34191224198504344, 0.0, 0.9397318866468036]], [[0.9398076820882219, 0.0, 0.3417038493900291], [0.0, 1.0, 0.0], [-0.3417038493900291, 0.0, 0.9398076820882219]], [[0.9398823601769117, 0.0, 0.3414983880317415], [0.0, 1.0, 0.0], [-0.3414983880317415, 0.0, 0.9398823601769117]], [[0.9399577720800973, 0.0, 0.3412907656327957], [0.0, 1.0, 0.0], [-0.3412907656327957, 0.0, 0.9399577720800973]], [[0.9400319933769787, 0.0, 0.34108628150030273], [0.0, 1.0, 0.0], [-0.34108628150030273, 0.0, 0.9400319933769787]], [[0.9401069855249551, 0.0, 0.34087953263166426], [0.0, 1.0, 0.0], [-0.34087953263166426, 0.0, 0.9401069855249551]], [[0.940180740201423, 0.0, 0.3406760569137557], [0.0, 1.0, 0.0], [-0.3406760569137557, 0.0, 0.940180740201423]], [[0.9402552844651638, 0.0, 0.34047026307055633], [0.0, 1.0, 0.0], [-0.34047026307055633, 0.0, 0.9402552844651638]], [[0.9403285673902385, 0.0, 0.3402678141550001], [0.0, 1.0, 0.0], [-0.3402678141550001, 0.0, 0.9403285673902385]], [[0.9404026530169287, 0.0, 0.3400630091596584], [0.0, 1.0, 0.0], [-0.3400630091596584, 0.0, 0.9404026530169287]], [[0.9404754630893317, 0.0, 0.3398615943688063], [0.0, 1.0, 0.0], [-0.3398615943688063, 0.0, 0.9404754630893317]], [[0.9405490861401788, 0.0, 0.3396577933168536], [0.0, 1.0, 0.0], [-0.3396577933168536, 0.0, 0.9405490861401788]], [[0.9406214243828928, 0.0, 0.3394574141065386], [0.0, 1.0, 0.0], [-0.3394574141065386, 0.0, 0.9406214243828928]], [[0.9406945840245016, 0.0, 0.33925462353071917], [0.0, 1.0, 0.0], [-0.33925462353071917, 0.0, 0.9406945840245016]], [[0.9407664524485541, 0.0, 0.3390552786012372], [0.0, 1.0, 0.0], [-0.3390552786012372, 0.0, 0.9407664524485541]], [[0.9408391493623668, 0.0, 0.33885350083346955], [0.0, 1.0, 0.0], [-0.33885350083346955, 0.0, 0.9408391493623668]], [[0.9409105504183777, 0.0, 0.3386551876339496], [0.0, 1.0, 0.0], [-0.3386551876339496, 0.0, 0.9409105504183777]], [[0.9409827859706336, 0.0, 0.3384544230866911], [0.0, 1.0, 0.0], [-0.3384544230866911, 0.0, 0.9409827859706336]], [[0.9410537222897485, 0.0, 0.33825713852719946], [0.0, 1.0, 0.0], [-0.33825713852719946, 0.0, 0.9410537222897485]], [[0.9411254983396151, 0.0, 0.3380573862157299], [0.0, 1.0, 0.0], [-0.3380573862157299, 0.0, 0.9411254983396151]], [[0.9411959725589509, 0.0, 0.3378611271496182], [0.0, 1.0, 0.0], [-0.3378611271496182, 0.0, 0.9411959725589509]], [[0.9412672911492891, 0.0, 0.33766238554579836], [0.0, 1.0, 0.0], [-0.33766238554579836, 0.0, 0.9412672911492891]], [[0.9413373059262022, 0.0, 0.337467148729472], [0.0, 1.0, 0.0], [-0.337467148729472, 0.0, 0.9413373059262022]], [[0.9414081692356435, 0.0, 0.3372694158923902], [0.0, 1.0, 0.0], [-0.3372694158923902, 0.0, 0.9414081692356435]], [[0.9414777272074029, 0.0, 0.33707519809737274], [0.0, 1.0, 0.0], [-0.33707519809737274, 0.0, 0.9414777272074029]], [[0.9415481375001858, 0.0, 0.3368784718113212], [0.0, 1.0, 0.0], [-0.3368784718113212, 0.0, 0.9415481375001858]], [[0.9416172412790235, 0.0, 0.3366852698382886], [0.0, 1.0, 0.0], [-0.3366852698382886, 0.0, 0.9416172412790235]], [[0.9416872008788553, 0.0, 0.3364895476845403], [0.0, 1.0, 0.0], [-0.3364895476845403, 0.0, 0.9416872008788553]], [[0.9417558530511634, 0.0, 0.33629735836588953], [0.0, 1.0, 0.0], [-0.33629735836588953, 0.0, 0.9417558530511634]], [[0.9418253643269733, 0.0, 0.3361026377616874], [0.0, 1.0, 0.0], [-0.3361026377616874, 0.0, 0.9418253643269733]], [[0.9418935674529393, 0.0, 0.33591145796292116], [0.0, 1.0, 0.0], [-0.33591145796292116, 0.0, 0.9418935674529393]], [[0.9419626328127961, 0.0, 0.3357177361778572], [0.0, 1.0, 0.0], [-0.3357177361778572, 0.0, 0.9419626328127961]], [[0.9420303894318416, 0.0, 0.3355275627826914], [0.0, 1.0, 0.0], [-0.3355275627826914, 0.0, 0.9420303894318416]], [[0.9420990113065669, 0.0, 0.3353348369841539], [0.0, 1.0, 0.0], [-0.3353348369841539, 0.0, 0.9420990113065669]], [[0.9421663239177576, 0.0, 0.3351456669499087], [0.0, 1.0, 0.0], [-0.3351456669499087, 0.0, 0.9421663239177576]], [[0.9422345047980607, 0.0, 0.3349539340983375], [0.0, 1.0, 0.0], [-0.3349539340983375, 0.0, 0.9422345047980607]], [[0.9423013758679242, 0.0, 0.33476576443450307], [0.0, 1.0, 0.0], [-0.33476576443450307, 0.0, 0.9423013758679242]], [[0.9423691182724807, 0.0, 0.3345750213724079], [0.0, 1.0, 0.0], [-0.3345750213724079, 0.0, 0.9423691182724807]], [[0.9424355502088415, 0.0, 0.3343878492148872], [0.0, 1.0, 0.0], [-0.3343878492148872, 0.0, 0.9424355502088415]], [[0.9425028567303684, 0.0, 0.3341980925365892], [0.0, 1.0, 0.0], [-0.3341980925365892, 0.0, 0.9425028567303684]], [[0.9425688518181041, 0.0, 0.334011915329829], [0.0, 1.0, 0.0], [-0.334011915329829, 0.0, 0.9425688518181041]], [[0.9426357251861688, 0.0, 0.33382314120316114], [0.0, 1.0, 0.0], [-0.33382314120316114, 0.0, 0.9426357251861688]], [[0.9427012852618517, 0.0, 0.33363795762121085], [0.0, 1.0, 0.0], [-0.33363795762121085, 0.0, 0.9427012852618517]], [[0.9427680050013394, 0.0, 0.33344937958525955], [0.0, 1.0, 0.0], [-0.33344937958525955, 0.0, 0.9427680050013394]]], "thrust_force_vector": [[137948.32895389706, 0.0, 0.0], [137806.1472557536, 0.0, 0.0], [137663.48369790346, 0.0, 0.0], [137521.39072403114, 0.0, 0.0], [137379.33030617348, 0.0, 0.0], [137237.75597587394, 0.0, 0.0], [137096.27136531225, 0.0, 0.0], [136955.23126466663, 0.0, 0.0], [136814.31212593406, 0.0, 0.0], [136673.81115840413, 0.0, 0.0], [136533.45200543877, 0.0, 0.0], [136393.4920826611, 0.0, 0.0], [136253.68932812524, 0.0, 0.0], [136114.27110718057, 0.0, 0.0], [135975.0220620485, 0.0, 0.0], [135836.1455487069, 0.0, 0.0], [135697.4480011635, 0.0, 0.0], [135559.11281371908, 0.0, 0.0], [135420.96482601887, 0.0, 0.0], [135283.17032909795, 0.0, 0.0], [135145.57012996072, 0.0, 0.0], [135008.3155097266, 0.0, 0.0], [134871.2614332854, 0.0, 0.0], [134734.54574273893, 0.0, 0.0], [134598.0361922118, 0.0, 0.0], [134461.8583798212, 0.0, 0.0], [134325.891805317, 0.0, 0.0], [134190.25073352424, 0.0, 0.0], [134054.82561860248, 0.0, 0.0], [133919.72007560273, 0.0, 0.0], [133784.83492989046, 0.0, 0.0], [133650.2636363447, 0.0, 0.0], [133515.9169931519, 0.0, 0.0], [133381.87860423047, 0.0, 0.0], [133248.06902363358, 0.0, 0.0], [133114.5621253562, 0.0, 0.0], [132981.28820571935, 0.0, 0.0], [132848.31130189032, 0.0, 0.0], [132715.5717097728, 0.0, 0.0], [132583.12318837582, 0.0, 0.0], [132450.91674690848, 0.0, 0.0], [132318.99478920078, 0.0, 0.0], [132187.32094410193, 0.0, 0.0], [132055.92361850958, 0.0, 0.0]]}, "wind": {"body_rotations": [[0.0, 0.11602634242373534, 0.0], [0.0, 0.11618669739365034, 0.0], [0.0, 0.11634812277662207, 0.0], [0.0, 0.11650616057221119, 0.0], [0.0, 0.11666616894038442, 0.0], [0.0, 0.11682307549007573, 0.0], [0.0, 0.11698238576071618, 0.0], [0.0, 0.11713871183745811, 0.0], [0.0, 0.11729766241183368, 0.0], [0.0, 0.1174536631893204, 0.0], [0.0, 0.11761241260524893, 0.0], [0.0, 0.11776820879725222, 0.0], [0.0, 0.11792683040933546, 0.0], [0.0, 0.11808247958881803, 0.0], [0.0, 0.11824100660002987, 0.0], [0.0, 0.11839653629931873, 0.0], [0.0, 0.11855498304272769, 0.0], [0.0, 0.11871040660800612, 0.0], [0.0, 0.11886877853280703, 0.0], [0.0, 0.11902410209510295, 0.0], [0.0, 0.11918240076652308, 0.0], [0.0, 0.11933762712719263, 0.0], [0.0, 0.11949585221830825, 0.0], [0.0, 0.11965098244663547, 0.0], [0.0, 0.11980913286013684, 0.0], [0.0, 0.11996416712440851, 0.0], [0.0, 0.12012224147768995, 0.0], [0.0, 0.12027717944709392, 0.0], [0.0, 0.12043517629912355, 0.0], [0.0, 0.12059001733793176, 0.0], [0.0, 0.12074793529959357, 0.0], [0.0, 0.12090267855208857, 0.0], [0.0, 0.12106051633050624, 0.0], [0.0, 0.12121516079390252, 0.0], [0.0, 0.12137291727702262, 0.0], [0.0, 0.12152746167921599, 0.0], [0.0, 0.12168513597523838, 0.0], [0.0, 0.12183957883655835, 0.0], [0.0, 0.12199717040990599, 0.0], [0.0, 0.12215150980341949, 0.0], [0.0, 0.12230901886891314, 0.0], [0.0, 0.12246325195152306, 0.0], [0.0, 0.12262068146597596, 0.0], [0.0, 0.12277397527149193, 0.0]], "velocity_vector": [[0.0, 0.0, 0.0], [0.0, 0.0, 0.0], [0.0, 0.0, 0.0], [0.0, 0.0, 0.0], [0.0, 0.0, 0.0], [0.0, 0.0, 0.0], [0.0, 0.0, 0.0], [0.0, 0.0, 0.0], [0.0, 0.0, 0.0], [0.0, 0.0, 0.0], [0.0, 0.0, 0.0], [0.0, 0.0, 0.0], [0.0, 0.0, 0.0], [0.0, 0.0, 0.0], [0.0, 0.0, 0.0], [0.0, 0.0, 0.0], [0.0, 0.0, 0.0], [0.0, 0.0, 0.0], [0.0, 0.0, 0.0], [0.0, 0.0, 0.0], [0.0, 0.0, 0.0], [0.0, 0.0, 0.0], [0.0, 0.0, 0.0], [0.0, 0.0, 0.0], [0.0, 0.0, 0.0], [0.0, 0.0, 0.0], [0.0, 0.0, 0.0], [0.0, 0.0, 0.0], [0.0, 0.0, 0.0], [0.0, 0.0, 0.0], [0.0, 0.0, 0.0], [0.0, 0.0, 0.0], [0.0, 0.0, 0.0], [0.0, 0.0, 0.0], [0.0, 0.0, 0.0], [0.0, 0.0, 0.0], [0.0, 0.0, 0.0], [0.0, 0.0, 0.0], [0.0, 0.0, 0.0], [0.0, 0.0, 0.0], [0.0, 0.0, 0.0], [0.0, 0.0, 0.0], [0.0, 0.0, 0.0], [0.0, 0.0, 0.0]], "lift_force_vector": [[0.0, 0.0, -405184.58436471416], [0.0, 0.0, -405224.0182204591], [0.0, 0.0, -405264.28820672585], [0.0, 0.0, -405295.31472760084], [0.0, 0.0, -405331.4774631166], [0.0, 0.0, -405359.0250120959], [0.0, 0.0, -405393.17493840074], [0.0, 0.0, -405418.9610378001], [0.0, 0.0, -405452.0935477039], [0.0, 0.0, -405476.9093893746], [0.0, 0.0, -405509.49185885786], [0.0, 0.0, -405533.7139257033], [0.0, 0.0, -405565.9630984006], [0.0, 0.0, -405589.7740489293], [0.0, 0.0, -405621.7888761679], [0.0, 0.0, -405645.27921621845], [0.0, 0.0, -405677.1036408183], [0.0, 0.0, -405700.3202226946], [0.0, 0.0, -405731.97255061654], [0.0, 0.0, -405754.93993421475], [0.0, 0.0, -405786.4274685147], [0.0, 0.0, -405809.15977559664], [0.0, 0.0, -405840.4845865264], [0.0, 0.0, -405862.9904189411], [0.0, 0.0, -405894.15256905026], [0.0, 0.0, -405916.4375750852], [0.0, 0.0, -405947.4364881707], [0.0, 0.0, -405969.504615542], [0.0, 0.0, -406000.33970272297], [0.0, 0.0, -406022.1938117184], [0.0, 0.0, -406052.86476941133], [0.0, 0.0, -406074.50690607866], [0.0, 0.0, -406105.01383436215], [0.0, 0.0, -406126.4454510295], [0.0, 0.0, -406156.7891038114], [0.0, 0.0, -406178.01069564285], [0.0, 0.0, -406208.19262511947], [0.0, 0.0, -406229.2038703898], [0.0, 0.0, -406259.2269063975], [0.0, 0.0, -406280.0258727381], [0.0, 0.0, -406309.8955260903], [0.0, 0.0, -406330.47704355686], [0.0, 0.0, -406360.20867802954], [0.0, 0.0, -406378.194508271]], "drag_force_vector": [[-36278.67463413335, 0.0, 0.0], [-36298.49682865847, 0.0, 0.0], [-36318.54022201213, 0.0, 0.0], [-36337.47434151697, 0.0, 0.0], [-36357.093451830515, 0.0, 0.0], [-36375.68374925157, 0.0, 0.0], [-36395.13133899093, 0.0, 0.0], [-36413.581334750364, 0.0, 0.0], [-36432.977203703806, 0.0, 0.0], [-36451.3806956064, 0.0, 0.0], [-36470.78092166848, 0.0, 0.0], [-36489.18228972405, 0.0, 0.0], [-36508.612659995844, 0.0, 0.0], [-36527.03311680325, 0.0, 0.0], [-36546.50514141379, 0.0, 0.0], [-36564.95486398587, 0.0, 0.0], [-36584.47336015231, 0.0, 0.0], [-36602.957295689375, 0.0, 0.0], [-36622.523945752175, 0.0, 0.0], [-36641.04436919829, 0.0, 0.0], [-36660.659501117625, 0.0, 0.0], [-36679.217441435816, 0.0, 0.0], [-36698.880733104736, 0.0, 0.0], [-36717.47656339092, 0.0, 0.0], [-36737.18743892334, 0.0, 0.0], [-36755.821184695444, 0.0, 0.0], [-36775.57898400523, 0.0, 0.0], [-36794.25047340665, 0.0, 0.0], [-36814.05453065366, 0.0, 0.0], [-36832.76346763259, 0.0, 0.0], [-36852.61314911584, 0.0, 0.0], [-36871.35914564998, 0.0, 0.0], [-36891.25386515153, 0.0, 0.0], [-36910.03646787868, 0.0, 0.0], [-36929.97571818833, 0.0, 0.0], [-36948.79436255833, 0.0, 0.0], [-36968.77773300152, 0.0, 0.0], [-36987.63176161208, 0.0, 0.0], [-37007.6589959083, 0.0, 0.0], [-37026.547561451844, 0.0, 0.0], [-37046.6187260991, 0.0, 0.0], [-37065.540594592545, 0.0, 0.0], [-37085.65693540831, 0.0, 0.0], [-37104.308848324545, 0.0, 0.0]], "transform_to_inertial": [[[0.9729954694427864, 0.0, 0.2308242111300534], [0.0, 1.0, 0.0], [-0.2308242111300534, 0.0, 0.9729954694427864]], [[0.9730835971557699, 0.0, 0.23045240928744365], [0.0, 1.0, 0.0], [-0.23045240928744365, 0.0, 0.9730835971557699]], [[0.973171107403375, 0.0, 0.23008258455452216], [0.0, 1.0, 0.0], [-0.23008258455452216, 0.0, 0.973171107403375]], [[0.973258223065169, 0.0, 0.22971380288530774], [0.0, 1.0, 0.0], [-0.22971380288530774, 0.0, 0.973258223065169]], [[0.9733448811944599, 0.0, 0.22934633690674583], [0.0, 1.0, 0.0], [-0.22934633690674583, 0.0, 0.9733448811944599]], [[0.9734312380145951, 0.0, 0.22897952934132043], [0.0, 1.0, 0.0], [-0.22897952934132043, 0.0, 0.9734312380145951]], [[0.9735172062206378, 0.0, 0.2286137554749594], [0.0, 1.0, 0.0], [-0.2286137554749594, 0.0, 0.9735172062206378]], [[0.973602914701975, 0.0, 0.22824847093424033], [0.0, 1.0, 0.0], [-0.22824847093424033, 0.0, 0.973602914701975]], [[0.9736882696229333, 0.0, 0.22788407930063465], [0.0, 1.0, 0.0], [-0.22788407930063465, 0.0, 0.9736882696229333]], [[0.9737733832362707, 0.0, 0.22752010482721508], [0.0, 1.0, 0.0], [-0.22752010482721508, 0.0, 0.9737733832362707]], [[0.9738581624192787, 0.0, 0.22715694902279734], [0.0, 1.0, 0.0], [-0.22715694902279734, 0.0, 0.9738581624192787]], [[0.9739427080335831, 0.0, 0.22679418305638005], [0.0, 1.0, 0.0], [-0.22679418305638005, 0.0, 0.9739427080335831]], [[0.9740269307169959, 0.0, 0.2264321934664516], [0.0, 1.0, 0.0], [-0.2264321934664516, 0.0, 0.9740269307169959]], [[0.9741109226831596, 0.0, 0.2260705870062785], [0.0, 1.0, 0.0], [-0.2260705870062785, 0.0, 0.9741109226831596]], [[0.9741945994926007, 0.0, 0.22570973022767804], [0.0, 1.0, 0.0], [-0.22570973022767804, 0.0, 0.9741945994926007]], [[0.9742780462473766, 0.0, 0.22534925915208726], [0.0, 1.0, 0.0], [-0.22534925915208726, 0.0, 0.9742780462473766]], [[0.9743611837550363, 0.0, 0.22498951884806637], [0.0, 1.0, 0.0], [-0.22498951884806637, 0.0, 0.9743611837550363]], [[0.9744440909272549, 0.0, 0.22463017085190495], [0.0, 1.0, 0.0], [-0.22463017085190495, 0.0, 0.9744440909272549]], [[0.9745266937833071, 0.0, 0.22427153877337266], [0.0, 1.0, 0.0], [-0.22427153877337266, 0.0, 0.9745266937833071]], [[0.9746090656728891, 0.0, 0.22391330712625823], [0.0, 1.0, 0.0], [-0.22391330712625823, 0.0, 0.9746090656728891]], [[0.9746911376377767, 0.0, 0.22355577874520843], [0.0, 1.0, 0.0], [-0.22355577874520843, 0.0, 0.9746911376377767]], [[0.9747729779003794, 0.0, 0.2231986593938822], [0.0, 1.0, 0.0], [-0.2231986593938822, 0.0, 0.9747729779003794]], [[0.9748545223116576, 0.0, 0.2228422319231927], [0.0, 1.0, 0.0], [-0.2228422319231927, 0.0, 0.9748545223116576]], [[0.9749358342927911, 0.0, 0.22248622207188387], [0.0, 1.0, 0.0], [-0.22248622207188387, 0.0, 0.9749358342927911]], [[0.9750168542941693, 0.0, 0.2221308934891823], [0.0, 1.0, 0.0], [-0.2221308934891823, 0.0, 0.9750168542941693]], [[0.9750976411854789, 0.0, 0.22177599093345302], [0.0, 1.0, 0.0], [-0.22177599093345302, 0.0, 0.9750976411854789]], [[0.9751781398337577, 0.0, 0.22142175952325033], [0.0, 1.0, 0.0], [-0.22142175952325033, 0.0, 0.9751781398337577]], [[0.975258404747127, 0.0, 0.221067962333055], [0.0, 1.0, 0.0], [-0.221067962333055, 0.0, 0.975258404747127]], [[0.9753383850628611, 0.0, 0.22071482646838686], [0.0, 1.0, 0.0], [-0.22071482646838686, 0.0, 0.9753383850628611]], [[0.9754181310650668, 0.0, 0.2203621328394067], [0.0, 1.0, 0.0], [-0.2203621328394067, 0.0, 0.9754181310650668]], [[0.9754975960569379, 0.0, 0.2200100908757031], [0.0, 1.0, 0.0], [-0.2200100908757031, 0.0, 0.9754975960569379]], [[0.9755768261849475, 0.0, 0.2196584990636713], [0.0, 1.0, 0.0], [-0.2196584990636713, 0.0, 0.9755768261849475]], [[0.9756557788630003, 0.0, 0.21930754928007481], [0.0, 1.0, 0.0], [-0.21930754928007481, 0.0, 0.9756557788630003]], [[0.9757344961296036, 0.0, 0.21895705757684192], [0.0, 1.0, 0.0], [-0.21895705757684192, 0.0, 0.9757344961296036]], [[0.9758129395107313, 0.0, 0.2186071981509889], [0.0, 1.0, 0.0], [-0.2186071981509889, 0.0, 0.9758129395107313]], [[0.9758911469022701, 0.0, 0.21825780489543145], [0.0, 1.0, 0.0], [-0.21825780489543145, 0.0, 0.9758911469022701]], [[0.9759690840235427, 0.0, 0.2179090338426727], [0.0, 1.0, 0.0], [-0.2179090338426727, 0.0, 0.9759690840235427]], [[0.9760467844929366, 0.0, 0.21756073745278354], [0.0, 1.0, 0.0], [-0.21756073745278354, 0.0, 0.9760467844929366]], [[0.9761242184236197, 0.0, 0.21721305257022994], [0.0, 1.0, 0.0], [-0.21721305257022994, 0.0, 0.9761242184236197]], [[0.9762014148685996, 0.0, 0.21686585164230998], [0.0, 1.0, 0.0], [-0.21686585164230998, 0.0, 0.9762014148685996]], [[0.9762783487531268, 0.0, 0.21651925031245595], [0.0, 1.0, 0.0], [-0.21651925031245595, 0.0, 0.9762783487531268]], [[0.9763550439562299, 0.0, 0.21617314389449147], [0.0, 1.0, 0.0], [-0.21617314389449147, 0.0, 0.9763550439562299]], [[0.9764314812321353, 0.0, 0.2158276220941568], [0.0, 1.0, 0.0], [-0.2158276220941568, 0.0, 0.9764314812321353]], [[0.9765076779651329, 0.0, 0.21548260921741277], [0.0, 1.0, 0.0], [-0.21548260921741277, 0.0, 0.9765076779651329]]]}, "planet": {"start_time": null, "latitude": [[0.0], [0.00043532381385823796], [0.0008705629101059307], [0.0013058876533283657], [0.0017412108610509879], [0.0021766058474392536], [0.002612008401801358], [0.003047475831517639], [0.0034829557372193457], [0.003918496091187996], [0.0043540521495323975], [0.004789665433332859], [0.005225296762327447], [0.005660982786606441], [0.006096688657983919], [0.006532447135628774], [0.006968226906125721], [0.00740405749467044], [0.007839910572799041], [0.008275812895866827], [0.008711738724248266], [0.009147712383546738], [0.009583710428827075], [0.01001975501132171], [0.010455824758113519], [0.010891939840512685], [0.011328080787637891], [0.01176426593924521], [0.012200477597402993], [0.012636732381886477], [0.013073014272305648], [0.013509338248651267], [0.013945689902554868], [0.01438208262527094], [0.014818503584224988], [0.015254964602631892], [0.015691454420253815], [0.016127983276266616], [0.016564541522889203], [0.01700113774550744], [0.017437764022230316], [0.01787442711283984], [0.01831112112620002], [0.018747850573548726]], "longitude": [[0.0], [0.0], [0.0], [0.0], [0.0], [0.0], [0.0], [0.0], [0.0], [0.0], [0.0], [0.0], [0.0], [0.0], [0.0], [0.0], [0.0], [0.0], [0.0], [0.0], [0.0], [0.0], [0.0], [0.0], [0.0], [0.0], [0.0], [0.0], [0.0], [0.0], [0.0], [0.0], [0.0], [0.0], [0.0], [0.0], [0.0], [0.0], [0.0], [0.0], [0.0], [0.0], [0.0], [0.0]]}}, "weights": {"total_mass": [[44505.46989469167], [44504.61906610541], [44503.76630716474], [44502.91546037603], [44502.06456086092], [44501.21526593771], [44500.36612647019], [44499.518439285705], [44498.67102047262], [44497.824956676646], [44496.97923597395], [44496.13479978998], [44495.29076126242], [44494.44795217134], [44493.60558308579], [44492.76439818793], [44491.923687589646], [44491.084122641565], [44490.24506066452], [44489.4071106005], [44488.569688097195], [44487.733347317284], [44486.897555644835], [44486.06281818483], [44485.228649074845], [44484.395508711066], [44483.56295418804], [44482.7314045032], [44481.9004568335], [44481.070491257036], [44480.24114291938], [44479.41275474895], [44478.58499842299], [44477.75818082861], [44476.93200940349], [44476.106755410794], [44475.282162024734], [44474.458464463496], [44473.635442611245], [44472.813293988256], [44471.99183784402], [44471.17123000448], [44470.35133613647], [44469.53226060795]], "weight_breakdown": {}, "vehicle_mass_rate": [[1.7362741917822186], [1.7345597441044502], [1.732839995048561], [1.7311276273260572], [1.729416150393614], [1.7277110219619842], [1.726007461694952], [1.7243097353089558], [1.722613941923506], [1.7209236520308617], [1.7192355348245163], [1.717552680326528], [1.7158721720595829], [1.7141967372574378], [1.7125237820674146], [1.7108557439285905], [1.7091902922356783], [1.70752962356575], [1.7058716296088485], [1.7042183006547216], [1.7025677211807042], [1.7009217005269295], [1.6992784940420071], [1.6976397491464774], [1.6960038754661961], [1.6943723729949676], [1.6927437929650198], [1.6911194990052418], [1.6894981743281494], [1.687881054520205], [1.686266947655192], [1.6846569672640856], [1.6830500413873226], [1.6814471653183], [1.6798473843488955], [1.6782515770950366], [1.6766589058220986], [1.6750701312998686], [1.6734845357291794], [1.671902756869211], [1.6703242052675136], [1.6687493829223325], [1.6671778513664], [1.6656099454245878]]}, "energies": {"total_energy": [[0.0], [0.0], [0.0], [0.0], [0.0], [0.0], [0.0], [0.0], [0.0], [0.0], [0.0], [0.0], [0.0], [0.0], [0.0], [0.0], [0.0], [0.0], [0.0], [0.0], [0.0], [0.0], [0.0], [0.0], [0.0], [0.0], [0.0], [0.0], [0.0], [0.0], [0.0], [0.0], [0.0], [0.0], [0.0], [0.0], [0.0], [0.0], [0.0], [0.0], [0.0], [0.0], [0.0], [0.0]], "total_efficiency": [[0.0], [0.0], [0.0], [0.0], [0.0], [0.0], [0.0], [0.0], [0.0], [0.0], [0.0], [0.0], [0.0], [0.0], [0.0], [0.0], [0.0], [0.0], [0.0], [0.0], [0.0], [0.0], [0.0], [0.0], [0.0], [0.0], [0.0], [0.0], [0.0], [0.0], [0.0], [0.0], [0.0], [0.0], [0.0], [0.0], [0.0], [0.0], [0.0], [0.0], [0.0], [0.0], [0.0], [0.0]], "gravity_energy": [[0.0], [0.0], [0.0], [0.0], [0.0], [0.0], [0.0], [0.0], [0.0], [0.0], [0.0], [0.0], [0.0], [0.0], [0.0], [0.0], [0.0], [0.0], [0.0], [0.0], [0.0], [0.0], [0.0], [0.0], [0.0], [0.0], [0.0], [0.0], [0.0], [0.0], [0.0], [0.0], [0.0], [0.0], [0.0], [0.0], [0.0], [0.0], [0.0], [0.0], [0.0], [0.0], [0.0], [0.0]], "propulsion_power": [[0.0], [0.0], [0.0], [0.0], [0.0], [0.0], [0.0], [0.0], [0.0], [0.0], [0.0], [0.0], [0.0], [0.0], [0.0], [0.0], [0.0], [0.0], [0.0], [0.0], [0.0], [0.0], [0.0], [0.0], [0.0], [0.0], [0.0], [0.0], [0.0], [0.0], [0.0], [0.0], [0.0], [0.0], [0.0], [0.0], [0.0], [0.0], [0.0], [0.0], [0.0], [0.0], [0.0], [0.0]]}, "noise": {"total": {}, "sources": {"turbofan": {"fan": {"exit_static_temperature": [[291.40014330594397], [291.3250517755262], [291.2496800098658], [291.17458385765434], [291.09947893592175], [291.0246049636796], [290.9497522776633], [290.87510853401193], [290.8005024635662], [290.7260913761634], [290.65172887778476], [290.57755131274797], [290.50343036191936], [290.42948654027106], [290.35560560304634], [290.2818954185532], [290.2082532288551], [290.1347763867281], [290.0613718386752], [289.9881279256663], [289.91496001632447], [289.8419485399096], [289.76901633662345], [289.69623674842086], [289.6235393692061], [289.55099107961024], [289.47852768102035], [289.40621006850216], [289.3339798381343], [289.26189225500065], [289.18989440721623], [289.11803618269363], [289.04626995700966], [288.9746403978571], [288.9031050602645], [288.83170344834684], [288.7603982971625], [288.6892238819916], [288.6181482635919], [288.5472002438453], [288.47635359981086], [288.4056310740724], [288.33501319110627], [288.26451520766847]], "exit_static_pressure": [[101196.9095791597], [101059.904138496], [100922.5385159435], [100785.82563730513], [100649.24685441953], [100513.23730724027], [100377.4152610199], [100242.12041237937], [100107.04147201678], [99972.46244655269], [99838.11772647467], [99704.25282349213], [99570.6353336558], [99437.48170215944], [99304.5853809041], [99172.13960069814], [99039.9589069065], [98908.21724221579], [98776.7469579502], [98645.70548556864], [98514.9406109765], [98384.59529185505], [98254.53098504852], [98124.87770703089], [97995.50924785859], [97866.54385234484], [97737.86661982558], [97609.58491869041], [97481.5943769078], [97353.99216296784], [97226.68385280164], [97099.75690544631], [96973.12644110038], [96846.87052750497], [96720.91359822798], [96595.3244692071], [96470.03684895657], [96345.11022602502], [96220.48780035127], [96096.21934360875], [95972.25819119488], [95848.64341372359], [95725.34024094944], [95602.37459643563]], "exit_stagnation_temperature": [[342.22995127134755], [342.14348246046177], [342.0566906275321], [341.97021584159705], [341.88373063159327], [341.7975110415672], [341.71131563983494], [341.62536052040196], [341.5394484620079], [341.45376061522893], [341.368128402192], [341.2827088319562], [341.1973541396045], [341.1122031069213], [341.02712417542153], [340.942241564413], [340.85743694232957], [340.7728224199445], [340.6882908402541], [340.6039439369838], [340.51968425115496], [340.43560440615283], [340.3516155465278], [340.26780213457573], [340.18408309179347], [340.10053544015244], [340.01708524917746], [339.9338026482975], [339.8506203797908], [339.76760208994244], [339.6846868453351], [339.60193210016024], [339.5192830098015], [339.4367910170189], [339.3544072416959], [339.2721771803057], [339.1900579179842], [339.1080889296777], [339.02623343362296], [338.94452460149745], [338.862932234572], [338.7814825263982], [338.70015304889205], [338.61896137446905]], "exit_stagnation_pressure": [[101196.9095791597], [101059.904138496], [100922.5385159435], [100785.82563730513], [100649.24685441953], [100513.23730724027], [100377.4152610199], [100242.12041237937], [100107.04147201678], [99972.46244655269], [99838.11772647467], [99704.25282349213], [99570.6353336558], [99437.48170215944], [99304.5853809041], [99172.13960069814], [99039.9589069065], [98908.21724221579], [98776.7469579502], [98645.705485568