{"tag": "sideline_takeoff", "features": {}, "settings": {"tag": "settings", "verbose_process": false}, "state": {"tag": "state", "unknowns": {"tag": "unknowns"}, "conditions": {}, "residuals": {"tag": "residuals"}, "numerics": {"tag": "numerics", "number_control_points": 16, "discretization_method": null, "solver_jacobian": "none", "tolerance_solution": 1e-08, "converged": null, "max_evaluations": 0.0, "step_size": null, "dimensionless": {"control_points": [], "differentiate": [], "integrate": []}, "time": {"control_points": [], "differentiate": [], "integrate": []}}, "initials": {}, "segments": {}}, "analyses": {}, "process": {"initialize": null, "converge": null, "finalize": {"post_process": {}, "sub_segments": null}}, "conditions": {}, "segments": {"climb": {"tag": "climb", "features": {}, "settings": {"tag": "settings", "verbose_process": false}, "state": {"tag": "state", "unknowns": {"tag": "unknowns", "body_angle": [[0.3440057723319589], [0.34379388389972926], [0.34358276636520435], [0.3433719585686235], [0.3431618957004045], [0.342952146955459], [0.3427431496723567], [0.34253446784960173], [0.3423265400051669], [0.34211892730736243], [0.3419120692364408], [0.34170552519680447], [0.34149973549912654], [0.3412942583392092], [0.3410895347593636], [0.3408851220020237], [0.3406814618102408], [0.34047811081756557], [0.34027551100691705], [0.3400732187029941], [0.33987167623195647], [0.33967043952354614], [0.3394699512057541], [0.33926976690657534], [0.3390703294914619], [0.3388711943485808], [0.3386728045322515], [0.338474715237051], [0.33827736966922317], [0.3380803228629141], [0.3378840181527446], [0.33768801042492513], [0.33749274312443894], [0.33729777106471426], [0.33710353771732876], [0.3369095977948645], [0.3367163948987766], [0.33652348359917533], [0.3363313076139296], [0.33613942137065517], [0.3359482687313821], [0.3357574039317817], [0.3355672710547642], [0.3353774240116029], [0.33518836316516637]], "wind_angle": [[0.11668071945297659], [0.11683548869448268], [0.11699019917760461], [0.11714450718958526], [0.11729884646070263], [0.11745287308846875], [0.11760699395786686], [0.1177608437752989], [0.1179148188720188], [0.11806854159931537], [0.11822240528261765], [0.11837602433062511], [0.1185297925522447], [0.11868331865442566], [0.11883699850360843], [0.11899043623907139], [0.11914403051094206], [0.11929738167658116], [0.11945089102502343], [0.11960415577127581], [0.1197575799982949], [0.11991075787405135], [0.12006409624410494], [0.120217186457631], [0.12037043801648208], [0.12052343961515402], [0.12067660331029142], [0.12082951526515345], [0.12098259000523369], [0.12113541125108766], [0.12128839593676306], [0.12144112538600157], [0.12159401890866038], [0.12174665550964744], [0.12189945679163858], [0.12205199940623207], [0.12220470739159499], [0.12235715493115706], [0.12250976857918644], [0.12266211992514015], [0.1228146382404498], [0.1229668922251679], [0.12311931429212054], [0.12327146954378344], [0.12342385035354073]]}, "conditions": {"tag": "aerodynamic_conditions", "frames": {"inertial": {"position_vector": [[1e-08, 0.0, -10.668000000000001], [48.52185630780141, 0.0, -21.88167269638121], [97.04718579177204, 0.0, -33.07894309253241], [145.57684667056847, 0.0, -44.25795256150421], [194.11037923684063, 0.0, -55.419699325805304], [242.64814573129706, 0.0, -66.56339924290126], [291.18980460598635, 0.0, -77.68979261630194], [339.7356367826783, 0.0, -88.79827061200436], [388.2853613675316, 0.0, -99.88944146803163], [436.83921193569, 0.0, -110.96279841327046], [485.3969468071884, 0.0, -122.01886461267664], [533.9587668776284, 0.0, -133.05720378523543], [582.524458899118, 0.0, -144.07827762258358], [631.0941991250293, 0.0, -155.08170303415704], [679.6677964045435, 0.0, -166.06789406513516], [728.2454073363701, 0.0, -177.03651007689479], [776.8268587744614, 0.0, -187.98792636989018], [825.4122910081769, 0.0, -198.92183755416937], [874.0015460789145, 0.0, -209.83858629416355], [922.5947503319367, 0.0, -220.7378973569015], [971.1917589691759, 0.0, -231.62008515047884], [1019.7926861261179, 0.0, -242.48490086942112], [1068.3973986602941, 0.0, -253.3326339075802], [1117.0059998016695, 0.0, -264.16305908612776], [1165.6183669230745, 0.0, -274.97644323319], [1214.2345933445254, 0.0, -285.7725826631753], [1262.8545660811276, 0.0, -296.5517235061698], [1311.478369306255, 0.0, -307.3136819391069], [1360.105899010031, 0.0, -318.0586848148868], [1408.7372307986834, 0.0, -328.78656694050767], [1457.3722691373548, 0.0, -339.49753694925414], [1506.0110814903176, 0.0, -350.1914473806651], [1554.6535804430741, 0.0, -360.868489389853], [1603.2998256034118, 0.0, -371.5285326552766], [1651.9497374601926, 0.0, -382.17175129552976], [1700.6033679103157, 0.0, -392.79803183967726], [1749.260645275548, 0.0, -403.40753149067723], [1797.921613727905, 0.0, -414.00015368929564], [1846.5862095317839, 0.0, -424.57603844889513], [1895.2544689044857, 0.0, -435.1351066570726], [1943.9263364306921, 0.0, -445.677480274406], [1992.601839775776, 0.0, -456.2030989790726], [2041.280932735554, 0.0, -466.7120646856048], [2089.9636328609677, 0.0, -477.204339332718], [2138.649905317925, 0.0, -487.68000000000006]], "velocity_vector": [[99.07465135852267, 0.0, -22.918297659427644], [99.0830478683487, 0.0, -22.88196963850498], [99.09141210360576, 0.0, -22.845720753180828], [99.09974683230952, 0.0, -22.809539390156576], [99.10805209740255, 0.0, -22.773425716775378], [99.11632995103872, 0.0, -22.73737114214768], [99.12457976857763, 0.0, -22.701378705308503], [99.13280322252236, 0.0, -22.665441417797428], [99.1409994203581, 0.0, -22.62956348124064], [99.14916981103308, 0.0, -22.593738849554573], [99.15731341331458, 0.0, -22.55797211791541], [99.16543153081108, 0.0, -22.52225785144481], [99.17352317666003, 0.0, -22.486600680125527], [99.1815895485768, 0.0, -22.450995613482], [99.18962969213032, 0.0, -22.415447150503272], [99.19764471980642, 0.0, -22.37995065816741], [99.2056337265704, 0.0, -22.344510429376232], [99.21359775021276, 0.0, -22.309122144941593], [99.22153594194864, 0.0, -22.273789860271616], [99.22944927296702, 0.0, -22.238509536446237], [99.23733695157856, 0.0, -22.203284986186343], [99.24519988684345, 0.0, -22.168112432939196], [99.2530373440595, 0.0, -22.132995445661525], [99.26085017354518, 0.0, -22.09793049685788], [99.26863769631296, 0.0, -22.06292091580572], [99.27640070656324, 0.0, -22.02796341400714], [99.28413857951364, 0.0, -21.9930610862353], [99.291852055293, 0.0, -21.95821087540489], [99.29954056191036, 0.0, -21.923415646574426], [99.30720478697107, 0.0, -21.8886725686492], [99.31484421014049, 0.0, -21.853984280548687], [99.32245946755411, 0.0, -21.819348173926173], [99.33005008988785, 0.0, -21.78476666295318], [99.33761666218561, 0.0, -21.750237361822286], [99.34515876583059, 0.0, -21.715762459809202], [99.3526769349508, 0.0, -21.681339794354088], [99.3601708021712, 0.0, -21.646971325853215], [99.36764084943184, 0.0, -21.6126551223414], [99.37508676231081, 0.0, -21.578392905917305], [99.3825089681676, 0.0, -21.544182987781962], [99.38990720893462, 0.0, -21.510026834439632], [99.39728185243621, 0.0, -21.475923024780627], [99.404632704069, 0.0, -21.441872735096634], [99.4119600601471, 0.0, -21.407874869278007], [99.41926380541341, 0.0, -21.373930237758376]], "acceleration_vector": [[0.017176499402248524, 0.0, 0.07425753342874009], [0.017112905806013323, 0.0, 0.07409976640804528], [0.017047606239567248, 0.0, 0.07394477202328498], [0.016990010236154873, 0.0, 0.07381365617022384], [0.016929601004266548, 0.0, 0.07367841763988758], [0.016875490381933034, 0.0, 0.07356112067430254], [0.016817568061971766, 0.0, 0.07343538630573121], [0.016765283188050262, 0.0, 0.07332481917687927], [0.01670870059672236, 0.0, 0.07320368247338616], [0.01665744752562448, 0.0, 0.07309644601914178], [0.01660165519597534, 0.0, 0.07297755213610979], [0.01655105226289777, 0.0, 0.07287201017396239], [0.016495786898528486, 0.0, 0.07275423003980486], [0.016445650030733283, 0.0, 0.07264959412504368], [0.016390785436719124, 0.0, 0.072532387905072], [0.01634102602291998, 0.0, 0.0724282805974451], [0.016286502058973085, 0.0, 0.07231139337758485], [0.01623707469284197, 0.0, 0.0722076235630319], [0.016182864053434276, 0.0, 0.07209094269743277], [0.01613374844237203, 0.0, 0.07198742843132078], [0.016079836892112453, 0.0, 0.07187089791244405], [0.0160310222176685, 0.0, 0.07176759837320368], [0.015977403675673685, 0.0, 0.07165119786834451], [0.015928884404831756, 0.0, 0.0715480953437504], [0.015875556157631365, 0.0, 0.07143181931952758], [0.015827329314862304, 0.0, 0.07132890734061959], [0.0157742901968696, 0.0, 0.07121275712821928], [0.015726354076333493, 0.0, 0.07111003485622724], [0.015673603580321327, 0.0, 0.07099401475519751], [0.015625957134637325, 0.0, 0.07089148430670522], [0.015573494960364087, 0.0, 0.07077559959085455], [0.015526137561500342, 0.0, 0.0706732650024664], [0.015473963588100048, 0.0, 0.07055752181690256], [0.015426894363937294, 0.0, 0.07045538604742063], [0.015375008123410083, 0.0, 0.07033978900776772], [0.015328227300278385, 0.0, 0.0702378600685667], [0.015276628144320625, 0.0, 0.07012241301976463], [0.015230135492370067, 0.0, 0.07002069690300594], [0.015178822589888341, 0.0, 0.06990540288877245], [0.015132618396521025, 0.0, 0.06980390802130731], [0.01508159035153156, 0.0, 0.06968876751506059], [0.01503567572247988, 0.0, 0.06958750617292075], [0.014984930071257452, 0.0, 0.06947251472304217], [0.014939309219002439, 0.0, 0.06937151366733474], [0.014887581374978254, 0.0, 0.06925310291955356]], "gravity_force_vector": [[0.0, 0.0, 440962.1295811575], [0.0, 0.0, 440952.24047725974], [0.0, 0.0, 440942.36092271545], [0.0, 0.0, 440932.492354193], [0.0, 0.0, 440922.6340036427], [0.0, 0.0, 440912.7864789307], [0.0, 0.0, 440902.94920816424], [0.0, 0.0, 440893.12266298704], [0.0, 0.0, 440883.30637227563], [0.0, 0.0, 440873.500728361], [0.0, 0.0, 440863.70532537135], [0.0, 0.0, 440853.9205009056], [0.0, 0.0, 440844.1458964764], [0.0, 0.0, 440834.3818084114], [0.0, 0.0, 440824.6279150969], [0.0, 0.0, 440814.88447993604], [0.0, 0.0, 440805.15121138864], [0.0, 0.0, 440795.42834552564], [0.0, 0.0, 440785.71561619453], [0.0, 0.0, 440776.0132360853], [0.0, 0.0, 440766.3209610577], [0.0, 0.0, 440756.6389833161], [0.0, 0.0, 440746.9670782266], [0.0, 0.0, 440737.3054196828], [0.0, 0.0, 440727.65380065836], [0.0, 0.0, 440718.01237839495], [0.0, 0.0, 440708.38096202054], [0.0, 0.0, 440698.75969339575], [0.0, 0.0, 440689.14839669317], [0.0, 0.0, 440679.54719935526], [0.0, 0.0, 440669.95593976916], [0.0, 0.0, 440660.37473166373], [0.0, 0.0, 440650.8034270552], [0.0, 0.0, 440641.2421264277], [0.0, 0.0, 440631.6906950721], [0.0, 0.0, 440622.14922046184], [0.0, 0.0, 440612.61758105544], [0.0, 0.0, 440603.09585128], [0.0, 0.0, 440593.5839229587], [0.0, 0.0, 440584.0818570721], [0.0, 0.0, 440574.589559458], [0.0, 0.0, 440565.1070766282], [0.0, 0.0, 440555.6343299565], [0.0, 0.0, 440546.1713488251], [0.0, 0.0, 440536.7180738144]], "total_force_vector": [[772.3545908126835, 0.0, 3339.0474568969803], [769.4805077431083, 0.0, 3331.890348318557], [766.5298354125989, 0.0, 3324.8582278693793], [763.9256683479616, 0.0, 3318.9000927489833], [761.1951205296064, 0.0, 3312.7568697581883], [758.7478875723464, 0.0, 3307.4206219962216], [756.1293799869891, 0.0, 3301.705275874585], [753.7644467664213, 0.0, 3296.672124820703], [751.2063900136709, 0.0, 3291.1640166484867], [748.8880529388844, 0.0, 3286.2811083556735], [746.3657365760155, 0.0, 3280.8743466398446], [744.0768325076351, 0.0, 3276.068106619292], [741.578413805255, 0.0, 3270.7119206107454], [739.3106667341344, 0.0, 3265.9468949015136], [736.8304634741216, 0.0, 3260.6170097471913], [734.5799052135408, 0.0, 3255.8762256362243], [732.1152198105119, 0.0, 3250.5611851494177], [729.8797461357171, 0.0, 3245.836033969943], [727.4293679817056, 0.0, 3240.530766199692], [725.2081079251948, 0.0, 3235.817579909286], [722.771374102711, 0.0, 3230.5195611314266], [720.5638349050423, 0.0, 3225.816497956577], [718.1404713082156, 0.0, 3220.5248131696135], [715.9464017553546, 0.0, 3215.831073892885], [713.5362846001954, 0.0, 3210.545472406142], [711.3555488325073, 0.0, 3205.8607637394452], [708.9586236836476, 0.0, 3200.5813031469006], [706.7911430795793, 0.0, 3195.9055851433077], [704.4073848707922, 0.0, 3190.6324561545043], [702.253110823629, 0.0, 3185.965822220198], [699.8825027364801, 0.0, 3180.6992581464], [697.7414089997183, 0.0, 3176.0418929426814], [695.3839508851233, 0.0, 3170.782172879437], [693.2559764352045, 0.0, 3166.134181917354], [690.9116401872307, 0.0, 3160.881513681845], [688.7968155644485, 0.0, 3156.243278112728], [686.4655674794049, 0.0, 3150.997824683087], [684.3638741213363, 0.0, 3146.3696070131846], [682.0456767330907, 0.0, 3141.131504174904], [679.9571247786516, 0.0, 3136.5136799867614], [677.6519137525902, 0.0, 3131.2829470960423], [675.5765507080068, 0.0, 3126.676065276668], [673.2842134622188, 0.0, 3121.4525001972797], [671.2222265776218, 0.0, 3116.8577604961465], [668.8859446353745, 0.0, 3111.481038580241]], "time": [[0.0], [0.48972465497626194], [0.9794493099525239], [1.4691739649287856], [1.9588986199050478], [2.4486232748813097], [2.938347929857571], [3.428072584833833], [3.9177972398100955], [4.407521894786357], [4.897246549762619], [5.386971204738881], [5.876695859715142], [6.366420514691405], [6.856145169667666], [7.34586982464393], [7.835594479620191], [8.325319134596452], [8.815043789572714], [9.304768444548976], [9.794493099525239], [10.284217754501501], [10.773942409477762], [11.263667064454022], [11.753391719430285], [12.243116374406549], [12.73284102938281], [13.222565684359072], [13.712290339335333], [14.202014994311595], [14.69173964928786], [15.18146430426412], [15.671188959240382], [16.160913614216643], [16.650638269192903], [17.140362924169168], [17.630087579145428], [18.119812234121692], [18.609536889097953], [19.099261544074214], [19.588986199050478], [20.07871085402674], [20.568435509003002], [21.058160163979263], [21.547884818955524]]}, "body": {"inertial_rotations": [[0.0, 0.3440057723319589, 0.0], [0.0, 0.34379388389972926, 0.0], [0.0, 0.34358276636520435, 0.0], [0.0, 0.3433719585686235, 0.0], [0.0, 0.3431618957004045, 0.0], [0.0, 0.342952146955459, 0.0], [0.0, 0.3427431496723567, 0.0], [0.0, 0.34253446784960173, 0.0], [0.0, 0.3423265400051669, 0.0], [0.0, 0.34211892730736243, 0.0], [0.0, 0.3419120692364408, 0.0], [0.0, 0.34170552519680447, 0.0], [0.0, 0.34149973549912654, 0.0], [0.0, 0.3412942583392092, 0.0], [0.0, 0.3410895347593636, 0.0], [0.0, 0.3408851220020237, 0.0], [0.0, 0.3406814618102408, 0.0], [0.0, 0.34047811081756557, 0.0], [0.0, 0.34027551100691705, 0.0], [0.0, 0.3400732187029941, 0.0], [0.0, 0.33987167623195647, 0.0], [0.0, 0.33967043952354614, 0.0], [0.0, 0.3394699512057541, 0.0], [0.0, 0.33926976690657534, 0.0], [0.0, 0.3390703294914619, 0.0], [0.0, 0.3388711943485808, 0.0], [0.0, 0.3386728045322515, 0.0], [0.0, 0.338474715237051, 0.0], [0.0, 0.33827736966922317, 0.0], [0.0, 0.3380803228629141, 0.0], [0.0, 0.3378840181527446, 0.0], [0.0, 0.33768801042492513, 0.0], [0.0, 0.33749274312443894, 0.0], [0.0, 0.33729777106471426, 0.0], [0.0, 0.33710353771732876, 0.0], [0.0, 0.3369095977948645, 0.0], [0.0, 0.3367163948987766, 0.0], [0.0, 0.33652348359917533, 0.0], [0.0, 0.3363313076139296, 0.0], [0.0, 0.33613942137065517, 0.0], [0.0, 0.3359482687313821, 0.0], [0.0, 0.3357574039317817, 0.0], [0.0, 0.3355672710547642, 0.0], [0.0, 0.3353774240116029, 0.0], [0.0, 0.33518836316516637, 0.0]], "transform_to_inertial": [[[0.9414112319237103, 0.0, 0.3372608669974653], [0.0, 1.0, 0.0], [-0.3372608669974653, 0.0, 0.9414112319237103]], [[0.9414826724664038, 0.0, 0.337061385277991], [0.0, 1.0, 0.0], [-0.337061385277991, 0.0, 0.9414826724664038]], [[0.9415538110532886, 0.0, 0.33686261426734215], [0.0, 1.0, 0.0], [-0.33686261426734215, 0.0, 0.9415538110532886]], [[0.9416248033969354, 0.0, 0.3366641198994669], [0.0, 1.0, 0.0], [-0.3366641198994669, 0.0, 0.9416248033969354]], [[0.9416955032518075, 0.0, 0.3364663120660446], [0.0, 1.0, 0.0], [-0.3364663120660446, 0.0, 0.9416955032518075]], [[0.941766055923234, 0.0, 0.33626878521622544], [0.0, 1.0, 0.0], [-0.33626878521622544, 0.0, 0.941766055923234]], [[0.941836314617118, 0.0, 0.3360719513265649], [0.0, 1.0, 0.0], [-0.3360719513265649, 0.0, 0.941836314617118]], [[0.9419064262163963, 0.0, 0.33587539989147236], [0.0, 1.0, 0.0], [-0.33587539989147236, 0.0, 0.9419064262163963]], [[0.9419762437026055, 0.0, 0.33567954405940453], [0.0, 1.0, 0.0], [-0.33567954405940453, 0.0, 0.9419762437026055]], [[0.9420459147368285, 0.0, 0.33548397059718355], [0.0, 1.0, 0.0], [-0.33548397059718355, 0.0, 0.9420459147368285]], [[0.9421152921481211, 0.0, 0.33528909362020787], [0.0, 1.0, 0.0], [-0.33528909362020787, 0.0, 0.9421152921481211]], [[0.9421845240159444, 0.0, 0.3350944981715578], [0.0, 1.0, 0.0], [-0.3350944981715578, 0.0, 0.9421845240159444]], [[0.9422534630604555, 0.0, 0.33490059920904686], [0.0, 1.0, 0.0], [-0.33490059920904686, 0.0, 0.9422534630604555]], [[0.9423222575925743, 0.0, 0.33470698057500115], [0.0, 1.0, 0.0], [-0.33470698057500115, 0.0, 0.9423222575925743]], [[0.9423907602561736, 0.0, 0.33451405797632955], [0.0, 1.0, 0.0], [-0.33451405797632955, 0.0, 0.9423907602561736]], [[0.9424591195079585, 0.0, 0.3343214142951116], [0.0, 1.0, 0.0], [-0.3343214142951116, 0.0, 0.9424591195079585]], [[0.9425271879254287, 0.0, 0.3341294659580081], [0.0, 1.0, 0.0], [-0.3341294659580081, 0.0, 0.9425271879254287]], [[0.942595113996029, 0.0, 0.33393779521164263], [0.0, 1.0, 0.0], [-0.33393779521164263, 0.0, 0.942595113996029]], [[0.942662750384443, 0.0, 0.33374681876781587], [0.0, 1.0, 0.0], [-0.33374681876781587, 0.0, 0.942662750384443]], [[0.9427302455089724, 0.0, 0.3335561185206958], [0.0, 1.0, 0.0], [-0.3335561185206958, 0.0, 0.9427302455089724]], [[0.9427974520863206, 0.0, 0.33336611156436097], [0.0, 1.0, 0.0], [-0.33336611156436097, 0.0, 0.9427974520863206]], [[0.9428645184949915, 0.0, 0.33317637935965355], [0.0, 1.0, 0.0], [-0.33317637935965355, 0.0, 0.9428645184949915]], [[0.9429312975168836, 0.0, 0.3329873393435946], [0.0, 1.0, 0.0], [-0.3329873393435946, 0.0, 0.9429312975168836]], [[0.9429979374602021, 0.0, 0.3327985726318619], [0.0, 1.0, 0.0], [-0.3327985726318619, 0.0, 0.9429979374602021]], [[0.9430642911928366, 0.0, 0.33261049694342565], [0.0, 1.0, 0.0], [-0.33261049694342565, 0.0, 0.9430642911928366]], [[0.9431305069327162, 0.0, 0.3324226931074919], [0.0, 1.0, 0.0], [-0.3324226931074919, 0.0, 0.9431305069327162]], [[0.9431964376492028, 0.0, 0.3322355790788419], [0.0, 1.0, 0.0], [-0.3322355790788419, 0.0, 0.9431964376492028]], [[0.9432622314552563, 0.0, 0.33204873544413704], [0.0, 1.0, 0.0], [-0.33204873544413704, 0.0, 0.9432622314552563]], [[0.9433277414332711, 0.0, 0.3318625803588039], [0.0, 1.0, 0.0], [-0.3318625803588039, 0.0, 0.9433277414332711]], [[0.9433931155809387, 0.0, 0.33167669419856677], [0.0, 1.0, 0.0], [-0.33167669419856677, 0.0, 0.9433931155809387]], [[0.943458207100764, 0.0, 0.33149149529695604], [0.0, 1.0, 0.0], [-0.33149149529695604, 0.0, 0.943458207100764]], [[0.9435231638717584, 0.0, 0.33130656383088297], [0.0, 1.0, 0.0], [-0.33130656383088297, 0.0, 0.9435231638717584]], [[0.9435878392217523, 0.0, 0.3311223182946516], [0.0, 1.0, 0.0], [-0.3311223182946516, 0.0, 0.9435878392217523]], [[0.9436523808869388, 0.0, 0.33093833873761386], [0.0, 1.0, 0.0], [-0.33093833873761386, 0.0, 0.9436523808869388]], [[0.9437166423474512, 0.0, 0.3307550437354703], [0.0, 1.0, 0.0], [-0.3307550437354703, 0.0, 0.9437166423474512]], [[0.9437807712067234, 0.0, 0.3305720131838786], [0.0, 1.0, 0.0], [-0.3305720131838786, 0.0, 0.9437807712067234]], [[0.943844621062217, 0.0, 0.33038966583705365], [0.0, 1.0, 0.0], [-0.33038966583705365, 0.0, 0.943844621062217]], [[0.9439083393991532, 0.0, 0.3302075813980246], [0.0, 1.0, 0.0], [-0.3302075813980246, 0.0, 0.9439083393991532]], [[0.9439717799360264, 0.0, 0.33002617878648677], [0.0, 1.0, 0.0], [-0.33002617878648677, 0.0, 0.9439717799360264]], [[0.944035090040591, 0.0, 0.32984503751315286], [0.0, 1.0, 0.0], [-0.32984503751315286, 0.0, 0.944035090040591]], [[0.9440981235424732, 0.0, 0.3296645766890656], [0.0, 1.0, 0.0], [-0.3296645766890656, 0.0, 0.9440981235424732]], [[0.9441610277090057, 0.0, 0.32948437558627], [0.0, 1.0, 0.0], [-0.32948437558627, 0.0, 0.9441610277090057]], [[0.944223656454939, 0.0, 0.3293048535792712], [0.0, 1.0, 0.0], [-0.3293048535792712, 0.0, 0.944223656454939]], [[0.9442861569915071, 0.0, 0.32912558957670085], [0.0, 1.0, 0.0], [-0.32912558957670085, 0.0, 0.9442861569915071]], [[0.9443483648774018, 0.0, 0.3289470561555121], [0.0, 1.0, 0.0], [-0.3289470561555121, 0.0, 0.9443483648774018]]], "thrust_force_vector": [[137811.8838327252, 0.0, 0.0], [137672.51482003945, 0.0, 0.0], [137533.39643501665, 0.0, 0.0], [137394.5518617291, 0.0, 0.0], [137255.96878409793, 0.0, 0.0], [137117.65701673512, 0.0, 0.0], [136979.60744530428, 0.0, 0.0], [136841.82769433793, 0.0, 0.0], [136704.31028594283, 0.0, 0.0], [136567.06156599845, 0.0, 0.0], [136430.0751085434, 0.0, 0.0], [136293.35637396452, 0.0, 0.0], [136156.89969469237, 0.0, 0.0], [136020.70986123977, 0.0, 0.0], [135884.78179245943, 0.0, 0.0], [135749.11974298122, 0.0, 0.0], [135613.71910738043, 0.0, 0.0], [135478.58369440478, 0.0, 0.0], [135343.70929839765, 0.0, 0.0], [135209.09934594636, 0.0, 0.0], [135074.74997671394, 0.0, 0.0], [134940.66428189763, 0.0, 0.0], [134806.83870617658, 0.0, 0.0], [134673.2760405697, 0.0, 0.0], [134539.9730043339, 0.0, 0.0], [134406.93211521875, 0.0, 0.0], [134274.1503438344, 0.0, 0.0], [134141.6299553154, 0.0, 0.0], [134009.36815394697, 0.0, 0.0], [133877.36696795656, 0.0, 0.0], [133745.62382212427, 0.0, 0.0], [133614.1405193234, 0.0, 0.0], [133482.91469555817, 0.0, 0.0], [133351.94793613759, 0.0, 0.0], [133221.23808271575, 0.0, 0.0], [133090.78650706017, 0.0, 0.0], [132960.5912548419, 0.0, 0.0], [132830.65348401226, 0.0, 0.0], [132700.97144746713, 0.0, 0.0], [132571.54608325532, 0.0, 0.0], [132442.37586191026, 0.0, 0.0], [132313.46148559925, 0.0, 0.0], [132184.80166671544, 0.0, 0.0], [132056.39682957777, 0.0, 0.0], [131928.24598681123, 0.0, 0.0]]}, "wind": {"body_rotations": [[0.0, 0.1166807194529766, 0.0], [0.0, 0.1168354886944827, 0.0], [0.0, 0.1169901991776046, 0.0], [0.0, 0.11714450718958527, 0.0], [0.0, 0.11729884646070265, 0.0], [0.0, 0.11745287308846879, 0.0], [0.0, 0.11760699395786685, 0.0], [0.0, 0.11776084377529886, 0.0], [0.0, 0.11791481887201877, 0.0], [0.0, 0.11806854159931539, 0.0], [0.0, 0.11822240528261761, 0.0], [0.0, 0.11837602433062515, 0.0], [0.0, 0.11852979255224473, 0.0], [0.0, 0.11868331865442562, 0.0], [0.0, 0.11883699850360843, 0.0], [0.0, 0.11899043623907142, 0.0], [0.0, 0.11914403051094206, 0.0], [0.0, 0.11929738167658113, 0.0], [0.0, 0.11945089102502342, 0.0], [0.0, 0.1196041557712758, 0.0], [0.0, 0.11975757999829492, 0.0], [0.0, 0.11991075787405134, 0.0], [0.0, 0.12006409624410494, 0.0], [0.0, 0.12021718645763106, 0.0], [0.0, 0.12037043801648202, 0.0], [0.0, 0.12052343961515402, 0.0], [0.0, 0.12067660331029138, 0.0], [0.0, 0.1208295152651534, 0.0], [0.0, 0.12098259000523372, 0.0], [0.0, 0.12113541125108766, 0.0], [0.0, 0.12128839593676304, 0.0], [0.0, 0.12144112538600156, 0.0], [0.0, 0.1215940189086604, 0.0], [0.0, 0.12174665550964747, 0.0], [0.0, 0.12189945679163858, 0.0], [0.0, 0.1220519994062321, 0.0], [0.0, 0.12220470739159503, 0.0], [0.0, 0.12235715493115706, 0.0], [0.0, 0.12250976857918643, 0.0], [0.0, 0.12266211992514015, 0.0], [0.0, 0.12281463824044983, 0.0], [0.0, 0.12296689222516793, 0.0], [0.0, 0.12311931429212054, 0.0], [0.0, 0.12327146954378344, 0.0], [0.0, 0.12342385035354073, 0.0]], "velocity_vector": [[0.0, 0.0, 0.0], [0.0, 0.0, 0.0], [0.0, 0.0, 0.0], [0.0, 0.0, 0.0], [0.0, 0.0, 0.0], [0.0, 0.0, 0.0], [0.0, 0.0, 0.0], [0.0, 0.0, 0.0], [0.0, 0.0, 0.0], [0.0, 0.0, 0.0], [0.0, 0.0, 0.0], [0.0, 0.0, 0.0], [0.0, 0.0, 0.0], [0.0, 0.0, 0.0], [0.0, 0.0, 0.0], [0.0, 0.0, 0.0], [0.0, 0.0, 0.0], [0.0, 0.0, 0.0], [0.0, 0.0, 0.0], [0.0, 0.0, 0.0], [0.0, 0.0, 0.0], [0.0, 0.0, 0.0], [0.0, 0.0, 0.0], [0.0, 0.0, 0.0], [0.0, 0.0, 0.0], [0.0, 0.0, 0.0], [0.0, 0.0, 0.0], [0.0, 0.0, 0.0], [0.0, 0.0, 0.0], [0.0, 0.0, 0.0], [0.0, 0.0, 0.0], [0.0, 0.0, 0.0], [0.0, 0.0, 0.0], [0.0, 0.0, 0.0], [0.0, 0.0, 0.0], [0.0, 0.0, 0.0], [0.0, 0.0, 0.0], [0.0, 0.0, 0.0], [0.0, 0.0, 0.0], [0.0, 0.0, 0.0], [0.0, 0.0, 0.0], [0.0, 0.0, 0.0], [0.0, 0.0, 0.0], [0.0, 0.0, 0.0], [0.0, 0.0, 0.0]], "lift_force_vector": [[0.0, 0.0, -410146.6434161346], [0.0, 0.0, -410176.1005948124], [0.0, 0.0, -410205.34250234056], [0.0, 0.0, -410233.4067694007], [0.0, 0.0, -410261.5679663117], [0.0, 0.0, -410288.8225231679], [0.0, 0.0, -410316.37037358416], [0.0, 0.0, -410343.13852229324], [0.0, 0.0, -410370.2971317356], [0.0, 0.0, -410396.73435533873], [0.0, 0.0, -410423.6117467981], [0.0, 0.0, -410449.7933597507], [0.0, 0.0, -410476.44180927123], [0.0, 0.0, -410502.40458700614], [0.0, 0.0, -410528.84958109364], [0.0, 0.0, -410554.6116207473], [0.0, 0.0, -410580.8656894619], [0.0, 0.0, -410606.4366376865], [0.0, 0.0, -410632.50586119946], [0.0, 0.0, -410657.89037653594], [0.0, 0.0, -410683.77826185146], [0.0, 0.0, -410708.9791605691], [0.0, 0.0, -410734.6875918624], [0.0, 0.0, -410759.706639925], [0.0, 0.0, -410785.23683240445], [0.0, 0.0, -410810.0752872458], [0.0, 0.0, -410835.42814661085], [0.0, 0.0, -410860.0870119445], [0.0, 0.0, -410885.2633110649], [0.0, 0.0, -410909.7434577617], [0.0, 0.0, -410934.74392780615], [0.0, 0.0, -410959.0461361566], [0.0, 0.0, -410983.87146320305], [0.0, 0.0, -411007.9965944121], [0.0, 0.0, -411032.647537146], [0.0, 0.0, -411056.59617566084], [0.0, 0.0, -411081.0735384731], [0.0, 0.0, -411104.8463890726], [0.0, 0.0, -411129.1510039499], [0.0, 0.0, -411152.74865818926], [0.0, 0.0, -411176.8814742131], [0.0, 0.0, -411200.30434993014], [0.0, 0.0, -411224.2665384485], [0.0, 0.0, -411247.51440048584], [0.0, 0.0, -411271.46827964595]], "drag_force_vector": [[-37494.27232937245, 0.0, 0.0], [-37513.05647319598, 0.0, 0.0], [-37531.85100709066, 0.0, 0.0], [-37550.53455440334, 0.0, 0.0], [-37569.26506374225, 0.0, 0.0], [-37587.91736041304, 0.0, 0.0], [-37606.640336833334, 0.0, 0.0], [-37625.300233155256, 0.0, 0.0], [-37644.042504976744, 0.0, 0.0], [-37662.72841687715, 0.0, 0.0], [-37681.502631156516, 0.0, 0.0], [-37700.22318503648, 0.0, 0.0], [-37719.035163708584, 0.0, 0.0], [-37737.79426912287, 0.0, 0.0], [-37756.646547443925, 0.0, 0.0], [-37775.4458234744, 0.0, 0.0], [-37794.33934424684, 0.0, 0.0], [-37813.17937403623, 0.0, 0.0], [-37832.11428610058, 0.0, 0.0], [-37850.99503929724, 0.0, 0.0], [-37869.97117618954, 0.0, 0.0], [-37888.892398009375, 0.0, 0.0], [-37907.9093942361, 0.0, 0.0], [-37926.87070264877, 0.0, 0.0], [-37945.92811204735, 0.0, 0.0], [-37964.92906478185, 0.0, 0.0], [-37984.02640516033, 0.0, 0.0], [-38003.06653126518, 0.0, 0.0], [-38022.20330642809, 0.0, 0.0], [-38041.282121256285, 0.0, 0.0], [-38060.45783242994, 0.0, 0.0], [-38079.57484282266, 0.0, 0.0], [-38098.788988154534, 0.0, 0.0], [-38117.943714233406, 0.0, 0.0], [-38137.19580380544, 0.0, 0.0], [-38156.38773324808, 0.0, 0.0], [-38175.67728565953, 0.0, 0.0], [-38194.90592437966, 0.0, 0.0], [-38214.23246445045, 0.0, 0.0], [-38233.497306761565, 0.0, 0.0], [-38252.86037699079, 0.0, 0.0], [-38272.16089789738, 0.0, 0.0], [-38291.560071930486, 0.0, 0.0], [-38310.89566617984, 0.0, 0.0], [-38330.351405666785, 0.0, 0.0]], "transform_to_inertial": [[[0.9742727386423611, 0.0, 0.22537220489295834], [0.0, 1.0, 0.0], [-0.22537220489295834, 0.0, 0.9742727386423611]], [[0.9743553075993151, 0.0, 0.22501496517575054], [0.0, 1.0, 0.0], [-0.22501496517575054, 0.0, 0.9743553075993151]], [[0.974437559177078, 0.0, 0.22465850365614654], [0.0, 1.0, 0.0], [-0.22465850365614654, 0.0, 0.974437559177078]], [[0.9745195205955506, 0.0, 0.22430270613217754], [0.0, 1.0, 0.0], [-0.22430270613217754, 0.0, 0.9745195205955506]], [[0.974601192277019, 0.0, 0.2239475742494499], [0.0, 1.0, 0.0], [-0.2239475742494499, 0.0, 0.974601192277019]], [[0.9746825944017967, 0.0, 0.22359302352753013], [0.0, 1.0, 0.0], [-0.22359302352753013, 0.0, 0.9746825944017967]], [[0.9747637208273428, 0.0, 0.22323908385144875], [0.0, 1.0, 0.0], [-0.22323908385144875, 0.0, 0.9747637208273428]], [[0.97484458800059, 0.0, 0.22288568649861737], [0.0, 1.0, 0.0], [-0.22288568649861737, 0.0, 0.97484458800059]], [[0.9749251871447948, 0.0, 0.22253287278666675], [0.0, 1.0, 0.0], [-0.22253287278666675, 0.0, 0.9749251871447948]], [[0.9750055325085134, 0.0, 0.22218058326008194], [0.0, 1.0, 0.0], [-0.22218058326008194, 0.0, 0.9750055325085134]], [[0.9750856144425744, 0.0, 0.22182886310655583], [0.0, 1.0, 0.0], [-0.22182886310655583, 0.0, 0.9750856144425744]], [[0.9751654457663032, 0.0, 0.22147765888099658], [0.0, 1.0, 0.0], [-0.22147765888099658, 0.0, 0.9751654457663032]], [[0.9752450167751666, 0.0, 0.2211270161133752], [0.0, 1.0, 0.0], [-0.2211270161133752, 0.0, 0.9752450167751666]], [[0.9753243392471663, 0.0, 0.22077688572873425], [0.0, 1.0, 0.0], [-0.22077688572873425, 0.0, 0.9753243392471663]], [[0.975403403796691, 0.0, 0.22042731196888843], [0.0, 1.0, 0.0], [-0.22042731196888843, 0.0, 0.975403403796691]], [[0.9754822213636185, 0.0, 0.2200782492739806], [0.0, 1.0, 0.0], [-0.2200782492739806, 0.0, 0.9754822213636185]], [[0.9755607830480884, 0.0, 0.21972973985922079], [0.0, 1.0, 0.0], [-0.21972973985922079, 0.0, 0.9755607830480884]], [[0.9756390990554449, 0.0, 0.21938174125090654], [0.0, 1.0, 0.0], [-0.21938174125090654, 0.0, 0.9756390990554449]], [[0.975717161038973, 0.0, 0.21903429332880037], [0.0, 1.0, 0.0], [-0.21903429332880037, 0.0, 0.975717161038973]], [[0.975794978549076, 0.0, 0.2186873563752787], [0.0, 1.0, 0.0], [-0.2186873563752787, 0.0, 0.975794978549076]], [[0.9758725438005003, 0.0, 0.21834096788358504], [0.0, 1.0, 0.0], [-0.21834096788358504, 0.0, 0.9758725438005003]], [[0.9759498657326924, 0.0, 0.2179950907161436], [0.0, 1.0, 0.0], [-0.2179950907161436, 0.0, 0.9759498657326924]], [[0.9760269371207938, 0.0, 0.21764975996908822], [0.0, 1.0, 0.0], [-0.21764975996908822, 0.0, 0.9760269371207938]], [[0.9761037663266016, 0.0, 0.21730494095400377], [0.0, 1.0, 0.0], [-0.21730494095400377, 0.0, 0.9761037663266016]], [[0.9761803466731401, 0.0, 0.21696066641008457], [0.0, 1.0, 0.0], [-0.21696066641008457, 0.0, 0.9761803466731401]], [[0.9762566859703561, 0.0, 0.21661690399915107], [0.0, 1.0, 0.0], [-0.21661690399915107, 0.0, 0.9762566859703561]], [[0.976332778074313, 0.0, 0.21627368415434733], [0.0, 1.0, 0.0], [-0.21627368415434733, 0.0, 0.976332778074313]], [[0.976408630263233, 0.0, 0.21593097681314113], [0.0, 1.0, 0.0], [-0.21593097681314113, 0.0, 0.976408630263233]], [[0.9764842369123147, 0.0, 0.21558881014972614], [0.0, 1.0, 0.0], [-0.21558881014972614, 0.0, 0.9764842369123147]], [[0.9765596047832793, 0.0, 0.21524715632389957], [0.0, 1.0, 0.0], [-0.21524715632389957, 0.0, 0.9765596047832793]], [[0.9766347287593, 0.0, 0.21490604128606616], [0.0, 1.0, 0.0], [-0.21490604128606616, 0.0, 0.9766347287593]], [[0.9767096150959573, 0.0, 0.21456543938646502], [0.0, 1.0, 0.0], [-0.21456543938646502, 0.0, 0.9767096150959573]], [[0.9767842591780478, 0.0, 0.21422537436539196], [0.0, 1.0, 0.0], [-0.21422537436539196, 0.0, 0.9767842591780478]], [[0.9768586667587316, 0.0, 0.21388582276147594], [0.0, 1.0, 0.0], [-0.21388582276147594, 0.0, 0.9768586667587316]], [[0.9769328337214467, 0.0, 0.21354680610344937], [0.0, 1.0, 0.0], [-0.21354680610344937, 0.0, 0.9769328337214467]], [[0.9770067653186603, 0.0, 0.21320830312529643], [0.0, 1.0, 0.0], [-0.21320830312529643, 0.0, 0.9770067653186603]], [[0.9770804579377079, 0.0, 0.21287033310501222], [0.0, 1.0, 0.0], [-0.21287033310501222, 0.0, 0.9770804579377079]], [[0.9771539163178549, 0.0, 0.21253287704418516], [0.0, 1.0, 0.0], [-0.21253287704418516, 0.0, 0.9771539163178549]], [[0.9772271373671628, 0.0, 0.21219595187745738], [0.0, 1.0, 0.0], [-0.21219595187745738, 0.0, 0.9772271373671628]], [[0.9773001252881668, 0.0, 0.21185954099764676], [0.0, 1.0, 0.0], [-0.21185954099764676, 0.0, 0.9773001252881668]], [[0.9773728775431016, 0.0, 0.2115236588259508], [0.0, 1.0, 0.0], [-0.2115236588259508, 0.0, 0.9773728775431016]], [[0.9774453977490503, 0.0, 0.21118829138756967], [0.0, 1.0, 0.0], [-0.21118829138756967, 0.0, 0.9774453977490503]], [[0.977517683992337, 0.0, 0.21085345024983057], [0.0, 1.0, 0.0], [-0.21085345024983057, 0.0, 0.977517683992337]], [[0.9775897391868323, 0.0, 0.21051912463389433], [0.0, 1.0, 0.0], [-0.21051912463389433, 0.0, 0.9775897391868323]], [[0.9776615621991305, 0.0, 0.21018532250934113], [0.0, 1.0, 0.0], [-0.21018532250934113, 0.0, 0.9776615621991305]]]}, "planet": {"start_time": null, "latitude": [[0.0], [0.0004363663794000529], [0.000872763280709949], [0.00130919834761466], [0.0017456674855370806], [0.0021821739206341496], [0.0026187146108721474], [0.003055292058134088], [0.0034919037606786964], [0.003928551798692278], [0.004365234019734534], [0.004801952212928133], [0.005238704479088763], [0.005675492387860963], [0.00611231423688469], [0.006549171420749626], [0.0069860623974666676], [0.007422988416367183], [0.007859948070737184], [0.008296942485717307], [0.008733970371813782], [0.009171032745424497], [0.00960812842087053], [0.010045258317424553], [0.010482421343065039], [0.01091961832880762], [0.011356848268511377], [0.011794111911734335], [0.012231408332272143], [0.01266873820338757], [0.013106100674358448], [0.0135434963459403], [0.01398092443973329], [0.014418385486529387], [0.014855878778317058], [0.015293404777222797], [0.01573096284499444], [0.01616855337496991], [0.01660617579963188], [0.017043830441484723], [0.01748151680710716], [0.017919235142853776], [0.018356985037330065], [0.018794766646829657], [0.019232579661206783]], "longitude": [[0.0], [0.0], [0.0], [0.0], [0.0], [0.0], [0.0], [0.0], [0.0], [0.0], [0.0], [0.0], [0.0], [0.0], [0.0], [0.0], [0.0], [0.0], [0.0], [0.0], [0.0], [0.0], [0.0], [0.0], [0.0], [0.0], [0.0], [0.0], [0.0], [0.0], [0.0], [0.0], [0.0], [0.0], [0.0], [0.0], [0.0], [0.0], [0.0], [0.0], [0.0], [0.0], [0.0], [0.0], [0.0]]}}, "weights": {"total_mass": [[44965.77387093577], [44964.92374550976], [44964.074355514764], [44963.225821242544], [44962.37807848968], [44961.53117820092], [44960.685072534], [44959.8398010176], [44958.995324220334], [44958.15167502403], [44957.308819449834], [44956.46678579347], [44955.625544039816], [44954.785119026965], [44953.945483826945], [44953.10666051963], [44952.2686246965], [44951.43139614783], [44950.594952592946], [44949.759311863476], [44948.92445352434], [44948.09039369107], [44947.25711356438], [44946.42462772598], [44945.59291885332], [44944.76200013331], [44943.93185559836], [44943.102497147105], [44942.27391007382], [44941.44610506964], [44940.61906862107], [44939.792810270854], [44938.96731764849], [44938.14259918778], [44937.318643631326], [44936.49545832378], [44935.67303311164], [44934.851374247584], [44934.03047269833], [44933.21033359122], [44932.3909490674], [44931.57232304352], [44930.75444896216], [44929.93732930694], [44929.12095912868]], "weight_breakdown": {}, "vehicle_mass_rate": [[1.7369097590472764], [1.7352263341608372], [1.7335464258623403], [1.7318703079792608], [1.7301978257114645], [1.7285290914618776], [1.7268639892813173], [1.7252026052198641], [1.7235448432538798], [1.7218907740960274], [1.7202403145771392], [1.7185935248242097], [1.716950330968841], [1.7153107851580764], [1.7136748207404389], [1.7120424835019319], [1.710413712665055], [1.7087885487418404], [1.7071669359060413], [1.7055489101650816], [1.703934419981384], [1.7023234974221642], [1.7007160947470916], [1.6991122405078636], [1.6975118903893192], [1.695915069751973], [1.6943217374210637], [1.6927319158147318], [1.6911455666809063], [1.689562709684453], [1.6879833093326928], [1.6864073826762287], [1.6848348968656555], [1.6832658664310423], [1.6817002610947167], [1.680138092914682], [1.6785793341608652], [1.6770239944161558], [1.6754720485320278], [1.6739235035436506], [1.6723783370042742], [1.6708365532105067], [1.669298132702687], [1.667763076537546], [1.6662313689358472]]}, "energies": {"total_energy": [[0.0], [0.0], [0.0], [0.0], [0.0], [0.0], [0.0], [0.0], [0.0], [0.0], [0.0], [0.0], [0.0], [0.0], [0.0], [0.0], [0.0], [0.0], [0.0], [0.0], [0.0], [0.0], [0.0], [0.0], [0.0], [0.0], [0.0], [0.0], [0.0], [0.0], [0.0], [0.0], [0.0], [0.0], [0.0], [0.0], [0.0], [0.0], [0.0], [0.0], [0.0], [0.0], [0.0], [0.0], [0.0]], "total_efficiency": [[0.0], [0.0], [0.0], [0.0], [0.0], [0.0], [0.0], [0.0], [0.0], [0.0], [0.0], [0.0], [0.0], [0.0], [0.0], [0.0], [0.0], [0.0], [0.0], [0.0], [0.0], [0.0], [0.0], [0.0], [0.0], [0.0], [0.0], [0.0], [0.0], [0.0], [0.0], [0.0], [0.0], [0.0], [0.0], [0.0], [0.0], [0.0], [0.0], [0.0], [0.0], [0.0], [0.0], [0.0], [0.0]], "gravity_energy": [[0.0], [0.0], [0.0], [0.0], [0.0], [0.0], [0.0], [0.0], [0.0], [0.0], [0.0], [0.0], [0.0], [0.0], [0.0], [0.0], [0.0], [0.0], [0.0], [0.0], [0.0], [0.0], [0.0], [0.0], [0.0], [0.0], [0.0], [0.0], [0.0], [0.0], [0.0], [0.0], [0.0], [0.0], [0.0], [0.0], [0.0], [0.0], [0.0], [0.0], [0.0], [0.0], [0.0], [0.0], [0.0]], "propulsion_power": [[0.0], [0.0], [0.0], [0.0], [0.0], [0.0], [0.0], [0.0], [0.0], [0.0], [0.0], [0.0], [0.0], [0.0], [0.0], [0.0], [0.0], [0.0], [0.0], [0.0], [0.0], [0.0], [0.0], [0.0], [0.0], [0.0], [0.0], [0.0], [0.0], [0.0], [0.0], [0.0], [0.0], [0.0], [0.0], [0.0], [0.0], [0.0], [0.0], [0.0], [0.0], [0.0], [0.0], [0.0], [0.0]]}, "noise": {"total": {}, "sources": {"propellers": {}, "lift_rotors": {}, "turbofan": {"fan": {"exit_static_temperature": [[291.400143305944], [291.32642547581975], [291.25281571301525], [291.17932623485706], [291.1059504780171], [291.0326935962157], [290.95955072169437], [290.88652585569974], [290.8136149986837], [290.74082148093567], [290.66814186218977], [290.59557900933737], [290.52312988624976], [290.450797010149], [290.3785776581447], [290.3064740683852], [290.23448377269796], [290.1626087775124], [290.0908468292142], [290.01919973598785], [289.9476654299843], [289.8762455456613], [289.8049381796205], [289.73374481100683], [289.6626636847753], [289.59169613878356], [289.520840554061], [289.4500981378992], [289.37946739806034], [289.30894941937277], [289.23854282937816], [289.1682485963429], [289.09806546271295], [289.0279942840961], [288.95803391493786], [288.8881851000841], [288.8184468051838], [288.74881966392087], [288.679302754947], [288.60989659726783], [288.5406003882104], [288.47141452327065], [288.4023383315516], [288.33337206223274], [288.2645152076685]], "exit_static_pressure": [[101196.9095791597], [101062.40912221558], [100928.25034252452], [100794.45471652102], [100661.00949009789], [100527.92323766793], [100395.1863189295], [100262.80520297255], [100130.77184933411], [99999.09150298378], [99867.75715735219], [99736.77321360009], [99606.13341446129], [99475.84152594412], [99345.89187309031], [99216.28771646431], [99087.02385570509], [98958.10313308447], [98829.52074875748], [98701.27918842816], [98573.3739995067], [98445.80735645014], [98318.57511436068], [98191.67917058985], [98065.11565791846], [97938.88622270546], [97812.98725237911], [97687.4201623819], [97562.18157711739], [97437.27269641918], [97312.6903683358], [97188.43558840732], [97064.50541875372], [96940.90065833829], [96817.61857731557], [96694.6597822038], [96572.02174890481], [96449.70489155853], [96327.7068941011], [96206.02797289245], [96084.6660289652], [95963.62106622434], [95842.89122479959], [95722.47625714318], [95602.37459643563]], "exit_stagnation_temperature": [[342.2898061271657], [342.2049194460389], [342.1201568915048], [342.03553253353846], [341.9510388159629], [341.86668167498726], [341.78245550685585], [341.6983649207035], [341.61440531249497], [341.5305805187553], [341.44688657944073], [341.36332679746886], [341.27989767814057], [341.1966021217232], [341.113436994193], [341.03040487445696], [340.94750292178213], [340.8647334482425], [340.7820938601537], [340.6995862413008], [340.61720821189425], [340.5349616556617], [340.45284438216606], [340.3708580962801], [340.