{"tag": "sideline_takeoff", "features": {}, "settings": {"tag": "settings", "verbose_process": false}, "state": {"tag": "state", "unknowns": {"tag": "unknowns"}, "conditions": {}, "residuals": {"tag": "residuals"}, "numerics": {"tag": "numerics", "number_control_points": 16, "discretization_method": null, "solver_jacobian": "none", "tolerance_solution": 1e-08, "converged": null, "max_evaluations": 0.0, "step_size": null, "dimensionless": {"control_points": [], "differentiate": [], "integrate": []}, "time": {"control_points": [], "differentiate": [], "integrate": []}}, "initials": {}, "segments": {}}, "analyses": {}, "process": {"initialize": null, "converge": null, "finalize": {"post_process": {}, "sub_segments": null}}, "conditions": {}, "segments": {"climb": {"tag": "climb", "features": {}, "settings": {"tag": "settings", "verbose_process": false}, "state": {"tag": "state", "unknowns": {"tag": "unknowns", "body_angle": [[0.4434455519670412], [0.4430369063952471], [0.4426350360263611], [0.4422263186870173], [0.44182541955303917], [0.44141801176165085], [0.44101902838202767], [0.4406135775876687], [0.44021681233739723], [0.43981353086141217], [0.43941907328012775], [0.4390180310116864], [0.43862590096328524], [0.43822711907383305], [0.4378373142498486], [0.43744079630629834], [0.4370533075967932], [0.4366590517773969], [0.43627386773260457], [0.4358818680276813], [0.43549897800528287], [0.43510922744973873], [0.43472862061781237], [0.4343411113917519], [0.43396277725146354], [0.433577500879977], [0.43320142930744954], [0.43281837671336704], [0.4324445580375541], [0.43206371947385047], [0.43169214469732153], [0.4313135094833434], [0.4309441708868645], [0.43056772670189347], [0.43020062169067963], [0.42982426370063387]], "wind_angle": [[0.09960789862508178], [0.09981033523687763], [0.10001101869148156], [0.10020128126354706], [0.100395014753786], [0.10058102300495568], [0.10077249856413374], [0.10095700488464666], [0.10114776137124758], [0.1013316858512766], [0.10152222756428518], [0.10170588373956421], [0.10189637227578027], [0.10207986980378263], [0.10227035365539042], [0.10245373239477107], [0.10264422324703679], [0.1028274997437633], [0.10301799690508726], [0.10320117764244253], [0.10339167851089376], [0.10357476653595385], [0.10376526762547687], [0.10394826417079751], [0.10413876248634994], [0.10432166755930952], [0.10451216095456038], [0.10469497344063675], [0.10488546092616109], [0.10506817835613069], [0.10525866070006748], [0.10544127849591833], [0.10563175986748313], [0.10581426925101922], [0.10600476642765835], [0.10618506633708467]]}, "conditions": {"tag": "aerodynamic_conditions", "frames": {"inertial": {"position_vector": [[1e-08, 0.0, -10.668000000000001], [39.21350305997213, 0.0, -24.63219856709565], [78.41095716797668, 0.0, -38.643412660896], [117.62619583619495, 0.0, -52.60398167310202], [156.84194592585516, 0.0, -66.5637427495473], [196.07263443013363, 0.0, -80.48095157461474], [235.3056440200579, 0.0, -94.39205223845426], [274.5521720329127, 0.0, -108.26459263888897], [313.8020046343414, 0.0, -122.12810619306619], [353.06444022269545, 0.0, -135.95560186218088], [392.33083119608267, 0.0, -149.77211069871356], [431.6091529291206, 0.0, -163.55444614187883], [470.8919041701373, 0.0, -177.32434373302434], [510.1860526895024, 0.0, -191.0615150278116], [549.484997612556, 0.0, -204.7851063620097], [588.794894024123, 0.0, -218.47716798426737], [628.1098833353292, 0.0, -232.1547103969301], [667.4354375452516, 0.0, -245.80175115201794], [706.7663326023198, 0.0, -259.43347338606696], [746.1074476265553, 0.0, -273.03560397744377], [785.4541170230815, 0.0, -286.62171598072774], [824.8106913957934, 0.0, -300.179062066042], [864.173009082098, 0.0, -313.7197603684553], [903.5449382305811, 0.0, -327.2324585975988], [942.9227824830009, 0.0, -340.72792924227866], [982.3099594750473, 0.0, -354.1961251090428], [1021.7032124268485, 0.0, -367.6465449574231], [1061.1055282417549, 0.0, -381.07039203447874], [1100.5140759410583, 0.0, -394.4759285336595], [1139.931419223909, 0.0, -407.8555892197628], [1179.3551525260827, 0.0, -421.21639771673887], [1218.7874084534262, 0.0, -434.55204660113674], [1258.2262262671372, 0.0, -447.868260715131], [1297.6732731344478, 0.0, -461.16009466999304], [1337.1271004720304, 0.0, -474.4317729857706], [1376.5888135012597, 0.0, -487.67999999999995]], "velocity_vector": [[79.31624719301685, 0.0, -28.400025192872942], [79.33358713215264, 0.0, -28.3515511477717], [79.35065606479851, 0.0, -28.303743247592262], [79.36759520281564, 0.0, -28.256208724129415], [79.38438323365699, 0.0, -28.20900916996998], [79.40110893394953, 0.0, -28.16189623939858], [79.41772353508073, 0.0, -28.115008238395664], [79.43429636261847, 0.0, -28.068150297361385], [79.45077330044731, 0.0, -28.02147607997302], [79.46721397940883, 0.0, -27.974817284308067], [79.48356562904422, 0.0, -27.92832423603301], [79.49988168921719, 0.0, -27.881845547596722], [79.5161126767926, 0.0, -27.83552270950187], [79.53230724788294, 0.0, -27.789217397543155], [79.54841962448404, 0.0, -27.743061024093443], [79.5644943573672, 0.0, -27.696926497285823], [79.58048932424322, 0.0, -27.650935222042335], [79.5964453602371, 0.0, -27.6049703088839], [79.61232383247865, 0.0, -27.559143559481704], [79.62816214281264, 0.0, -27.513347551643186], [79.64392495485278, 0.0, -27.467684968437904], [79.65964643632277, 0.0, -27.42205735132975], [79.67529439858284, 0.0, -27.376558626655832], [79.69089991620167, 0.0, -27.33109895861302], [79.70643383869837, 0.0, -27.285763768983454], [79.72192423671548, 0.0, -27.2404716503765], [79.73734493762909, 0.0, -27.195299631317305], [79.75272104113394, 0.0, -27.1501747006284], [79.76802935290027, 0.0, -27.10516542827975], [79.78329196355074, 0.0, -27.06020737537669], [79.79848874288854, 0.0, -27.015360336124736], [79.81363862593398, 0.0, -26.970568941503466], [79.8287247814554, 0.0, -26.92588344894586], [79.84376262890305, 0.0, -26.88125869446881], [79.8587392642676, 0.0, -26.83673346108455], [79.87366577033895, 0.0, -26.79227530740444]], "acceleration_vector": [[0.03530363754634891, 0.0, 0.09868731099078332], [0.03482999365809292, 0.0, 0.0974163077847976], [0.03434414631266236, 0.0, 0.09633055464495044], [0.03417048766419839, 0.0, 0.09593448501331636], [0.03385582052379732, 0.0, 0.09532089108289199], [0.03378777476430628, 0.0, 0.09521739658146089], [0.03352852056426059, 0.0, 0.09475519188443116], [0.03349736860756991, 0.0, 0.09475351076558525], [0.03325579092194175, 0.0, 0.09433772571341592], [0.033238644495583, 0.0, 0.09437411224338632], [0.03300247411151247, 0.0, 0.09397048402253816], [0.03299151354624996, 0.0, 0.09402310465650743], [0.03275685572906184, 0.0, 0.09362071275748107], [0.03274930587289049, 0.0, 0.09368181415124965], [0.03251500325389145, 0.0, 0.09327739936693114], [0.03250981379668261, 0.0, 0.09334405846232308], [0.03227558710280043, 0.0, 0.09293683071265502], [0.032272287365615604, 0.0, 0.09300775009055232], [0.03203814619057965, 0.0, 0.09259773766585289], [0.03203651598356849, 0.0, 0.0926723258494393], [0.03180250908621929, 0.0, 0.0922596689240649], [0.031802417552437845, 0.0, 0.09233758546347026], [0.031568609867015596, 0.0, 0.09192247220975958], [0.031569973899387094, 0.0, 0.0920035112510682], [0.0313364152975808, 0.0, 0.09158608791811673], [0.03133918432448013, 0.0, 0.09167013599998697], [0.031105902083922388, 0.0, 0.09125048438980699], [0.031110054735634662, 0.0, 0.09133751210838881], [0.03087704694837612, 0.0, 0.09091562931605068], [0.030882595885159958, 0.0, 0.09100570676790909], [0.030649817746649433, 0.0, 0.09058146355830132], [0.030656826774986712, 0.0, 0.09067481227608454], [0.030424151592455928, 0.0, 0.09024783596562713], [0.03043278525544224, 0.0, 0.09034497787041573], [0.030199785033005355, 0.0, 0.08991399751207041], [0.030272554963630682, 0.0, 0.09015351336682897]], "gravity_force_vector": [[0.0, 0.0, 469277.0940978406], [0.0, 0.0, 469264.02564955206], [0.0, 0.0, 469250.9237401785], [0.0, 0.0, 469237.8581777601], [0.0, 0.0, 469224.7934042603], [0.0, 0.0, 469211.7592800952], [0.0, 0.0, 469198.7297625971], [0.0, 0.0, 469185.7280559286], [0.0, 0.0, 469172.7330403203], [0.0, 0.0, 469159.76401007886], [0.0, 0.0, 469146.8030597887], [0.0, 0.0, 469133.86676071986], [0.0, 0.0, 469120.93956345954], [0.0, 0.0, 469108.0359650264], [0.0, 0.0, 469095.1422685157], [0.0, 0.0, 469082.27129698504], [0.0, 0.0, 469069.4108822838], [0.0, 0.0, 469056.5724392827], [0.0, 0.0, 469043.74510801805], [0.0, 0.0, 469030.93907986814], [0.0, 0.0, 469018.14464750513], [0.0, 0.0, 469005.37091031903], [0.0, 0.0, 468992.6092024079], [0.0, 0.0, 468979.8676249641], [0.0, 0.0, 468967.13847506925], [0.0, 0.0, 468954.4289203534], [0.0, 0.0, 468941.7321691181], [0.0, 0.0, 468929.0544948667], [0.0, 0.0, 468916.3899901699], [0.0, 0.0, 468903.7440483306], [0.0, 0.0, 468891.11164718843], [0.0, 0.0, 468878.49728151277], [0.0, 0.0, 468865.8968569273], [0.0, 0.0, 468853.31389575824], [0.0, 0.0, 468840.74537469936], [0.0, 0.0, 468828.19363900844]], "total_force_vector": [[1689.388726821402, 0.0, 4722.494395024667], [1666.6842933921434, 0.0, 4661.563562381954], [1643.3968630372838, 0.0, 4609.499686755822], [1635.0487974903663, 0.0, 4590.439719756891], [1619.954038787051, 0.0, 4560.972401970474], [1616.6603124095418, 0.0, 4555.913685714826], [1604.2180892741308, 0.0, 4533.692244175065], [1602.6901670657098, 0.0, 4533.505928233033], [1591.0946535953844, 0.0, 4513.507210494019], [1590.2372669553733, 0.0, 4515.142884652945], [1578.901358605799, 0.0, 4495.727382806363], [1578.340328393504, 0.0, 4498.140285378206], [1567.077652835549, 0.0, 4478.785473921511], [1566.6801984394551, 0.0, 4481.604600878956], [1555.435339603282, 0.0, 4462.1545497878105], [1555.151305490639, 0.0, 4465.240007837943], [1543.9109164336114, 0.0, 4445.656959210406], [1543.7174262638728, 0.0, 4448.9466516841785], [1532.482138369407, 0.0, 4429.231901777035], [1532.3688590204983, 0.0, 4432.697567866882], [1521.1408536420204, 0.0, 4412.857836236537], [1521.1015138151706, 0.0, 4416.483151986089], [1509.8838918191323, 0.0, 4396.527451117232], [1509.9145071648236, 0.0, 4400.302549712069], [1498.7096480369219, 0.0, 4380.237880737463], [1498.8077905541868, 0.0, 4384.157317985373], [1487.6169927562296, 0.0, 4363.987597572734], [1487.7816314186493, 0.0, 4368.049951101129], [1476.6047971397638, 0.0, 4347.775043360831], [1476.8365292096278, 0.0, 4351.983651205141], [1465.6715064804594, 0.0, 4331.597375489888], [1465.9733818239765, 0.0, 4335.962834653619], [1454.8141340265574, 0.0, 4315.447388521628], [1455.19395810258, 0.0, 4319.99455326359], [1444.019983562699, 0.0, 4299.289187092392], [1447.4667788007355, 0.0, 4310.644276461913]], "time": [[0.0], [0.49409486554691423], [0.9881897310938285], [1.4822845966407427], [1.976379462187657], [2.4704743277345713], [2.9645691932814855], [3.4586640588283997], [3.952758924375314], [4.446853789922228], [4.940948655469143], [5.435043521016056], [5.929138386562971], [6.423233252109886], [6.917328117656799], [7.411422983203714], [7.905517848750628], [8.399612714297543], [8.893707579844456], [9.38780244539137], [9.881897310938285], [10.3759921764852], [10.870087042032113], [11.364181907579027], [11.858276773125942], [12.352371638672857], [12.846466504219771], [13.340561369766684], [13.834656235313599], [14.328751100860513], [14.822845966407428], [15.31694083195434], [15.811035697501255], [16.30513056304817], [16.799225428595086], [17.293320294142]]}, "body": {"inertial_rotations": [[0.0, 0.4434455519670412, 0.0], [0.0, 0.4430369063952471, 0.0], [0.0, 0.4426350360263611, 0.0], [0.0, 0.4422263186870173, 0.0], [0.0, 0.44182541955303917, 0.0], [0.0, 0.44141801176165085, 0.0], [0.0, 0.44101902838202767, 0.0], [0.0, 0.4406135775876687, 0.0], [0.0, 0.44021681233739723, 0.0], [0.0, 0.43981353086141217, 0.0], [0.0, 0.43941907328012775, 0.0], [0.0, 0.4390180310116864, 0.0], [0.0, 0.43862590096328524, 0.0], [0.0, 0.43822711907383305, 0.0], [0.0, 0.4378373142498486, 0.0], [0.0, 0.43744079630629834, 0.0], [0.0, 0.4370533075967932, 0.0], [0.0, 0.4366590517773969, 0.0], [0.0, 0.43627386773260457, 0.0], [0.0, 0.4358818680276813, 0.0], [0.0, 0.43549897800528287, 0.0], [0.0, 0.43510922744973873, 0.0], [0.0, 0.43472862061781237, 0.0], [0.0, 0.4343411113917519, 0.0], [0.0, 0.43396277725146354, 0.0], [0.0, 0.433577500879977, 0.0], [0.0, 0.43320142930744954, 0.0], [0.0, 0.43281837671336704, 0.0], [0.0, 0.4324445580375541, 0.0], [0.0, 0.43206371947385047, 0.0], [0.0, 0.43169214469732153, 0.0], [0.0, 0.4313135094833434, 0.0], [0.0, 0.4309441708868645, 0.0], [0.0, 0.43056772670189347, 0.0], [0.0, 0.43020062169067963, 0.0], [0.0, 0.42982426370063387, 0.0]], "transform_to_inertial": [[[0.9032786990391927, 0.0, 0.4290542994331413], [0.0, 1.0, 0.0], [-0.4290542994331413, 0.0, 0.9032786990391927]], [[0.903453954754038, 0.0, 0.4286851427788099], [0.0, 1.0, 0.0], [-0.4286851427788099, 0.0, 0.903453954754038]], [[0.9036261576520529, 0.0, 0.4283220367982335], [0.0, 1.0, 0.0], [-0.4283220367982335, 0.0, 0.9036261576520529]], [[0.9038011448151293, 0.0, 0.42795267335403075], [0.0, 1.0, 0.0], [-0.42795267335403075, 0.0, 0.9038011448151293]], [[0.9039726380371536, 0.0, 0.42759030587719055], [0.0, 1.0, 0.0], [-0.42759030587719055, 0.0, 0.9039726380371536]], [[0.9041467666332818, 0.0, 0.42722198490548446], [0.0, 1.0, 0.0], [-0.42722198490548446, 0.0, 0.9041467666332818]], [[0.9043171491356082, 0.0, 0.42686121137817856], [0.0, 1.0, 0.0], [-0.42686121137817856, 0.0, 0.9043171491356082]], [[0.9044901460175969, 0.0, 0.4264945201958241], [0.0, 1.0, 0.0], [-0.4264945201958241, 0.0, 0.9044901460175969]], [[0.9046592930245789, 0.0, 0.4261356163761358], [0.0, 1.0, 0.0], [-0.4261356163761358, 0.0, 0.9046592930245789]], [[0.9048310720552023, 0.0, 0.42577074939858567], [0.0, 1.0, 0.0], [-0.42577074939858567, 0.0, 0.9048310720552023]], [[0.9049989501564352, 0.0, 0.42541379880740854], [0.0, 1.0, 0.0], [-0.42541379880740854, 0.0, 0.9049989501564352]], [[0.9051694862890545, 0.0, 0.42505082177453707], [0.0, 1.0, 0.0], [-0.42505082177453707, 0.0, 0.9051694862890545]], [[0.905336091891965, 0.0, 0.4246958449499871], [0.0, 1.0, 0.0], [-0.4246958449499871, 0.0, 0.905336091891965]], [[0.9055053809125295, 0.0, 0.4243347795531905], [0.0, 1.0, 0.0], [-0.4243347795531905, 0.0, 0.9055053809125295]], [[0.9056707198576202, 0.0, 0.4239817769581379], [0.0, 1.0, 0.0], [-0.4239817769581379, 0.0, 0.9056707198576202]], [[0.9058387650378085, 0.0, 0.423622628945596], [0.0, 1.0, 0.0], [-0.423622628945596, 0.0, 0.9058387650378085]], [[0.9060028460147959, 0.0, 0.4232715948573565], [0.0, 1.0, 0.0], [-0.4232715948573565, 0.0, 0.9060028460147959]], [[0.9061696528864541, 0.0, 0.4229143650760084], [0.0, 1.0, 0.0], [-0.4229143650760084, 0.0, 0.9061696528864541]], [[0.9063324855254451, 0.0, 0.4225652916192584], [0.0, 1.0, 0.0], [-0.4225652916192584, 0.0, 0.9063324855254451]], [[0.9064980613555965, 0.0, 0.4222099770949818], [0.0, 1.0, 0.0], [-0.4222099770949818, 0.0, 0.9064980613555965]], [[0.9066596548907645, 0.0, 0.4218628570914483], [0.0, 1.0, 0.0], [-0.4218628570914483, 0.0, 0.9066596548907645]], [[0.9068240073062254, 0.0, 0.4215094539545689], [0.0, 1.0, 0.0], [-0.4215094539545689, 0.0, 0.9068240073062254]], [[0.9069843709982791, 0.0, 0.42116428002010803], [0.0, 1.0, 0.0], [-0.42116428002010803, 0.0, 0.9069843709982791]], [[0.9071475079404617, 0.0, 0.42081278359552], [0.0, 1.0, 0.0], [-0.42081278359552, 0.0, 0.9071475079404617]], [[0.9073066508563082, 0.0, 0.4204695486142953], [0.0, 1.0, 0.0], [-0.4204695486142953, 0.0, 0.9073066508563082]], [[0.907468580494973, 0.0, 0.42011995360187154], [0.0, 1.0, 0.0], [-0.42011995360187154, 0.0, 0.907468580494973]], [[0.9076265114912883, 0.0, 0.41977865076508397], [0.0, 1.0, 0.0], [-0.41977865076508397, 0.0, 0.9076265114912883]], [[0.9077872422007761, 0.0, 0.4194309512869901], [0.0, 1.0, 0.0], [-0.4194309512869901, 0.0, 0.9077872422007761]], [[0.907943969892653, 0.0, 0.41909157416436954], [0.0, 1.0, 0.0], [-0.41909157416436954, 0.0, 0.907943969892653]], [[0.9081035102787667, 0.0, 0.4187457637032069], [0.0, 1.0, 0.0], [-0.4187457637032069, 0.0, 0.9081035102787667]], [[0.9082590429488239, 0.0, 0.4184083064444186], [0.0, 1.0, 0.0], [-0.4184083064444186, 0.0, 0.9082590429488239]], [[0.9084174019575714, 0.0, 0.4180643776030866], [0.0, 1.0, 0.0], [-0.4180643776030866, 0.0, 0.9084174019575714]], [[0.9085717473054608, 0.0, 0.4177288354881692], [0.0, 1.0, 0.0], [-0.4177288354881692, 0.0, 0.9085717473054608]], [[0.9087289345158086, 0.0, 0.4173867793471221], [0.0, 1.0, 0.0], [-0.4173867793471221, 0.0, 0.9087289345158086]], [[0.9088820980577581, 0.0, 0.4170531522841276], [0.0, 1.0, 0.0], [-0.4170531522841276, 0.0, 0.9088820980577581]], [[0.9090389949707339, 0.0, 0.4167110577157726], [0.0, 1.0, 0.0], [-0.4167110577157726, 0.0, 0.9090389949707339]]], "thrust_force_vector": [[189740.95619809872, 0.0, 0.0], [189497.904450158, 0.0, 0.0], [189254.15255710474, 0.0, 0.0], [189011.40022030595, 0.0, 0.0], [188768.780941815, 0.0, 0.0], [188527.02041488932, 0.0, 0.0], [188285.4856587623, 0.0, 0.0], [188044.74027083302, 0.0, 0.0], [187804.27181653562, 0.0, 0.0], [187564.54857842455, 0.0, 0.0], [187325.13667559493, 0.0, 0.0], [187086.43797106174, 0.0, 0.0], [186848.07608055908, 0.0, 0.0], [186610.40226929734, 0.0, 0.0], [186373.08531607446, 0.0, 0.0], [186136.43566331468, 0.0, 0.0], [185900.1593277148, 0.0, 0.0], [185664.53242661915, 0.0, 0.0], [185429.2928148612, 0.0, 0.0], [185194.6868060289, 0.0, 0.0], [184960.48028196915, 0.0, 0.0], [184726.8929772195, 0.0, 0.0], [184493.71607100894, 0.0, 0.0], [184261.14502515327, 0.0, 0.0], [184028.99438435727, 0.0, 0.0], [183797.43693536273, 0.0, 0.0], [183566.3093041941, 0.0, 0.0], [183335.7625893241, 0.0, 0.0], [183105.65481430723, 0.0, 0.0], [182876.1157601797, 0.0, 0.0], [182647.02483775796, 0.0, 0.0], [182418.49010555336, 0.0, 0.0], [182190.41334824162, 0.0, 0.0], [181962.87916396387, 0.0, 0.0], [181735.8151126077, 0.0, 0.0], [181509.27746124376, 0.0, 0.0]]}, "wind": {"body_rotations": [[0.0, 0.09960789862508182, 0.0], [0.0, 0.09981033523687764, 0.0], [0.0, 0.10001101869148157, 0.0], [0.0, 0.100201281263547, 0.0], [0.0, 0.10039501475378601, 0.0], [0.0, 0.10058102300495571, 0.0], [0.0, 0.10077249856413377, 0.0], [0.0, 0.10095700488464658, 0.0], [0.0, 0.10114776137124767, 0.0], [0.0, 0.10133168585127668, 0.0], [0.0, 0.10152222756428514, 0.0], [0.0, 0.10170588373956416, 0.0], [0.0, 0.10189637227578036, 0.0], [0.0, 0.10207986980378261, 0.0], [0.0, 0.10227035365539036, 0.0], [0.0, 0.102453732394771, 0.0], [0.0, 0.10264422324703676, 0.0], [0.0, 0.1028274997437633, 0.0], [0.0, 0.10301799690508735, 0.0], [0.0, 0.10320117764244251, 0.0], [0.0, 0.10339167851089376, 0.0], [0.0, 0.10357476653595386, 0.0], [0.0, 0.10376526762547696, 0.0], [0.0, 0.1039482641707975, 0.0], [0.0, 0.10413876248634994, 0.0], [0.0, 0.1043216675593095, 0.0], [0.0, 0.10451216095456045, 0.0], [0.0, 0.10469497344063677, 0.0], [0.0, 0.10488546092616109, 0.0], [0.0, 0.10506817835613079, 0.0], [0.0, 0.10525866070006747, 0.0], [0.0, 0.10544127849591838, 0.0], [0.0, 0.10563175986748319, 0.0], [0.0, 0.1058142692510193, 0.0], [0.0, 0.10600476642765833, 0.0], [0.0, 0.10618506633708466, 0.0]], "velocity_vector": [[0.0, 0.0, 0.0], [0.0, 0.0, 0.0], [0.0, 0.0, 0.0], [0.0, 0.0, 0.0], [0.0, 0.0, 0.0], [0.0, 0.0, 0.0], [0.0, 0.0, 0.0], [0.0, 0.0, 0.0], [0.0, 0.0, 0.0], [0.0, 0.0, 0.0], [0.0, 0.0, 0.0], [0.0, 0.0, 0.0], [0.0, 0.0, 0.0], [0.0, 0.0, 0.0], [0.0, 0.0, 0.0], [0.0, 0.0, 0.0], [0.0, 0.0, 0.0], [0.0, 0.0, 0.0], [0.0, 0.0, 0.0], [0.0, 0.0, 0.0], [0.0, 0.0, 0.0], [0.0, 0.0, 0.0], [0.0, 0.0, 0.0], [0.0, 0.0, 0.0], [0.0, 0.0, 0.0], [0.0, 0.0, 0.0], [0.0, 0.0, 0.0], [0.0, 0.0, 0.0], [0.0, 0.0, 0.0], [0.0, 0.0, 0.0], [0.0, 0.0, 0.0], [0.0, 0.0, 0.0], [0.0, 0.0, 0.0], [0.0, 0.0, 0.0], [0.0, 0.0, 0.0], [0.0, 0.0, 0.0]], "lift_force_vector": [[0.0, 0.0, -417925.2942567842], [0.0, 0.0, -418060.59215132374], [0.0, 0.0, -418186.6874386977], [0.0, 0.0, -418277.940223576], [0.0, 0.0, -418379.83985814155], [0.0, 0.0, -418455.92031730025], [0.0, 0.0, -418549.6563129369], [0.0, 0.0, -418620.081862201], [0.0, 0.0, -418710.9008513245], [0.0, 0.0, -418778.8529023493], [0.0, 0.0, -418868.4699083913], [0.0, 0.0, -418935.03989738965], [0.0, 0.0, -419024.00452771236], [0.0, 0.0, -419089.5822284281], [0.0, 0.0, -419178.06164749846], [0.0, 0.0, -419242.7963524773], [0.0, 0.0, -419330.8344110098], [0.0, 0.0, -419394.7945529142], [0.0, 0.0, -419482.39431443077], [0.0, 0.0, -419545.6132128765], [0.0, 0.0, -419632.77200157323], [0.0, 0.0, -419695.2706194954], [0.0, 0.0, -419781.98331181885], [0.0, 0.0, -419843.775942722], [0.0, 0.0, -419930.03945222584], [0.0, 0.0, -419991.1358294356], [0.0, 0.0, -420076.9502228143], [0.0, 0.0, -420137.3559372978], [0.0, 0.0, -420222.72543115594], [0.0, 0.0, -420282.44117523095], [0.0, 0.0, -420367.3761795034], [0.0, 0.0, -420426.39518196025], [0.0, 0.0, -420510.9180172795], [0.0, 0.0, -420569.21885753865], [0.0, 0.0, -420653.39589707856], [0.0, 0.0, -420704.12807393045]], "drag_force_vector": [[-30607.38910647254, 0.0, 0.0], [-30633.94304626452, 0.0, 0.0], [-30659.77055844421, 0.0, 0.0], [-30682.323271925674, 0.0, 0.0], [-30705.982946921766, 0.0, 0.0], [-30727.220232992782, 0.0, 0.0], [-30750.230055895037, 0.0, 0.0], [-30771.051153368673, 0.0, 0.0], [-30793.909107062653, 0.0, 0.0], [-30814.614814071014, 0.0, 0.0], [-30837.483750435906, 0.0, 0.0], [-30858.176766877503, 0.0, 0.0], [-30881.108528382607, 0.0, 0.0], [-30901.824865689137, 0.0, 0.0], [-30924.834708910934, 0.0, 0.0], [-30945.5874798177, 0.0, 0.0], [-30968.67880050353, 0.0, 0.0], [-30989.473426069086, 0.0, 0.0], [-31012.64566283331, 0.0, 0.0], [-31033.484222076782, 0.0, 0.0], [-31056.736242373052, 0.0, 0.0], [-31077.619652209334, 0.0, 0.0], [-31100.95007136031, 0.0, 0.0], [-31121.878625880337, 0.0, 0.0], [-31145.286248366392, 0.0, 0.0], [-31166.25981645582, 0.0, 0.0], [-31189.743749809713, 0.0, 0.0], [-31210.761810110387, 0.0, 0.0], [-31234.32156734127, 0.0, 0.0], [-31255.38312878283, 0.0, 0.0], [-31279.018834109058, 0.0, 0.0], [-31300.122177652804, 0.0, 0.0], [-31323.83513518936, 0.0, 0.0], [-31344.977096433377, 0.0, 0.0], [-31368.77297096241, 0.0, 0.0], [-31389.263364916726, 0.0, 0.0]], "transform_to_inertial": [[[0.9414679185757483, 0.0, 0.33710259312655605], [0.0, 1.0, 0.0], [-0.33710259312655605, 0.0, 0.9414679185757483]], [[0.941673740169484, 0.0, 0.3365272159502336], [0.0, 1.0, 0.0], [-0.3365272159502336, 0.0, 0.941673740169484]], [[0.941876344970633, 0.0, 0.3359597457802962], [0.0, 1.0, 0.0], [-0.3359597457802962, 0.0, 0.941876344970633]], [[0.9420774091356159, 0.0, 0.3353955205370601], [0.0, 1.0, 0.0], [-0.3353955205370601, 0.0, 0.9420774091356159]], [[0.9422766796887816, 0.0, 0.33483527131215607], [0.0, 1.0, 0.0], [-0.33483527131215607, 0.0, 0.9422766796887816]], [[0.9424752103908561, 0.0, 0.3342760502918382], [0.0, 1.0, 0.0], [-0.3342760502918382, 0.0, 0.9424752103908561]], [[0.9426724223682067, 0.0, 0.33371949914030724], [0.0, 1.0, 0.0], [-0.33371949914030724, 0.0, 0.9426724223682067]], [[0.9428691385013958, 0.0, 0.3331633047945646], [0.0, 1.0, 0.0], [-0.3331633047945646, 0.0, 0.9428691385013958]], [[0.9430647164430054, 0.0, 0.3326092912115864], [0.0, 1.0, 0.0], [-0.3326092912115864, 0.0, 0.9430647164430054]], [[0.9432598639991449, 0.0, 0.33205546068136677], [0.0, 1.0, 0.0], [-0.33205546068136677, 0.0, 0.9432598639991449]], [[0.9434539547950704, 0.0, 0.33150359753936476], [0.0, 1.0, 0.0], [-0.33150359753936476, 0.0, 0.9434539547950704]], [[0.9436476231512272, 0.0, 0.3309519048457637], [0.0, 1.0, 0.0], [-0.3309519048457637, 0.0, 0.9436476231512272]], [[0.943840281712743, 0.0, 0.3304020620644031], [0.0, 1.0, 0.0], [-0.3304020620644031, 0.0, 0.943840281712743]], [[0.944032508017898, 0.0, 0.3298524273147575], [0.0, 1.0, 0.0], [-0.3298524273147575, 0.0, 0.944032508017898]], [[0.9442237586909792, 0.0, 0.32930456043529], [0.0, 1.0, 0.0], [-0.32930456043529, 0.0, 0.9442237586909792]], [[0.9444145625406917, 0.0, 0.32875695287107504], [0.0, 1.0, 0.0], [-0.32875695287107504, 0.0, 0.9444145625406917]], [[0.9446044195839252, 0.0, 0.3282110456741452], [0.0, 1.0, 0.0], [-0.3282110456741452, 0.0, 0.9446044195839252]], [[0.9447938145254094, 0.0, 0.32766545138986847], [0.0, 1.0, 0.0], [-0.32766545138986847, 0.0, 0.9447938145254094]], [[0.9449822888007372, 0.0, 0.32712149708161953], [0.0, 1.0, 0.0], [-0.32712149708161953, 0.0, 0.9449822888007372]], [[0.9451702863622911, 0.0, 0.3265779076695551], [0.0, 1.0, 0.0], [-0.3265779076695551, 0.0, 0.9451702863622911]], [[0.9453573877742655, 0.0, 0.32603590198108057], [0.0, 1.0, 0.0], [-0.32603590198108057, 0.0, 0.9453573877742655]], [[0.9455439986006763, 0.0, 0.3254943113331538], [0.0, 1.0, 0.0], [-0.3254943113331538, 0.0, 0.9455439986006763]], [[0.9457297367688361, 0.0, 0.32495425061252536], [0.0, 1.0, 0.0], [-0.32495425061252536, 0.0, 0.9457297367688361]], [[0.9459149711276321, 0.0, 0.32441465348626125], [0.0, 1.0, 0.0], [-0.32441465348626125, 0.0, 0.9459149711276321]], [[0.9460993556667125, 0.0, 0.323876533893753], [0.0, 1.0, 0.0], [-0.323876533893753, 0.0, 0.9460993556667125]], [[0.9462832235789651, 0.0, 0.3233389255456298], [0.0, 1.0, 0.0], [-0.3233389255456298, 0.0, 0.9462832235789651]], [[0.9464662642006019, 0.0, 0.3228027427550089], [0.0, 1.0, 0.0], [-0.3228027427550089, 0.0, 0.9464662642006019]], [[0.946648775459957, 0.0, 0.3222671188938828], [0.0, 1.0, 0.0], [-0.3222671188938828, 0.0, 0.946648775459957]], [[0.9468304820449961, 0.0, 0.32173286787401834], [0.0, 1.0, 0.0], [-0.32173286787401834, 0.0, 0.9468304820449961]], [[0.9470116461669716, 0.0, 0.3211992248186823], [0.0, 1.0, 0.0], [-0.3211992248186823, 0.0, 0.9470116461669716]], [[0.9471920288844923, 0.0, 0.320666899473081], [0.0, 1.0, 0.0], [-0.320666899473081, 0.0, 0.9471920288844923]], [[0.9473718549524446, 0.0, 0.3201352346180662], [0.0, 1.0, 0.0], [-0.3201352346180662, 0.0, 0.9473718549524446]], [[0.9475509245874907, 0.0, 0.3196048267992701], [0.0, 1.0, 0.0], [-0.3196048267992701, 0.0, 0.9475509245874907]], [[0.9477294208154065, 0.0, 0.3190751399292872], [0.0, 1.0, 0.0], [-0.3190751399292872, 0.0, 0.9477294208154065]], [[0.947907190468194, 0.0, 0.31854663435468067], [0.0, 1.0, 0.0], [-0.31854663435468067, 0.0, 0.947907190468194]], [[0.9480843650963433, 0.0, 0.3180189250026853], [0.0, 1.0, 0.0], [-0.3180189250026853, 0.0, 0.9480843650963433]]]}, "planet": {"start_time": null, "latitude": [[0.0], [0.0003526526624661719], [0.0007051625751051723], [0.001057830749664472], [0.0014105035045647411], [0.0017633091879252821], [0.0021161355460751516], [0.0024690821925168085], [0.0028220582595705718], [0.0031751464654097136], [0.0035282698781415574], [0.0038814994446060014], [0.004234768432536929], [0.004588138823853322], [0.004941551897246297], [0.005295062404028874], [0.005648618227154608], [0.006002268040491212], [0.006355965372496819], [0.006709753622264411], [0.007063591286765087], [0.007417517063049616], [0.007771493931401949], [0.008125556296728668], [0.008479671278856803], [0.00883386927483953], [0.009188121315059082], [0.009542453964812389], [0.009896842042342755], [0.010251308348298167], [0.010605831485196967], [0.010960430419016114], [0.011315087709046554], [0.011669818181273451], [0.01202460895043696], [0.012379469844360202]], "longitude": [[0.0], [0.0], [0.0], [0.0], [0.0], [0.0], [0.0], [0.0], [0.0], [0.0], [0.0], [0.0], [0.0], [0.0], [0.0], [0.0], [0.0], [0.0], [0.0], [0.0], [0.0], [0.0], [0.0], [0.0], [0.0], [0.0], [0.0], [0.0], [0.0], [0.0], [0.0], [0.0], [0.0], [0.0], [0.0], [0.0]]}}, "weights": {"total_mass": [[47853.10637912662], [47851.98353033485], [47850.857964434406], [47849.73533292425], [47848.61275850897], [47847.49265917402], [47846.37292670169], [47845.25543993905], [47844.138488832046], [47843.02363558592], [47841.909430270134], [47840.797214580234], [47839.68572931506], [47838.57614819933], [47837.46736203235], [47836.360408979766], [47835.254303640795], [47834.1499701419], [47833.04652902692], [47831.94480533899], [47830.84401297107], [47829.74488853345], [47828.64673026105], [47827.55019392873], [47826.45465575839], [47825.360695926975], [47824.267764447766], [47823.17636909733], [47822.08603149327], [47820.997188144574], [47819.90943234839], [47818.823127867756], [47817.7379431149], [47816.654163130115], [47815.57154303243], [47814.49027258476]], "weight_breakdown": {}, "vehicle_mass_rate": [[2.2804722797386825], [2.2777053488996226], [2.274931294286979], [2.272169450337967], [2.269409945261001], [2.266661020393068], [2.2639154655801264], [2.2611796749425794], [2.2584478127922867], [2.255725187008464], [2.2530068577372493], [2.2502973760152147], [2.2475924577100175], [2.244896077458164], [2.242204466137275], [2.239521133521553], [2.2368427350260025], [2.2341723897500665], [2.2315071159556243], [2.2288496937302815], [2.2261974605975587], [2.223552894520597], [2.220913621021947], [2.218281842366461], [2.215655449897247], [2.213036388541142], [2.210422800651503], [2.207816385235047], [2.205215527662077], [2.202621685451011], [2.2000334866257583], [2.197452142868738], [2.1948765357616504], [2.192307611751821], [2.1897445441363237], [2.187187959382142]]}, "energies": {"total_energy": [[0.0], [0.0], [0.0], [0.0], [0.0], [0.0], [0.0], [0.0], [0.0], [0.0], [0.0], [0.0], [0.0], [0.0], [0.0], [0.0], [0.0], [0.0], [0.0], [0.0], [0.0], [0.0], [0.0], [0.0], [0.0], [0.0], [0.0], [0.0], [0.0], [0.0], [0.0], [0.0], [0.0], [0.0], [0.0], [0.0]], "total_efficiency": [[0.0], [0.0], [0.0], [0.0], [0.0], [0.0], [0.0], [0.0], [0.0], [0.0], [0.0], [0.0], [0.0], [0.0], [0.0], [0.0], [0.0], [0.0], [0.0], [0.0], [0.0], [0.0], [0.0], [0.0], [0.0], [0.0], [0.0], [0.0], [0.0], [0.0], [0.0], [0.0], [0.0], [0.0], [0.0], [0.0]], "gravity_energy": [[0.0], [0.0], [0.0], [0.0], [0.0], [0.0], [0.0], [0.0], [0.0], [0.0], [0.0], [0.0], [0.0], [0.0], [0.0], [0.0], [0.0], [0.0], [0.0], [0.0], [0.0], [0.0], [0.0], [0.0], [0.0], [0.0], [0.0], [0.0], [0.0], [0.0], [0.0], [0.0], [0.0], [0.0], [0.0], [0.0]], "propulsion_power": [[0.0], [0.0], [0.0], [0.0], [0.0], [0.0], [0.0], [0.0], [0.0], [0.0], [0.0], [0.0], [0.0], [0.0], [0.0], [0.0], [0.0], [0.0], [0.0], [0.0], [0.0], [0.0], [0.0], [0.0], [0.0], [0.0], [0.0], [0.0], [0.0], [0.0], [0.0], [0.0], [0.0], [0.0], [0.0], [0.0]]}, "noise": {"total": {}, "sources": {"turbofan": {"fan": {"exit_static_temperature": [[291.400143305944], [291.30834376497273], [291.21623552227743], [291.1244605882581], [291.0326913380622], [290.94120219046437], [290.84975356685027], [290.7585587986859], [290.6674237384576], [290.5765258163178], [290.48570048357874], [290.3951001595379], [290.30458196040576], [290.21427925312014], [290.124066175463], [290.0340607197358], [289.9441510647498], [289.85444226975915], [289.76483452666474], [289.6754216576876], [289.5861144393205], [289.49699666338233], [289.40798867084357], [289.31916508276436], [289.230455086149], [289.1419247226669], [289.05351155248377], [288.96527339728596], [288.8771559459838], [288.78920892479516], [288.7013861644153], [288.61372912288596], [288.5262001683424], [288.43883180571186], [288.3515962651742], [288.26451520766847]], "exit_static_pressure": [[101196.9095791597], [101029.44060500881], [100861.63413937311], [100694.65950094635], [100527.91913746351], [100361.91038112178], [100196.19711454559], [100031.16461705956], [99866.46018265952], [99702.40317569528], [99538.69527028251], [99375.60990232074], [99212.88855093111], [99050.76968136769], [98889.0260284948], [98727.86786723083], [98567.09368497271], [98406.89008191352], [98247.07753992957], [98087.82213442588], [97928.96368126401], [97770.64998550795], [97612.73828304793], [97455.35972964235], [97298.38761684913], [97141.93758468363], [96985.8980606967], [96830.3698844547], [96675.25610968578], [96520.64307174765], [96366.44839726303], [96212.74368953705], [96059.46176592476], [95906.6583747818], [95754.28376078168], [95602.37459643563]], "exit_stagnation_temperature": [[340.40111017320453], [340.2953906471312], [340.1893151382407], [340.08362301160946], [339.9779369625975], [339.87257302796917], [339.76725529848267], [339.66222946193244], [339.5572719279945], [339.45258704015737], [339.3479852943292], [339.2436422312731], [339.1393932963552], [339.0353920894389], [338.9314936580962], [338.8278338965361], [338.72428402217844], [338.6209650352671], [338.5177619877471], [338.41478293896876], [338.3119251304085], [338.2092850700097], [338.1067710140922], [338.0044689090767], [337.902297198855], [337.80033194924886], [337.6985012472658], [337.5968716919099], [337.49538073196], [337.39408564285156], [337.2929332503153], [337.191971307138], [337.09115647187133], [336.99052618558716], [336.89004846549835], [336.78974826288396]], "exit_stagnation_pressure": [[101196.9095791597], [101029.44060500881], [100861.63413937311], [100694.65950094635], [100527.91913746351], [100361.91038112178], [100196.19711454559], [100031.16461705956], [99866.46018265952], [99702.40317569528], [99538.69527028251], [99375.60990232074], [99212.88855093111], [99050.76968136769], [98889.0260284948], [98727.86786723083], [98567.09368497271], [98406.89008191352], [98247.07753992957], [98087.82213442588], [97928.96368126401], [97770.64998550795], [97612.73828304793], [97455.35972964235], [97298.38761684913], [97141.93758468363], [96985.8980606967], [96830.3698844547], [96675.25610968578], [96520.64307174765], [96366.44839726303], [96212.74368953705], [96059.46176592476], [95906.6583747818], [95754.28376078168], [95602.37459643563]], "exit_velocity": [[313.7974468150243], [313.7526739341043], [313.7077444093739], [313.6629714069995], [313.61819512378634], [313.57354948026625], [313.52891759371323], [313.48440360768717], [313.4399127830235], [313.3955317650024], [313.35118024021523], [313.3069326640078], [313.2627192818726], [313.21860526296354], [313.17452914911934], [313.1305486151015], [313.08660904718505], [313.04276181489587], [312.9989581614547], [312.95524397681874], [312.91157566591863], [312.8679942261962], [312.8244607282005], [312.78101169467885], [312.7376125128694], [312.6942955177395], [312.6510301841537], [312.6078448329445], [312.5647129091591], [312.5216587783083], [312.4786598641157], [312.43573649011427], [312.39287025455894], [312.3500771014239], [312.307343454527], [312.26467994971335]]}, "core": {"exit_static_temperature": [[701.5989266233229], [701.5801575338426], [701.5613309236245], [701.5425780125278], [701.5238318215629], [701.505148379158], [701.4864787281468], [701.4678663919236], [701.449271715212], [701.4307308705692], [701.4122102639076], [701.3937409465326], [701.3752937608879], [701.3568958574609], [701.3385215639203], [701.3201948836361], [701.3018930184759], [701.2836373254202], [701.265407464456], [701.2472224943272], [701.2290642397193], [701.2109497091698], [701.1928626821741], [701.1748182941415], [701.1568021311451], [701.1388275777455], [701.1208819284873], [701.1029768920574], [701.0851014199004], [701.0672655720192], [701.0494599574942], [701.0316929545197], [701.0139569081018], [700.9962583777617], [700.9785917107489], [700.9609612670387]], "exit_static_pressure": [[101196.9095791597], [101029.44060500881], [100861.63413937311], [100694.65950094635], [100527.91913746351], [100361.91038112178], [100196.19711454559], [100031.16461705956], [99866.46018265952], [99702.40317569528], [99538.69527028251], [99375.60990232074], [99212.88855093111], [99050.76968136769], [98889.0260284948], [98727.86786723083], [98567.09368497271], [98406.89008191352], [98247.07753992957], [98087.82213442588], [97928.96368126401], [97770.64998550795], [97612.73828304793], [97455.35972964235], [97298.38761684913], [97141.93758468363], [96985.8980606967], [96830.3698844547], [96675.25610968578], [96520.64307174765], [96366.44839726303], [96212.74368953705], [96059.46176592476], [95906.6583747818], [95754.28376078168], [95602.37459643563]], "exit_stagnation_temperature": [[782.150386387624], [782.3568662132457], [782.5640462947198], [782.7704825444176], [782.9769118767282], [783.1827169717832], [783.3884367275151], [783.5935912083945], [783.7986171405047], [784.0031153281429], [784.2074559323491], [784.4112960050343], [784.6149569849106], [784.8181387716741], [785.0211245236408], [785.2236487180477], [785.4259629350652], [785.6278307393455], [785.8294766927198], [786.0306896339658], [786.2316703181904], [786.4322301456847], [786.6325483579293], [786.8324569845665], [787.0321153679952], [787.231374838519], [787.4303759015614], [787.6289883812611], [787.8273344941391], [788.0253022799208], [788.2229956348687], [788.4203212050572], [788.6173636738213], [788.814049837519], [789.0104421824592], [789.2064919143452]], "exit_stagnation_pressure": [[101196.9095791597], [101029.44060500881], [100861.63413937311], [100694.65950094635], [100527.91913746351], [100361.91038112178], [100196.19711454559], [100031.16461705956], [99866.46018265952], [99702.40317569528], [99538.69527028251], [99375.60990232074], [99212.88855093111], [99050.76968136769], [98889.0260284948], [98727.86786723083], [98567.09368497271], [98406.89008191352], [98247.07753992957], [98087.82213442588], [97928.96368126401], [97770.64998550795], [97612.73828304793], [97455.35972964235], [97298.38761684913], [97141.93758468363], [96985.8980606967], [96830.3698844547], [96675.25610968578], [96520.64307174765], [96366.44839726303], [96212.74368953705], [96059.46176592476], [95906.6583747818], [95754.28376078168], [95602.37459643563]], "exit_velocity": [[402.331270375082], [402.89314927894316], [403.4561327855149], [404.0163003930299], [404.575659387377], [405.13254392437324], [405.68841949328424], [406.241996152094], [406.7944594192194], [407.3447404288455], [407.8938421582477], [408.44084974497093], [408.9866325441833], [409.5303929224252], [410.07289530942984], [410.6134365461299], [411.15269461034273], [411.6900456637651], [412.22609384814007], [412.76028407634203], [413.29315558542055], [413.82421447602246], [414.35394150541833], [414.8818985252956], [415.40851239249616], [415.9333969099742], [416.4569281199324], [416.9787693816308], [417.499247631621], [418.01807479813044], [418.535528887325], [419.05137116960077], [419.565828641506], [420.0787156951992], [420.59020080184536], [421.10016230099035]]}}}, "microphone_theta_angles": [0.5235987855982989, 0.7853981733974483, 1.0471975611965976, 1.3089969489957471, 1.5707963367948965, 1.832595724594046, 2.094395112393195, 2.3561945001923448, 2.6179938879914944], "microphone_phi_angles": [4.71238897038469, 4.581489276485115, 4.450589582585541, 4.319689888685966, 4.188790194786391, 4.057890500886816, 3.9269908069872415, 3.796091113087667, 3.6651914191880923], "microphone_locations": [[[18.477517588424792, 1.0668000131133522e-07, 10.668000000000001], [18.477517588424792, 1.4044689527913572, 10.668000000000001], [18.477517588424792, 2.8584820991944953, 10.668000000000001], [18.477517588424792, 4.418830408379569, 10.668000000000001], [18.477517588424792, 6.159172813954935, 10.668000000000001], [18.477517588424792, 8.185844477251747, 10.668000000000001], [18.477517588424792, 10.668000213360004, 10.668000000000001], [18.477517588424792, 13.902808565334912, 10.668000000000001], [18.477517588424792, 18.47751844186478, 10.668000000000001], [10.667999786640001, 1.0668000131133522e-07, 10.668000000000001], [10.667999786640001, 1.4044689527913572, 10.668000000000001], [10.667999786640001, 2.8584820991944953, 10.668000000000001], [10.667999786640001, 4.418830408379569, 10.668000000000001], [10.667999786640001, 6.159172813954935, 10.668000000000001], [10.667999786640001, 8.185844477251747, 10.668000000000001], [10.667999786640001, 10.668000213360004, 10.668000000000001], [10.667999786640001, 13.902808565334912, 10.668000000000001], [10.667999786640001, 18.47751844186478, 10.668000000000001], [6.159172529474931, 1.0668000131133522e-07, 10.668000000000001], [6.159172529474931, 1.4044689527913572, 10.668000000000001], [6.159172529474931, 2.8584820991944953, 10.668000000000001], [6.159172529474931, 4.418830408379569, 10.668000000000001], [6.159172529474931, 6.159172813954935, 10.668000000000001], 