{"tag": "sideline_takeoff", "features": {}, "settings": {"tag": "settings", "verbose_process": false}, "state": {"tag": "state", "unknowns": {"tag": "unknowns"}, "conditions": {}, "residuals": {"tag": "residuals"}, "numerics": {"tag": "numerics", "number_control_points": 16, "discretization_method": null, "solver_jacobian": "none", "tolerance_solution": 1e-08, "converged": null, "max_evaluations": 0.0, "step_size": null, "dimensionless": {"control_points": [], "differentiate": [], "integrate": []}, "time": {"control_points": [], "differentiate": [], "integrate": []}}, "initials": {}, "segments": {}}, "analyses": {}, "process": {"initialize": null, "converge": null, "finalize": {"post_process": {}, "sub_segments": null}}, "conditions": {}, "segments": {"climb": {"tag": "climb", "features": {}, "settings": {"tag": "settings", "verbose_process": false}, "state": {"tag": "state", "unknowns": {"tag": "unknowns", "body_angle": [[0.4434455517790575], [0.4430369062072904], [0.4426350358383285], [0.4422263184992224], [0.4418254193653815], [0.4414180115742665], [0.4410190281948617], [0.44061357740086854], [0.4402168121507232], [0.4398135306752074], [0.4394190730939385], [0.4390180308261574], [0.4386259007775324], [0.43822711888908505], [0.43783731406427956], [0.43744079612328635], [0.43705330741204657], [0.43665905159341195], [0.43627386754875935], [0.4358818678442476], [0.435498977822014], [0.4351092272668382], [0.4347286204351294], [0.43434111120937025], [0.43396277706937036], [0.43357750069814777], [0.4332014291259117], [0.4328183765321032], [0.432444557856543], [0.43206371929317633], [0.4316921445168189], [0.43131350930343054], [0.43094417070680163], [0.4305677265223452], [0.43020062151116234], [0.4298242635217995]], "wind_angle": [[0.0996078986446572], [0.09981033525447912], [0.1000110187077934], [0.10020128127918292], [0.10039501476899527], [0.10058102301988556], [0.1007724985789566], [0.10095700489938138], [0.10114776138587497], [0.10133168586595377], [0.10152222757879202], [0.10170588375430252], [0.1018963722901389], [0.10207986981869062], [0.10227035366937452], [0.10245373241074995], [0.10264422326083991], [0.10282749975829546], [0.10301799691943322], [0.10320117765699036], [0.10339167852529887], [0.10357476655048312], [0.10376526763992108], [0.10394826418528345], [0.10413876250083087], [0.10432166757377313], [0.10451216096903677], [0.10469497345508968], [0.1048854609406061], [0.10506817837059977], [0.10525866071446242], [0.10544127851055209], [0.10563175988173563], [0.10581426926551354], [0.10600476644192489], [0.1061850663517476]]}, "conditions": {"tag": "aerodynamic_conditions", "frames": {"inertial": {"position_vector": [[1e-08, 0.0, -10.668000000000001], [39.21350308530875, 0.0, -24.63219856706943], [78.41095721865551, 0.0, -38.64341266085298], [117.62619591219202, 0.0, -52.60398167307823], [156.84194602716755, 0.0, -66.563742749549], [196.07263455674797, 0.0, -80.48095157465383], [235.305644171973, 0.0, -94.39205223852873], [274.55217221011907, 0.0, -108.26459263900229], [313.8020048368378, 0.0, -122.12810619321448], [353.06444045047425, 0.0, -135.95560186236392], [392.33083144914264, 0.0, -149.77211069892707], [431.60915320745494, 0.0, -163.5544461421209], [470.89190447374415, 0.0, -177.3243437332914], [510.18605301837596, 0.0, -191.06151502810056], [549.4849979666928, 0.0, -204.78510636231817], [588.7948944035187, 0.0, -218.47716798459015], [628.1098837399767, 0.0, -232.15471039727802], [667.4354379751481, 0.0, -245.80175115238148], [706.766333057463, 0.0, -259.43347338643986], [746.1074481069408, 0.0, -273.0356039778219], [785.4541175287067, 0.0, -286.62171598110683], [824.8106919266537, 0.0, -300.17906206641857], [864.1730096381912, 0.0, -313.7197603688255], [903.5449388119017, 0.0, -327.2324585979595], [942.9227830895463, 0.0, -340.7279292426259], [982.3099601068128, 0.0, -354.1961251093743], [1021.7032130838306, 0.0, -367.64654495773493], [1061.1055289239498, 0.0, -381.0703920347686], [1100.5140766484622, 0.0, -394.47592853392337], [1139.931419956518, 0.0, -407.85558921999836], [1179.355153283893, 0.0, -421.2163977169426], [1218.787409236434, 0.0, -434.5520466013066], [1258.226227075338, 0.0, -447.8682607152642], [1297.6732739678391, 0.0, -461.1600946700852], [1337.1271013306075, 0.0, -474.4317729858182], [1376.5888143850207, 0.0, -487.67999999999995]], "velocity_vector": [[79.31624721438354, 0.0, -28.40002518195005], [79.33358715345594, 0.0, -28.351551136994498], [79.35065608606095, 0.0, -28.30374323689854], [79.36759522404586, 0.0, -28.256208713495468], [79.38438325486497, 0.0, -28.209009159368176], [79.40110895513564, 0.0, -28.161896228828073], [79.41772355625145, 0.0, -28.11500822783849], [79.43429638377023, 0.0, -28.06815028682778], [79.45077332158633, 0.0, -28.02147606944555], [79.46721400052992, 0.0, -27.974817273801516], [79.48356565015399, 0.0, -27.92832422552888], [79.49988171030886, 0.0, -27.881845537114334], [79.51611269787381, 0.0, -27.835522699019585], [79.5323072689454, 0.0, -27.789217387084825], [79.54841964553756, 0.0, -27.74306101363107], [79.56449437839908, 0.0, -27.696926486855983], [79.58048934525686, 0.0, -27.650935211635446], [79.59644538124383, 0.0, -27.60497029846747], [79.6123238534704, 0.0, -27.55914354907914], [79.62816216379264, 0.0, -27.51334754124523], [79.64392497581836, 0.0, -27.467684958052423], [79.65964645727571, 0.0, -27.42205734095171], [79.67529441952156, 0.0, -27.376558616289945], [79.69089993712738, 0.0, -27.331098948255867], [79.70643385961017, 0.0, -27.2857637586378], [79.72192425761375, 0.0, -27.240471640041385], [79.73734495851392, 0.0, -27.19529962099257], [79.75272106200484, 0.0, -27.15017469031557], [79.76802937375828, 0.0, -27.105165417975932], [79.78329198439447, 0.0, -27.06020736508609], [79.79848876371985, 0.0, -27.01536032584202], [79.81363864675004, 0.0, -26.970568931237075], [79.8287248022595, 0.0, -26.925883438686277], [79.84376264969407, 0.0, -26.88125868421938], [79.85873928504596, 0.0, -26.836733450844186], [79.87366579110395, 0.0, -26.792275297175397]], "acceleration_vector": [[0.03530363738135023, 0.0, 0.09868731059317426], [0.034829993542011994, 0.0, 0.09741630752397512], [0.034344146228717065, 0.0, 0.09633055447143124], [0.03417048759705876, 0.0, 0.09593448488677181], [0.03385582046707869, 0.0, 0.0953208909843265], [0.033787774714403085, 0.0, 0.09521739650248484], [0.03352852051711208, 0.0, 0.09475519181142711], [0.03349736856251129, 0.0, 0.09475351069929383], [0.033255790879393565, 0.0, 0.0943377256528819], [0.033238644451970334, 0.0, 0.09437411218026792], [0.033002474071859744, 0.0, 0.09397048396939423], [0.03299151350104701, 0.0, 0.0940231045884139], [0.0327568556928175, 0.0, 0.09362071271359351], [0.032749305823734254, 0.0, 0.09368181407107112], [0.0325150032262016, 0.0, 0.09327739934710677], [0.03250981372260675, 0.0, 0.09334405830978643], [0.03227558708140599, 0.0, 0.0929368307104339], [0.03227228732419096, 0.0, 0.09300775003108397], [0.032038146155008995, 0.0, 0.09259773762211165], [0.03203651594217316, 0.0, 0.09267232578946105], [0.0318025090489904, 0.0, 0.0922596688747801], [0.03180241751159851, 0.0, 0.09233758540433978], [0.03156860982863652, 0.0, 0.09192247215671667], [0.03156997385948834, 0.0, 0.09200351119436956], [0.03133641525823272, 0.0, 0.09158608786158151], [0.03133918428522264, 0.0, 0.0916701359442742], [0.03110590204448549, 0.0, 0.09125048433240135], [0.031110054696664946, 0.0, 0.09133751205286833], [0.030877046909516537, 0.0, 0.09091562925965135], [0.030882595845906025, 0.0, 0.09100570671076813], [0.030649817708543026, 0.0, 0.09058146350346163], [0.030656826732766262, 0.0, 0.09067481220971363], [0.030424151559692802, 0.0, 0.09024783592572128], [0.03043278521434445, 0.0, 0.09034497780675288], [0.030199784998700352, 0.0, 0.08991399746720674], [0.030272554918610695, 0.0, 0.09015351329102828]], "gravity_force_vector": [[0.0, 0.0, 469277.09429474943], [0.0, 0.0, 469264.0258464558], [0.0, 0.0, 469250.9239370771], [0.0, 0.0, 469237.85837465356], [0.0, 0.0, 469224.7936011486], [0.0, 0.0, 469211.7594769784], [0.0, 0.0, 469198.7299594752], [0.0, 0.0, 469185.7282528016], [0.0, 0.0, 469172.7332371881], [0.0, 0.0, 469159.7642069416], [0.0, 0.0, 469146.8032566463], [0.0, 0.0, 469133.8669575724], [0.0, 0.0, 469120.939760307], [0.0, 0.0, 469108.03616186883], [0.0, 0.0, 469095.142465353], [0.0, 0.0, 469082.27149381733], [0.0, 0.0, 469069.4110791111], [0.0, 0.0, 469056.5726361049], [0.0, 0.0, 469043.74530483515], [0.0, 0.0, 469030.93927668035], [0.0, 0.0, 469018.144844312], [0.0, 0.0, 469005.37110712106], [0.0, 0.0, 468992.6093992049], [0.0, 0.0, 468979.86782175617], [0.0, 0.0, 468967.13867185626], [0.0, 0.0, 468954.42911713535], [0.0, 0.0, 468941.73236589524], [0.0, 0.0, 468929.0546916386], [0.0, 0.0, 468916.39018693706], [0.0, 0.0, 468903.74424509256], [0.0, 0.0, 468891.1118439455], [0.0, 0.0, 468878.49747826485], [0.0, 0.0, 468865.8970536746], [0.0, 0.0, 468853.3140925005], [0.0, 0.0, 468840.7455714367], [0.0, 0.0, 468828.19383574085]], "total_force_vector": [[1689.3887197119475, 0.0, 4722.494378063944], [1666.6842885448714, 0.0, 4661.563551867439], [1643.3968597519852, 0.0, 4609.499680434354], [1635.048794954986, 0.0, 4590.43971562502], [1619.95403677813, 0.0, 4560.972399203805], [1616.6603107040864, 0.0, 4555.913683841471], [1604.2180877130013, 0.0, 4533.692242622143], [1602.6901655587717, 0.0, 4533.505926948157], [1591.0946522738086, 0.0, 4513.507209531381], [1590.2372654938954, 0.0, 4515.1428835096885], [1578.9013574444398, 0.0, 4495.727382188081], [1578.340326814272, 0.0, 4498.140283990477], [1567.077651883359, 0.0, 4478.785473737458], [1566.6801965805935, 0.0, 4481.604598897044], [1555.4353392073244, 0.0, 4462.154550766165], [1555.1513019859267, 0.0, 4465.240002353559], [1543.9109160919907, 0.0, 4445.656960721884], [1543.717424951261, 0.0, 4448.9466508270125], [1532.4821373079321, 0.0, 4429.2319014912355], [1532.3688576896384, 0.0, 4432.697566913092], [1521.140852505312, 0.0, 4412.857835712901], [1521.1015125079139, 0.0, 4416.483151046152], [1509.8838906225865, 0.0, 4396.527450421534], [1509.9145059112634, 0.0, 4400.302548864915], [1498.7096467798983, 0.0, 4380.237879878143], [1498.8077893159352, 0.0, 4384.157317163015], [1487.6169914953934, 0.0, 4363.987596681865], [1487.7816301775747, 0.0, 4368.049950266664], [1476.604795912921, 0.0, 4347.775042522524], [1476.8365279262944, 0.0, 4351.983650273411], [1465.671505312901, 0.0, 4331.597374763922], [1465.9733802730916, 0.0, 4335.962833153084], [1454.8141330383078, 0.0, 4315.44738820038], [1455.1939567635127, 0.0, 4319.994552159333], [1444.019982550788, 0.0, 4299.289186678827], [1447.466777212103, 0.0, 4310.644274782157]], "time": [[0.0], [0.49409486573372363], [0.9881897314674473], [1.482284597201171], [1.9763794629348945], [2.4704743286686184], [2.964569194402342], [3.458664060136065], [3.952758925869789], [4.4468537916035125], [4.940948657337237], [5.43504352307096], [5.929138388804684], [6.423233254538408], [6.91732812027213], [7.411422986005855], [7.905517851739578], [8.399612717473302], [8.893707583207025], [9.387802448940748], [9.881897314674474], [10.375992180408197], [10.87008704614192], [11.364181911875644], [11.858276777609367], [12.352371643343092], [12.846466509076816], [13.340561374810537], [13.83465624054426], [14.328751106277986], [14.82284597201171], [15.316940837745433], [15.811035703479156], [16.30513056921288], [16.799225434946603], [17.293320300680328]]}, "body": {"inertial_rotations": [[0.0, 0.4434455517790575, 0.0], [0.0, 0.4430369062072904, 0.0], [0.0, 0.4426350358383285, 0.0], [0.0, 0.4422263184992224, 0.0], [0.0, 0.4418254193653815, 0.0], [0.0, 0.4414180115742665, 0.0], [0.0, 0.4410190281948617, 0.0], [0.0, 0.44061357740086854, 0.0], [0.0, 0.4402168121507232, 0.0], [0.0, 0.4398135306752074, 0.0], [0.0, 0.4394190730939385, 0.0], [0.0, 0.4390180308261574, 0.0], [0.0, 0.4386259007775324, 0.0], [0.0, 0.43822711888908505, 0.0], [0.0, 0.43783731406427956, 0.0], [0.0, 0.43744079612328635, 0.0], [0.0, 0.43705330741204657, 0.0], [0.0, 0.43665905159341195, 0.0], [0.0, 0.43627386754875935, 0.0], [0.0, 0.4358818678442476, 0.0], [0.0, 0.435498977822014, 0.0], [0.0, 0.4351092272668382, 0.0], [0.0, 0.4347286204351294, 0.0], [0.0, 0.43434111120937025, 0.0], [0.0, 0.43396277706937036, 0.0], [0.0, 0.43357750069814777, 0.0], [0.0, 0.4332014291259117, 0.0], [0.0, 0.4328183765321032, 0.0], [0.0, 0.432444557856543, 0.0], [0.0, 0.43206371929317633, 0.0], [0.0, 0.4316921445168189, 0.0], [0.0, 0.43131350930343054, 0.0], [0.0, 0.43094417070680163, 0.0], [0.0, 0.4305677265223452, 0.0], [0.0, 0.43020062151116234, 0.0], [0.0, 0.4298242635217995, 0.0]], "transform_to_inertial": [[[0.9032786991198479, 0.0, 0.42905429926333954], [0.0, 1.0, 0.0], [-0.42905429926333954, 0.0, 0.9032786991198479]], [[0.9034539548346122, 0.0, 0.4286851426089997], [0.0, 1.0, 0.0], [-0.4286851426089997, 0.0, 0.9034539548346122]], [[0.9036261577325914, 0.0, 0.42832203662832236], [0.0, 1.0, 0.0], [-0.42832203662832236, 0.0, 0.9036261577325914]], [[0.9038011448954966, 0.0, 0.4279526731843015], [0.0, 1.0, 0.0], [-0.4279526731843015, 0.0, 0.9038011448954966]], [[0.9039726381173941, 0.0, 0.4275903057075532], [0.0, 1.0, 0.0], [-0.4275903057075532, 0.0, 0.9039726381173941]], [[0.9041467667133365, 0.0, 0.42722198473606154], [0.0, 1.0, 0.0], [-0.42722198473606154, 0.0, 0.9041467667133365]], [[0.9043171492155022, 0.0, 0.4268612112089212], [0.0, 1.0, 0.0], [-0.4268612112089212, 0.0, 0.9043171492155022]], [[0.9044901460972662, 0.0, 0.42649452002686516], [0.0, 1.0, 0.0], [-0.42649452002686516, 0.0, 0.9044901460972662]], [[0.9046592931041273, 0.0, 0.42613561620725937], [0.0, 1.0, 0.0], [-0.42613561620725937, 0.0, 0.9046592931041273]], [[0.9048310721344829, 0.0, 0.4257707492301018], [0.0, 1.0, 0.0], [-0.4257707492301018, 0.0, 0.9048310721344829]], [[0.9049989502356426, 0.0, 0.4254137986389075], [0.0, 1.0, 0.0], [-0.4254137986389075, 0.0, 0.9049989502356426]], [[0.9051694863679137, 0.0, 0.4250508216066019], [0.0, 1.0, 0.0], [-0.4250508216066019, 0.0, 0.9051694863679137]], [[0.9053360919708535, 0.0, 0.4246958447818183], [0.0, 1.0, 0.0], [-0.4246958447818183, 0.0, 0.9053360919708535]], [[0.9055053809909246, 0.0, 0.4243347793859002], [0.0, 1.0, 0.0], [-0.4243347793859002, 0.0, 0.9055053809909246]], [[0.905670719936298, 0.0, 0.42398177679007343], [0.0, 1.0, 0.0], [-0.42398177679007343, 0.0, 0.905670719936298]], [[0.9058387651153365, 0.0, 0.42362262877981666], [0.0, 1.0, 0.0], [-0.42362262877981666, 0.0, 0.9058387651153365]], [[0.9060028460929939, 0.0, 0.42327159468997555], [0.0, 1.0, 0.0], [-0.42327159468997555, 0.0, 0.9060028460929939]], [[0.906169652964264, 0.0, 0.4229143649092868], [0.0, 1.0, 0.0], [-0.4229143649092868, 0.0, 0.906169652964264]], [[0.9063324856031317, 0.0, 0.42256529145263344], [0.0, 1.0, 0.0], [-0.42256529145263344, 0.0, 0.9063324856031317]], [[0.9064980614330441, 0.0, 0.4222099769286995], [0.0, 1.0, 0.0], [-0.4222099769286995, 0.0, 0.9064980614330441]], [[0.9066596549680789, 0.0, 0.4218628569252858], [0.0, 1.0, 0.0], [-0.4218628569252858, 0.0, 0.9066596549680789]], [[0.9068240073833197, 0.0, 0.4215094537887103], [0.0, 1.0, 0.0], [-0.4215094537887103, 0.0, 0.9068240073833197]], [[0.9069843710752187, 0.0, 0.4211642798544174], [0.0, 1.0, 0.0], [-0.4211642798544174, 0.0, 0.9069843710752187]], [[0.9071475080172102, 0.0, 0.4208127834300729], [0.0, 1.0, 0.0], [-0.4208127834300729, 0.0, 0.9071475080172102]], [[0.9073066509328729, 0.0, 0.42046954844908097], [0.0, 1.0, 0.0], [-0.42046954844908097, 0.0, 0.9073066509328729]], [[0.907468580571363, 0.0, 0.42011995343686726], [0.0, 1.0, 0.0], [-0.42011995343686726, 0.0, 0.907468580571363]], [[0.907626511567494, 0.0, 0.4197786506003154], [0.0, 1.0, 0.0], [-0.4197786506003154, 0.0, 0.907626511567494]], [[0.9077872422768037, 0.0, 0.41943095112244105], [0.0, 1.0, 0.0], [-0.41943095112244105, 0.0, 0.9077872422768037]], [[0.9079439699685132, 0.0, 0.4190915740000216], [0.0, 1.0, 0.0], [-0.4190915740000216, 0.0, 0.9079439699685132]], [[0.9081035103544232, 0.0, 0.418745763539136], [0.0, 1.0, 0.0], [-0.418745763539136, 0.0, 0.9081035103544232]], [[0.9082590430243477, 0.0, 0.41840830628047554], [0.0, 1.0, 0.0], [-0.41840830628047554, 0.0, 0.9082590430243477]], [[0.9084174020327865, 0.0, 0.41806437743965064], [0.0, 1.0, 0.0], [-0.41806437743965064, 0.0, 0.9084174020327865]], [[0.9085717473806783, 0.0, 0.41772883532456917], [0.0, 1.0, 0.0], [-0.41772883532456917, 0.0, 0.9085717473806783]], [[0.9087289345907497, 0.0, 0.4173867791839614], [0.0, 1.0, 0.0], [-0.4173867791839614, 0.0, 0.9087289345907497]], [[0.9088820981326264, 0.0, 0.41705315212096755], [0.0, 1.0, 0.0], [-0.41705315212096755, 0.0, 0.9088820981326264]], [[0.9090389950452562, 0.0, 0.41671105755320514], [0.0, 1.0, 0.0], [-0.41671105755320514, 0.0, 0.9090389950452562]]], "thrust_force_vector": [[189740.95619134713, 0.0, 0.0], [189497.90444341864, 0.0, 0.0], [189254.1525503782, 0.0, 0.0], [189011.40021359106, 0.0, 0.0], [188768.7809351121, 0.0, 0.0], [188527.02040819806, 0.0, 0.0], [188285.4856520827, 0.0, 0.0], [188044.74026416466, 0.0, 0.0], [187804.27180987873, 0.0, 0.0], [187564.54857177907, 0.0, 0.0], [187325.13666896065, 0.0, 0.0], [187086.43796443907, 0.0, 0.0], [186848.07607394765, 0.0, 0.0], [186610.40226269697, 0.0, 0.0], [186373.08530948655, 0.0, 0.0], [186136.43565673757, 0.0, 0.0], [185900.15932114903, 0.0, 0.0], [185664.53242006552, 0.0, 0.0], [185429.2928083187, 0.0, 0.0], [185194.68679949827, 0.0, 0.0], [184960.48027544998, 0.0, 0.0], [184726.89297071172, 0.0, 0.0], [184493.7160645132, 0.0, 0.0], [184261.14501866867, 0.0, 0.0], [184028.9943778844, 0.0, 0.0], [183797.43692890124, 0.0, 0.0], [183566.30929774474, 0.0, 0.0], [183335.7625828865, 0.0, 0.0], [183105.65480788134, 0.0, 0.0], [182876.11575376548, 0.0, 0.0], [182647.0248313554, 0.0, 0.0], [182418.49009916285, 0.0, 0.0], [182190.4133418626, 0.0, 0.0], [181962.87915759702, 0.0, 0.0], [181735.81510625238, 0.0, 0.0], [181509.27745490067, 0.0, 0.0]]}, "wind": {"body_rotations": [[0.0, 0.0996078986446571, 0.0], [0.0, 0.09981033525447915, 0.0], [0.0, 0.10001101870779334, 0.0], [0.0, 0.10020128127918297, 0.0], [0.0, 0.10039501476899529, 0.0], [0.0, 0.10058102301988557, 0.0], [0.0, 0.1007724985789566, 0.0], [0.0, 0.10095700489938139, 0.0], [0.0, 0.10114776138587499, 0.0], [0.0, 0.10133168586595372, 0.0], [0.0, 0.10152222757879205, 0.0], [0.0, 0.10170588375430249, 0.0], [0.0, 0.10189637229013891, 0.0], [0.0, 0.10207986981869062, 0.0], [0.0, 0.10227035366937448, 0.0], [0.0, 0.10245373241075, 0.0], [0.0, 0.10264422326083997, 0.0], [0.0, 0.10282749975829547, 0.0], [0.0, 0.10301799691943314, 0.0], [0.0, 0.10320117765699038, 0.0], [0.0, 0.10339167852529889, 0.0], [0.0, 0.10357476655048319, 0.0], [0.0, 0.10376526763992111, 0.0], [0.0, 0.1039482641852835, 0.0], [0.0, 0.10413876250083087, 0.0], [0.0, 0.10432166757377323, 0.0], [0.0, 0.10451216096903672, 0.0], [0.0, 0.10469497345508968, 0.0], [0.0, 0.10488546094060615, 0.0], [0.0, 0.10506817837059974, 0.0], [0.0, 0.10525866071446248, 0.0], [0.0, 0.10544127851055202, 0.0], [0.0, 0.1056317598817356, 0.0], [0.0, 0.10581426926551359, 0.0], [0.0, 0.10600476644192489, 0.0], [0.0, 0.10618506635174767, 0.0]], "velocity_vector": [[0.0, 0.0, 0.0], [0.0, 0.0, 0.0], [0.0, 0.0, 0.0], [0.0, 0.0, 0.0], [0.0, 0.0, 0.0], [0.0, 0.0, 0.0], [0.0, 0.0, 0.0], [0.0, 0.0, 0.0], [0.0, 0.0, 0.0], [0.0, 0.0, 0.0], [0.0, 0.0, 0.0], [0.0, 0.0, 0.0], [0.0, 0.0, 0.0], [0.0, 0.0, 0.0], [0.0, 0.0, 0.0], [0.0, 0.0, 0.0], [0.0, 0.0, 0.0], [0.0, 0.0, 0.0], [0.0, 0.0, 0.0], [0.0, 0.0, 0.0], [0.0, 0.0, 0.0], [0.0, 0.0, 0.0], [0.0, 0.0, 0.0], [0.0, 0.0, 0.0], [0.0, 0.0, 0.0], [0.0, 0.0, 0.0], [0.0, 0.0, 0.0], [0.0, 0.0, 0.0], [0.0, 0.0, 0.0], [0.0, 0.0, 0.0], [0.0, 0.0, 0.0], [0.0, 0.0, 0.0], [0.0, 0.0, 0.0], [0.0, 0.0, 0.0], [0.0, 0.0, 0.0], [0.0, 0.0, 0.0]], "lift_force_vector": [[0.0, 0.0, -417925.29449034214], [0.0, 0.0, -418060.59237808996], [0.0, 0.0, -418186.6876610242], [0.0, 0.0, -418277.9404435551], [0.0, 0.0, -418379.8400766325], [0.0, 0.0, -418455.9205347972], [0.0, 0.0, -418549.656530036], [0.0, 0.0, -418620.0820789585], [0.0, 0.0, -418710.9010676833], [0.0, 0.0, -418778.8531188341], [0.0, 0.0, -418868.4701242674], [0.0, 0.0, -418935.04011400434], [0.0, 0.0, -419024.00474301365], [0.0, 0.0, -419089.58244553715], [0.0, 0.0, -419178.0618614693], [0.0, 0.0, -419242.7965731016], [0.0, 0.0, -419330.83462430554], [0.0, 0.0, -419394.79476861027], [0.0, 0.0, -419482.3945294727], [0.0, 0.0, -419545.6134285525], [0.0, 0.0, -419632.7722167418], [0.0, 0.0, -419695.27083503734], [0.0, 0.0, -419781.983527047], [0.0, 0.0, -419843.77615804906], [0.0, 0.0, -419930.0396675054], [0.0, 0.0, -419991.1360446188], [0.0, 0.0, -420076.9504380089], [0.0, 0.0, -420137.3561523761], [0.0, 0.0, -420222.72564617934], [0.0, 0.0, -420282.4413902936], [0.0, 0.0, -420367.3763942944], [0.0, 0.0, -420426.39539749606], [0.0, 0.0, -420510.9182315365], [0.0, 0.0, -420569.21907254943], [0.0, 0.0, -420653.39611131686], [0.0, 0.0, -420704.1282894229]], "drag_force_vector": [[-30607.389124642887, 0.0, 0.0], [-30633.943063806193, 0.0, 0.0], [-30659.770575578983, 0.0, 0.0], [-30682.323288851334, 0.0, 0.0], [-30705.982963719893, 0.0, 0.0], [-30727.220249709942, 0.0, 0.0], [-30750.230072588332, 0.0, 0.0], [-30771.05117004311, 0.0, 0.0], [-30793.909123712936, 0.0, 0.0], [-30814.61483074728, 0.0, 0.0], [-30837.483767067588, 0.0, 0.0], [-30858.176783594437, 0.0, 0.0], [-30881.10854498649, 0.0, 0.0], [-30901.82488248221, 0.0, 0.0], [-30924.83472541323, 0.0, 0.0], [-30945.587496981483, 0.0, 0.0], [-30968.6788169674, 0.0, 0.0], [-30989.473442780974, 0.0, 0.0], [-31012.645679495334, 0.0, 0.0], [-31033.48423881472, 0.0, 0.0], [-31056.736259075384, 0.0, 0.0], [-31077.61966896217, 0.0, 0.0], [-31100.950088096455, 0.0, 0.0], [-31121.87864264008, 0.0, 0.0], [-31145.286265135648, 0.0, 0.0], [-31166.25983322939, 0.0, 0.0], [-31189.743766598607, 0.0, 0.0], [-31210.76182690164, 0.0, 0.0], [-31234.321584141224, 0.0, 0.0], [-31255.383145600597, 0.0, 0.0], [-31279.018850913923, 0.0, 0.0], [-31300.122194545984, 0.0, 0.0], [-31323.835151968826, 0.0, 0.0], [-31344.977113302255, 0.0, 0.0], [-31368.772987767967, 0.0, 0.0], [-31389.263381862187, 0.0, 0.0]], "transform_to_inertial": [[[0.941467918645717, 0.0, 0.33710259293114586], [0.0, 1.0, 0.0], [-0.33710259293114586, 0.0, 0.941467918645717]], [[0.9416737402386599, 0.0, 0.33652721575666483], [0.0, 1.0, 0.0], [-0.33652721575666483, 0.0, 0.9416737402386599]], [[0.9418763450392844, 0.0, 0.3359597455878291], [0.0, 1.0, 0.0], [-0.3359597455878291, 0.0, 0.9418763450392844]], [[0.9420774092038456, 0.0, 0.33539552034541253], [0.0, 1.0, 0.0], [-0.33539552034541253, 0.0, 0.9420774092038456]], [[0.9422766797567086, 0.0, 0.3348352711209993], [0.0, 1.0, 0.0], [-0.3348352711209993, 0.0, 0.9422766797567086]], [[0.9424752104584849, 0.0, 0.3342760501011621], [0.0, 1.0, 0.0], [-0.3342760501011621, 0.0, 0.9424752104584849]], [[0.9426724224356142, 0.0, 0.3337194989498979], [0.0, 1.0, 0.0], [-0.3337194989498979, 0.0, 0.9426724224356142]], [[0.9428691385685397, 0.0, 0.33316330460454335], [0.0, 1.0, 0.0], [-0.33316330460454335, 0.0, 0.9428691385685397]], [[0.9430647165099599, 0.0, 0.3326092910217462], [0.0, 1.0, 0.0], [-0.3326092910217462, 0.0, 0.9430647165099599]], [[0.9432598640658487, 0.0, 0.332055460491883], [0.0, 1.0, 0.0], [-0.332055460491883, 0.0, 0.9432598640658487]], [[0.943453954861602, 0.0, 0.3315035973500172], [0.0, 1.0, 0.0], [-0.3315035973500172, 0.0, 0.943453954861602]], [[0.9436476232175062, 0.0, 0.3309519046567819], [0.0, 1.0, 0.0], [-0.3309519046567819, 0.0, 0.9436476232175062]], [[0.9438402817788604, 0.0, 0.3304020618755299], [0.0, 1.0, 0.0], [-0.3304020618755299, 0.0, 0.9438402817788604]], [[0.944032508083755, 0.0, 0.3298524271262757], [0.0, 1.0, 0.0], [-0.3298524271262757, 0.0, 0.944032508083755]], [[0.9442237587566928, 0.0, 0.3293045602468672], [0.0, 1.0, 0.0], [-0.3293045602468672, 0.0, 0.9442237587566928]], [[0.9444145626061112, 0.0, 0.3287569526831451], [0.0, 1.0, 0.0], [-0.3287569526831451, 0.0, 0.9444145626061112]], [[0.9446044196490915, 0.0, 0.3282110454865942], [0.0, 1.0, 0.0], [-0.3282110454865942, 0.0, 0.9446044196490915]], [[0.9447938145904566, 0.0, 0.3276654512023107], [0.0, 1.0, 0.0], [-0.3276654512023107, 0.0, 0.9447938145904566]], [[0.9449822888655698, 0.0, 0.32712149689433245], [0.0, 1.0, 0.0], [-0.32712149689433245, 0.0, 0.9449822888655698]], [[0.9451702864269476, 0.0, 0.32657790748242876], [0.0, 1.0, 0.0], [-0.32657790748242876, 0.0, 0.9451702864269476]], [[0.9453573878387145, 0.0, 0.32603590179420805], [0.0, 1.0, 0.0], [-0.32603590179420805, 0.0, 0.9453573878387145]], [[0.9455439986649388, 0.0, 0.3254943111464752], [0.0, 1.0, 0.0], [-0.3254943111464752, 0.0, 0.9455439986649388]], [[0.9457297368328934, 0.0, 0.3249542504260964], [0.0, 1.0, 0.0], [-0.3249542504260964, 0.0, 0.9457297368328934]], [[0.9459149711914987, 0.0, 0.32441465330004116], [0.0, 1.0, 0.0], [-0.32441465330004116, 0.0, 0.9459149711914987]], [[0.9460993557303783, 0.0, 0.3238765337077744], [0.0, 1.0, 0.0], [-0.3238765337077744, 0.0, 0.9460993557303783]], [[0.9462832236424342, 0.0, 0.32333892535988107], [0.0, 1.0, 0.0], [-0.32333892535988107, 0.0, 0.9462832236424342]], [[0.9464662642638758, 0.0, 0.32280274256948815], [0.0, 1.0, 0.0], [-0.32280274256948815, 0.0, 0.9464662642638758]], [[0.9466487755230301, 0.0, 0.3222671187086078], [0.0, 1.0, 0.0], [-0.3222671187086078, 0.0, 0.9466487755230301]], [[0.9468304821078807, 0.0, 0.3217328676889545], [0.0, 1.0, 0.0], [-0.3217328676889545, 0.0, 0.9468304821078807]], [[0.9470116462296515, 0.0, 0.32119922463387957], [0.0, 1.0, 0.0], [-0.32119922463387957, 0.0, 0.9470116462296515]], [[0.9471920289469896, 0.0, 0.32066689928847564], [0.0, 1.0, 0.0], [-0.32066689928847564, 0.0, 0.9471920289469896]], [[0.9473718550147258, 0.0, 0.32013523443375835], [0.0, 1.0, 0.0], [-0.32013523443375835, 0.0, 0.9473718550147258]], [[0.9475509246495948, 0.0, 0.3196048266151465], [0.0, 1.0, 0.0], [-0.3196048266151465, 0.0, 0.9475509246495948]], [[0.9477294208773206, 0.0, 0.3190751397453873], [0.0, 1.0, 0.0], [-0.3190751397453873, 0.0, 0.9477294208773206]], [[0.9479071905299234, 0.0, 0.3185466341709916], [0.0, 1.0, 0.0], [-0.3185466341709916, 0.0, 0.9479071905299234]], [[0.9480843651578792, 0.0, 0.31801892481923344], [0.0, 1.0, 0.0], [-0.31801892481923344, 0.0, 0.9480843651578792]]]}, "planet": {"start_time": null, "latitude": [[0.0], [0.00035265266269402776], [0.0007051625755609351], [0.0010578307503479262], [0.0014105035054758598], [0.0017633091890639433], [0.0021161355474413456], [0.0024690821941104474], [0.002822058261391645], [0.0031751464674581527], [0.003528269880417352], [0.0038814994471090864], [0.004234768435267292], [0.004588138826810904], [0.004941551900431075], [0.005295062407440805], [0.005648618230793623], [0.006002268044357285], [0.00635596537658993], [0.0067097536265845244], [0.007063591291312176], [0.0074175170678236445], [0.007771493936402882], [0.008125556301956468], [0.008479671284311442], [0.008833869280520967], [0.009188121320967291], [0.009542453970947324], [0.009896842048704385], [0.010251308354886454], [0.010605831492011886], [0.010960430426057623], [0.011315087716314618], [0.01166981818876804], [0.012024608958158033], [0.012379469852307739]], "longitude": [[0.0], [0.0], [0.0], [0.0], [0.0], [0.0], [0.0], [0.0], [0.0], [0.0], [0.0], [0.0], [0.0], [0.0], [0.0], [0.0], [0.0], [0.0], [0.0], [0.0], [0.0], [0.0], [0.0], [0.0], [0.0], [0.0], [0.0], [0.0], [0.0], [0.0], [0.0], [0.0], [0.0], [0.0], [0.0], [0.0]]}}, "weights": {"total_mass": [[47853.106399205804], [47851.9835504136], [47850.85798451272], [47849.73535300212], [47848.61277858641], [47847.49267925102], [47846.37294677826], [47845.255460015185], [47844.13850890775], [47843.02365566119], [47841.90945034497], [47840.79723465464], [47839.685749389035], [47838.57616827288], [47837.46738210547], [47836.36042905245], [47835.25432371305], [47834.14999021373], [47833.04654909832], [47831.94482540997], [47830.84403304162], [47829.74490860357], [47828.646750330736], [47827.550213997994], [47826.45467582723], [47825.36071599539], [47824.26778451576], [47823.176389164895], [47822.08605156042], [47820.997208211294], [47819.909452414686], [47818.82314793363], [47817.73796318036], [47816.65418319515], [47815.571563097044], [47814.49029264895]], "weight_breakdown": {}, "vehicle_mass_rate": [[2.280472279761389], [2.2777053489223174], [2.2749312943096642], [2.272169450360634], [2.2694099452836483], [2.2666610204156927], [2.2639154656027283], [2.2611796749651596], [2.2584478128148464], [2.255725187031001], [2.253006857759764], [2.250297376037711], [2.247592457732494], [2.244896077480619], [2.2422044661597145], [2.2395211335439744], [2.2368427350484037], [2.2341723897724517], [2.2315071159779944], [2.2288496937526343], [2.226197460619897], [2.22355289454292], [2.22091362104426], [2.21828184238876], [2.215655449919532], [2.2130363885634146], [2.2104228006737663], [2.2078163852573014], [2.205215527684322], [2.202621685473246], [2.2000334866479863], [2.1974521428909592], [2.1948765357838624], [2.1923076117740288], [2.1897445441585246], [2.187187959404339]]}, "energies": {"total_energy": [[0.0], [0.0], [0.0], [0.0], [0.0], [0.0], [0.0], [0.0], [0.0], [0.0], [0.0], [0.0], [0.0], [0.0], [0.0], [0.0], [0.0], [0.0], [0.0], [0.0], [0.0], [0.0], [0.0], [0.0], [0.0], [0.0], [0.0], [0.0], [0.0], [0.0], [0.0], [0.0], [0.0], [0.0], [0.0], [0.0]], "total_efficiency": [[0.0], [0.0], [0.0], [0.0], [0.0], [0.0], [0.0], [0.0], [0.0], [0.0], [0.0], [0.0], [0.0], [0.0], [0.0], [0.0], [0.0], [0.0], [0.0], [0.0], [0.0], [0.0], [0.0], [0.0], [0.0], [0.0], [0.0], [0.0], [0.0], [0.0], [0.0], [0.0], [0.0], [0.0], [0.0], [0.0]], "gravity_energy": [[0.0], [0.0], [0.0], [0.0], [0.0], [0.0], [0.0], [0.0], [0.0], [0.0], [0.0], [0.0], [0.0], [0.0], [0.0], [0.0], [0.0], [0.0], [0.0], [0.0], [0.0], [0.0], [0.0], [0.0], [0.0], [0.0], [0.0], [0.0], [0.0], [0.0], [0.0], [0.0], [0.0], [0.0], [0.0], [0.0]], "propulsion_power": [[0.0], [0.0], [0.0], [0.0], [0.0], [0.0], [0.0], [0.0], [0.0], [0.0], [0.0], [0.0], [0.0], [0.0], [0.0], [0.0], [0.0], [0.0], [0.0], [0.0], [0.0], [0.0], [0.0], [0.0], [0.0], [0.0], [0.0], [0.0], [0.0], [0.0], [0.0], [0.0], [0.0], [0.0], [0.0], [0.0]]}, "noise": {"total": {}, "sources": {"ramjet": {"fan": {}}, "scramjet": {"fan": {}, "core": {}}, "ducted_fan": {"fan": {}}, "liquid_rocket": {"core": {}}, "propeller": {}, "propeller_2": {}, "rotor": {}, "turbofan": {"fan": {"exit_static_temperature": [[291.40014330594397], [291.3083437649729], [291.2162355222777], [291.12446058825833], [291.03269133806225], [290.94120219046414], [290.8497535668498], [290.75855879868516], [290.6674237384566], [290.5765258163166], [290.4857004835774], [290.39510015953624], [290.3045819604041], [290.2142792531183], [290.12406617546094], [290.03406071973376], [289.9441510647476], [289.8544422697567], [289.7648345266623], [289.67542165768504], [289.586114439318], [289.4969966633799], [289.407988670841], [289.319165082762], [289.23045508614666], [289.14192472266484], [289.0535115524817], [288.965273397284], [288.877155945982], [288.78920892479357], [288.701386164414], [288.6137291228849], [288.5262001683416], [288.4388318057111], [288.35159626517395], [288.26451520766847]], "exit_static_pressure": [[101196.9095791597], [101029.4406050091], [100861.63413937364], [100694.65950094664], [100527.91913746351], [100361.9103811213], [100196.19711454472], [100031.16461705821], [99866.46018265777], [99702.40317569312], [99538.69527028], [99375.60990231787], [99212.88855092792], [99050.76968136427], [98889.02602849113], [98727.867867227], [98567.09368496861], [98406.89008190925], [98247.07753992525], [98087.82213442144], [97928.96368125957], [97770.64998550352], [97612.73828304364], [97455.35972963818], [97298.38761684507], [97141.93758467975], [96985.89806069304], [96830.36988445139], [96675.2561096827], [96520.64307174493], [96366.4483972607], [96212.74368953511], [96059.46176592322], [95906.65837478076], [95754.28376078117], [95602.37459643563]], "exit_stagnation_temperature": [[340.40111017481695], [340.2953906487439], [340.1893151398535], [340.08362301322217], [339.97793696420996], [339.8725730295814], [339.7672553000947], [339.6622294635442], [339.5572719296058], [339.4525870417685], [339.34798529594013], [339.2436422328838], [339.1393932979658], [339.0353920910493], [338.9314936597064], [338.82783389814625], [338.7242840237884], [338.62096503687695], [338.51776198935687], [338.4147829405785], [338.3119251320183], [338.2092850716195], [338.10677101570207], [338.0044689106867], [337.902297200465], [337.8003319508591], [337.69850124887614], [337.5968716935204], [337.49538073357064], [337.39408564446245], [337.2929332519265], [337.19197130874954], [337.0911564734831], [336.9905261871991], [336.89004846711083], [336.78974826449684]], "exit_stagnation_pressure": [[101196.9095791597], [101029.4406050091], [100861.63413937364], [100694.65950094664], [100527.91913746351], [100361.9103811213], [100196.19711454472], [100031.16461705821], [99866.46018265777], [99702.40317569312], [99538.69527028], [99375.60990231787], [99212.88855092792], [99050.76968136427], [98889.02602849113], [98727.867867227], [98567.09368496861], [98406.89008190925], [98247.07753992525], [98087.82213442144], [97928.96368125957], [97770.64998550352], [97612.73828304364], [97455.35972963818], [97298.38761684507], [97141.93758467975], [96985.89806069304], [96830.36988445139], [96675.2561096827], [96520.64307174493], [96366.4483972607], [96212.74368953511], [96059.46176592322], [95906.65837478076], [95754.28376078117], [95602.37459643563]], "exit_velocity": [[313.79744682018736], [313.75267393926805], [313.7077444145384], [313.66297141216455], [313.61819512895215], [313.573549485433], [313.5289175988809], [313.4844036128552], [313.4399127881917], [313.39553177017166], [313.351180245385], [313.30693266917837], [313.2627192870435], [313.21860526813504], [313.1745291542921], [313.1305486202744], [313.0866090523587], [313.0427618200708], [312.9989581666298], [312.9552439819951], [312.91157567109576], [312.8679942313738], [312.8244607333792], [312.7810116998579], [312.7376125180492], [312.69429552292], [312.6510301893351], [312.60784483812705], [312.56471291434235], [312.5216587834922], [312.4786598693005], [312.4357364953002], [312.3928702597454], [312.3500771066116], [312.30734345971524], [312.2646799549028]]}, "core": {"exit_static_temperature": [[701.598926620215], [701.5801575307341], [701.5613309205148], [701.5425780094172], [701.5238318184512], [701.5051483760451], [701.486478725033], [701.4678663888088], [701.449271712096], [701.430730867452], [701.4122102607893], [701.3937409434134], [701.3752937577677], [701.3568958543398], [701.3385215607977], [701.3201948805128], [701.3018930153517], [701.2836373222946], [701.2654074613295], [701.2472224911996], [701.2290642365906], [701.2109497060404], [701.1928626790435], [701.1748182910098], [701.1568021280126], [701.138827574612], [701.1208819253528], [701.1029768889221], [701.085101416764], [701.0672655688818], [701.0494599543558], [701.0316929513803], [701.0139569049616], [700.9962583746205], [700.9785917076068], [700.9609612638956]], "exit_static_pressure": [[101196.9095791597], [101029.4406050091], [100861.63413937364], [100694.65950094664], [100527.91913746351], [100361.9103811213], [100196.19711454472], [100031.16461705821], [99866.46018265777], [99702.40317569312], [99538.69527028], [99375.60990231787], [99212.88855092792], [99050.76968136427], [98889.02602849113], [98727.867867227], [98567.09368496861], [98406.89008190925], [98247.07753992525], [98087.82213442144], [97928.96368125957], [97770.64998550352], [97612.73828304364], [97455.35972963818], [97298.38761684507], [97141.93758467975], [96985.89806069304], [96830.36988445139], [96675.2561096827], [96520.64307174493], [96366.4483972607], [96212.74368953511], [96059.46176592322], [95906.65837478076], [95754.28376078117], [95602.37459643563]], "exit_stagnation_temperature": [[782.1503863844275], [782.3568662100487], [782.5640462915229], [782.7704825412209], [782.9769118735318], [783.1827169685873], [783.3884367243195], [783.5935912051999], [783.7986171373112], [784.003115324949], [784.2074559291553], [784.4112960018413], [784.6149569817181], [784.8181387684813], [785.0211245204496], [785.2236487148559], [785.4259629318739], [785.6278307361546], [785.8294766895289], [786.0306896307753], [786.2316703149992], [786.4322301424943], [786.6325483547384], [786.8324569813751], [787.0321153648044], [787.2313748353273], [787.4303758983704], [787.6289883780692], [787.8273344909467], [788.0253022767282], [788.2229956316751], [788.4203212018629], [788.6173636706267], [788.8140498343239], [789.010442179263], [789.2064919111491]], "exit_stagnation_pressure": [[101196.9095791597], [101029.4406050091], [100861.63413937364], [100694.65950094664], [100527.91913746351], [100361.9103811213], [100196.19711454472], [100031.16461705821], [99866.46018265777], [99702.40317569312], [99538.69527028], [99375.60990231787], [99212.88855092792], [99050.76968136427], [98889.02602849113], [98727.867867227], [98567.09368496861], [98406.89008190925], [98247.07753992525], [98087.82213442144], [97928.96368125957], [97770.64998550352], [97612.73828304364], [97455.35972963818], [97298.38761684507], [97141.93758467975], [96985.89806069304], [96830.36988445139], [96675.2561096827], [96520.64307174493], [96366.4483972607], [96212.74368953511], [96059.46176592322], [95906.65837478076], [95754.28376078117], [95602.37459643563]], "exit_velocity": [[402.33127037486094], [402.8931492787221], [403.4561327852979], [404.01630039281554], [404.57565938716664], [405.13254392416746], [405.68841949308165], [406.2419961518965], [406.79445941902793], [407.34474042865634], [407.8938421580616], [408.44084974478966], [408.9866325440057], [409.53039292224923], [410.0728953092612], [410.61343654596266], [411.1526946101785], [411.69004566360564], [412.2260938479828], [412.7602840761886], [413.29315558526844], [413.8242144758742], [414.35394150527225], [414.8818985251508], [415.4085123923555], [415.9333969098337], [416.456928119796], [416.9787693814943], [417.49924763148607], [418.0180747979979], [418.5355288871923], [419.05137116946906], [419.56582864137584], [420.07871569507006], [420.5902008017161], [421.1001623008637]]}}, "turbojet_super": {"fan": {}, "core": {}}}, "microphone_theta_angles": [0.5235987855982989, 0.7853981733974483, 1.0471975611965976, 1.3089969489957471, 1.5707963367948965, 1.832595724594046, 2.094395112393195, 2.3561945001923448, 2.6179938879914944], "microphone_phi_angles": [4.71238897038469, 4.581489276485115, 4.450589582585541, 4.319689888685966, 4.188790194786391, 4.057890500886816, 3.9269908069872415, 3.796091113087667, 3.6651914191880923], "microphone_locations": [[[18.477517588424796, 1.0668000131133522e-07, 10.668000000000001], [18.477517588424796, 1.4044689527913572, 10.668000000000001], [18.477517588424796, 2.8584820991944944, 10.668000000000001], [18.477517588424796, 4.418830408379568, 10.668000000000001], [18.477517588424796, 6.159172813954935, 10.668000000000001], [18.477517588424796, 8.185844477251749, 10.668000000000001], [18.477517588424796, 10.668000213360004, 10.668000000000001], [18.477517588424796, 13.902808565334912, 10.668000000000001], [18.477517588424796, 18.477518441864785, 10.668000000000001], [10.667999786640006, 1.0668000131133522e-07, 10.668000000000001], [10.667999786640006, 1.4044689527913572, 10.668000000000001], [10.667999786640006, 2.8584820991944944, 10.668000000000001], [10.667999786640006, 4.418830408379568, 10.668000000000001], [10.667999786640006, 6.159172813954935, 10.668000000000001], [10.667999786640006, 8.185844477251749, 10.668000000000001], [10.667999786640006, 10.668000213360004, 10.668000000000001], [10.667999786640006, 13.902808565334912, 10.668000000000001], [10.667999786640006, 18.477518441864785, 10.668000000000001], [6.159172529474932, 1.0668000131133522e-07, 10.668000000000001], [6.159172529474932, 1.4044689