{"unknowns": {"tag": "unknowns", "climb_1": {"tag": "unknowns", "throttle": [[0.715119150627332], [0.7162251356213034], [0.7195084307385763], [0.724864512229392], [0.7321176327848977], [0.7410194439046001], [0.7512488557517039], [0.7624147136936873], [0.7740629742382212], [0.7856898523595431], [0.7967618178217001], [0.8067423358278426], [0.8151239787363644], [0.821463202649597], [0.8254140003208298], [0.826756138824337]], "body_angle": [[0.3899554179845546], [0.3901396850341116], [0.39068572357052217], [0.39157333539235545], [0.3927691810681926], [0.39422735149189303], [0.395890323737009], [0.3976904229579495], [0.399551899796948], [0.401393689358788], [0.4031328432798974], [0.40468852710767356], [0.40598636459220017], [0.406962808627287], [0.407569148649464], [0.4077747474375331]]}, "climb_2": {"tag": "unknowns", "throttle": [[0.6226769957209853], [0.6224885670308591], [0.6224997847774992], [0.6241675908972955], [0.6291728237247767], [0.638814871373264], [0.6536914152910328], [0.6737278671653668], [0.6984164071336068], [0.7271689771294176], [0.7595452624563157], [0.7950273002642603], [0.8319901990735209], [0.8663723297852717], [0.8915731565469363], [0.8954539750826015]], "body_angle": [[0.19686804874852815], [0.194426559698717], [0.18757803368713888], [0.1775420079819461], [0.16580351998778656], [0.15366660150588846], [0.14202080960263286], [0.13132150872456427], [0.12168544470402909], [0.1130207255886796], [0.10515028061941264], [0.0979288243624566], [0.09136321062637551], [0.08574525397982823], [0.08174709578135549], [0.08026175511995774]]}, "climb_3": {"tag": "unknowns", "throttle": [[0.7486675688993331], [0.7488350045745755], [0.7493504832664276], [0.7502508834366208], [0.7515885764688398], [0.7534183645709606], [0.755780013427052], [0.7586784957337966], [0.7620643650410172], [0.7658188231674499], [0.7697476909658338], [0.7703053270101438], [0.7685306270530571], [0.767203363572568], [0.7663825607874489], [0.7658849234159925]], "body_angle": [[0.06237518471102745], [0.06233935035949871], [0.0622337039928545], [0.06206368180405696], [0.06183790325809497], [0.06156757484456562], [0.061265752403582174], [0.06094655489990691], [0.060624389246595745], [0.0603132597592618], [0.06002617964045639], [0.05977520317120073], [0.05956993451404498], [0.05941771419366566], [0.05932413024981094], [0.06343922251143191]]}, "climb_4": {"tag": "unknowns", "throttle": [[0.9810048439368184], [0.9704373534407919], [0.9522001274683768], [0.9198480323601023], [0.8915315545872253], [0.8508926025715999], [0.8248707625746472], [0.8059405862279241], [0.7738202336985561], [0.7489353541539322], [0.723725672463764], [0.7048883587241475], [0.6880948647659004], [0.677522806675102], [0.6698644964694492], [0.6686801977207797]], "body_angle": [[0.05909467829978605], [0.05852298129610602], [0.05689032662504293], [0.05942313074545361], [0.06572705705043], [0.07020754115778742], [0.07314669893087497], [0.0748583328067631], [0.07575950047012506], [0.07612762433847882], [0.07619113984789935], [0.0760952931253573], [0.07594761961707126], [0.07580523226414289], [0.07570957792323137], [0.0756737140891105]]}, "climb_5": {"tag": "unknowns", "throttle": [[0.579799084417848], [0.5816402832606214], [0.587186077209494], [0.5964979355160343], [0.6096590134973099], [0.6267382856303754], [0.64772946317716], [0.6724606892216388], [0.7004791437705142], [0.7309281631334907], [0.7624511708203607], [0.7931708227881984], [0.8207932894506725], [0.8428653248714559], [0.8571616334768973], [0.8621156583790427]], "body_angle": [[0.06599342847657151], [0.06620280816854218], [0.0668254126347677], [0.06784447124483972], [0.06923145169861965], [0.07094516233199194], [0.07293061884082933], [0.07511806583869664], [0.07742278308355596], [0.07974639720713587], [0.08198027749077744], [0.08401121712589293], [0.08572907685373629], [0.08703554819943268], [0.08785284035322444], [0.0881310101545291]]}, "cruise": {"tag": "unknowns", "throttle": [[0.7606705814531368], [0.7604444508896157], [0.7597756724361215], [0.7586926973547107], [0.7572416669625245], [0.7554845541077514], [0.7534966665991353], [0.751363599545487], [0.7491777324386781], [0.7470343764476247], [0.7450276934695835], [0.74324653307987], [0.7417703638857815], [0.7406655045422947], [0.7399818763410512], [0.7397504937841575]], "body_angle": [[0.08229218706574132], [0.08225813836601019], [0.08215732933174683], [0.08199373523241449], [0.08177386074700244], [0.0815065552806377], [0.08120274763755252], [0.08087509441357611], [0.08053753742038991], [0.08020476935547731], [0.07989161460717421], [0.07961234352453385], [0.079379952425494], [0.07920545545854056], [0.07909724463992046], [0.07906057742192245]]}, "decel_1": {"tag": "unknowns", "throttle": [[0.1841641421531654], [0.18194659049823037], [0.1754441488842108], [0.1650745515410449], [0.15144485432304947], [0.13527278158539963], [0.11734270398698125], [0.0984990856807904], [0.07964972570673551], [0.061739928356526044], [0.04567277381154174], [0.03218560830574089], [0.021732946053699388], [0.014444871050686049], [0.01020442916770899], [0.008820471983593262]], "body_angle": [[0.07932139900920145], [0.07947301193192083], [0.07992228420242005], [0.08065212732089694], [0.08163288622143001], [0.08282102830538578], [0.08415827332869476], [0.08557221916109214], [0.08697976655760922], [0.08829450422096993], [0.08943825895703349], [0.0903549332733181], [0.0910219165977516], [0.0914524601693377], [0.09168420242122222], [0.09175600681527103]]}, "descent_1": {"tag": "unknowns", "throttle": [[0.4896952145793177], [0.48496348128834926], [0.4714307877200597], [0.4509064352548441], [0.42588576834993164], [0.3989868301644762], [0.37247516996727575], [0.34799349554883946], [0.32651019720902624], [0.3084253828854], [0.2937480372590573], [0.2822732167934143], [0.27372007886534655], [0.26782060666471785], [0.264366676306993], [0.26322974873465865]], "body_angle": [[0.06818115015838944], [0.06743502805901927], [0.06525766398586436], [0.06182259083116619], [0.05738988580800915], [0.052270117538323835], [0.04678647987102728], [0.04124256624441117], [0.035900475062893095], [0.030970486560082378], [0.02661066213631622], [0.022933096904955184], [0.020013262744775134], [0.017899533167342704], [0.016621067961202534], [0.016193306687963156]]}, "decel_2": {"tag": "unknowns", "throttle": [[0.22195127714083915], [0.22150301105579207], [0.2201990346709869], [0.21816493890799765], [0.21561845478971023], [0.21287670159842717], [0.21035299943355773], [0.2085301828095659], [0.2078954751149221], [0.20883331107845282], [0.2117575626273894], [0.2243970718352371], [0.23172527529984255], [0.2102066470638083], [0.20137090698346455], [0.20423650144115826]], "body_angle": [[0.04324791224852472], [0.0432143201177717], [0.04309945256141321], [0.042860140043646744], [0.04242036263223239], [0.041665851118499825], [0.040436057503118676], [0.038514116930317976], [0.0356102041464481], [0.03132234412589487], [0.024636019817776574], [0.026293216572705155], [0.023887723851488633], [0.02489990826360217], [0.02555751009422908], [0.026013676936464964]]}, "descent_2": {"tag": "unknowns", "throttle": [[0.18501709505387492], [0.17724569657837408], [0.15896848137982011], [0.1274408151144756], [0.11225138711268295], [0.0993965644760487], [0.07668624077823835], [0.06125774140905627], [0.044603493376282534], [0.031791972136758356], [0.019855392330297098], [0.011654757852579712], [0.005316657493672164], [0.0021735668544320234], [0.0001972185505081621], [0.00018987154664929225]], "body_angle": [[-0.010547127235064329], [-0.009438675508901779], [-0.006671448442189462], [-0.00332704059445954], [-0.0001891595071988592], [0.002781564412048783], [0.005244410610641686], [0.007347872670213873], [0.009328896343664518], [0.011441452670045187], [0.013895808428179293], [0.01677805790435239], [0.019957153402146256], [0.023010893859253784], [0.025282676858680245], [0.02612978759627087]]}, "descent_3": {"tag": "unknowns", "throttle": [[0.12379287253003338], [0.12297981445890717], [0.12061780942620624], [0.1169243671004155], [0.11221948678808967], [0.10687463647122773], [0.10126152226040061], [0.09571134609092924], [0.09049020253855462], [0.08579092270780155], [0.08173790216042288], [0.07839988702785014], [0.0758059429705233], [0.07396105294087436], [0.0728592040725021], [0.07249295936744336]], "body_angle": [[0.0655512296414218], [0.06522129079339337], [0.06425315902118557], [0.06270938472342037], [0.060686384292987165], [0.05830432381504561], [0.05569572661711691], [0.05299461575084255], [0.050327570800761785], [0.04780744105784585], [0.045529822939097846], [0.043571926102760956], [0.041993179144988506], [0.040836846820113716], [0.04013199046118462], [0.03989523806922133]]}}, "conditions": {"climb_1": {"tag": "aerodynamic_conditions", "frames": {"inertial": {"position_vector": [[0.0, 0.0, -0.0], [64.18949455977389, 0.0, -13.321222592672052], [253.95258931145807, 0.0, -52.70268902107051], [560.9957264300541, 0.0, -116.42324022903203], [971.8996474670346, 0.0, -201.69798236363997], [1468.7058793373144, 0.0, -304.79999999999995], [2029.7016057673625, 0.0, -421.22324022903206], [2630.3686215560333, 0.0, -545.8794487920385], [3244.4548957932193, 0.0, -673.3205512079614], [3845.1219115818903, 0.0, -797.976759770968], [4406.117638011939, 0.0, -914.3999999999999], [4902.923869882221, 0.0, -1017.5020176363597], [5313.827790919198, 0.0, -1102.776759770968], [5620.870928037791, 0.0, -1166.4973109789296], [5810.634022789478, 0.0, -1205.878777407328], [5874.823517349254, 0.0, -1219.2]], "velocity_vector": [[97.91372528915443, 0.0, -20.32], [97.91372528915443, 0.0, -20.32], [97.91372528915443, 0.0, -20.32], [97.91372528915443, 0.0, -20.32], [97.91372528915443, 0.0, -20.32], [97.91372528915443, 0.0, -20.32], [97.91372528915443, 0.0, -20.32], [97.91372528915443, 0.0, -20.32], [97.91372528915443, 0.0, -20.32], [97.91372528915443, 0.0, -20.32], [97.91372528915443, 0.0, -20.32], [97.91372528915443, 0.0, -20.32], [97.91372528915443, 0.0, -20.32], [97.91372528915443, 0.0, -20.32], [97.91372528915443, 0.0, -20.32], [97.91372528915443, 0.0, -20.32]], "acceleration_vector": [[5.684341886080802e-14, 0.0, 1.4210854715202004e-14], [-1.279349273419069e-15, 0.0, -8.620383146020532e-16], [-4.872584620302721e-15, 0.0, 6.54788703618983e-16], [-1.3416089274831076e-15, 0.0, 1.292670156044415e-15], [5.545193109828743e-15, 0.0, -4.9267210967217445e-17], [-1.2250580222849638e-15, 0.0, 3.810446744881708e-17], [1.5253281646570153e-15, 0.0, -6.920907008860078e-16], [-3.589203413636059e-16, 0.0, 6.153202172502477e-16], [9.586996928531163e-16, 0.0, -3.663701777662627e-16], [-9.599986337277007e-18, 0.0, 2.43607258197522e-16], [-1.0681995273258368e-15, 0.0, 3.522885512392803e-16], [-2.934283377772044e-15, 0.0, 3.333787392035764e-16], [3.258268189371462e-16, 0.0, 1.5833040967946526e-15], [1.1318049794793228e-14, 0.0, -2.174637136625657e-15], [-2.7292762801650572e-15, 0.0, 3.0878598310976697e-15], [-5.684341886080802e-14, 0.0, 0.0]], "gravity_force_vector": [[0.0, 0.0, 1794616.95], [0.0, 0.0, 1794468.7118093262], [0.0, 0.0, 1794030.3237278357], [0.0, 0.0, 1793320.511177874], [0.0, 0.0, 1792369.6450542798], [0.0, 0.0, 1791218.514406378], [0.0, 0.0, 1789916.6663840432], [0.0, 0.0, 1788520.3687009453], [0.0, 0.0, 1787090.2630872445], [0.0, 0.0, 1785688.7913880642], [0.0, 0.0, 1784377.489717036], [0.0, 0.0, 1783214.2600741712], [0.0, 0.0, 1782250.7414377902], [0.0, 0.0, 1781529.9106622073], [0.0, 0.0, 1781084.0440853487], [0.0, 0.0, 1780933.1605492304]], "total_force_vector": [[-7.803831249475479e-05, 0.0, -7.567554712295532e-05], [-5.0648231990635395e-05, 0.0, -5.0575705245137215e-05], [3.5528093576431274e-05, 0.0, 3.1675910577178e-05], [9.508698713034391e-05, 0.0, 8.907145820558071e-05], [8.149025961756706e-05, 0.0, 7.942900992929935e-05], [-8.987262845039368e-08, 0.0, 6.24009408056736e-06], [-7.015501614660025e-05, 0.0, -5.740649066865444e-05], [-6.951543036848307e-05, 0.0, -6.033224053680897e-05], [-4.150904715061188e-06, 0.0, -8.903676643967628e-06], [4.965404514223337e-05, 0.0, 3.07012815028429e-05], [3.333564382046461e-05, 0.0, 1.2546544894576073e-05], [-3.868143539875746e-05, 0.0, -4.7194771468639374e-05], [-8.062098640948534e-05, 0.0, -7.303501479327679e-05], [-4.4210231862962246e-05, 0.0, -3.113923594355583e-05], [4.6222470700740814e-05, 0.0, 5.591916851699352e-05], [8.84123146533966e-05, 0.0, 9.412132203578949e-05]], "time": [[0.0], [0.6555719779858287], [2.593636270721971], [5.72949016875157], [9.926081809234239], [14.99999999999998], [20.729490168751553], [26.86414610197037], [33.135853898029566], [39.27050983124838], [44.99999999999994], [50.07391819076568], [54.27050983124837], [57.40636372927797], [59.34442802201411], [59.999999999999936]]}, "body": {"inertial_rotations": [[0.0, 0.3899554179845546, 0.0], [0.0, 0.3901396850341116, 0.0], [0.0, 0.39068572357052217, 0.0], [0.0, 0.39157333539235545, 0.0], [0.0, 0.3927691810681926, 0.0], [0.0, 0.39422735149189303, 0.0], [0.0, 0.395890323737009, 0.0], [0.0, 0.3976904229579495, 0.0], [0.0, 0.399551899796948, 0.0], [0.0, 0.401393689358788, 0.0], [0.0, 0.4031328432798974, 0.0], [0.0, 0.40468852710767356, 0.0], [0.0, 0.40598636459220017, 0.0], [0.0, 0.406962808627287, 0.0], [0.0, 0.407569148649464, 0.0], [0.0, 0.4077747474375331, 0.0]], "transform_to_inertial": [[[0.9249260085039483, 0.0, 0.38014718043536], [0.0, 1.0, 0.0], [-0.38014718043536, 0.0, 0.9249260085039483]], [[0.9248559442023798, 0.0, 0.38031760736721676], [0.0, 1.0, 0.0], [-0.38031760736721676, 0.0, 0.9248559442023798]], [[0.9246481382663672, 0.0, 0.38082255763090134], [0.0, 1.0, 0.0], [-0.38082255763090134, 0.0, 0.9246481382663672]], [[0.9243097514623904, 0.0, 0.3816431361252736], [0.0, 1.0, 0.0], [-0.3816431361252736, 0.0, 0.9243097514623904]], [[0.9238527043740581, 0.0, 0.3827481947974924], [0.0, 1.0, 0.0], [-0.3827481947974924, 0.0, 0.9238527043740581]], [[0.9232936102986553, 0.0, 0.38409492209826834], [0.0, 1.0, 0.0], [-0.38409492209826834, 0.0, 0.9232936102986553]], [[0.9226535947249354, 0.0, 0.38562980193594304], [0.0, 1.0, 0.0], [-0.38562980193594304, 0.0, 0.9226535947249354]], [[0.921957928330585, 0.0, 0.387290044267053], [0.0, 1.0, 0.0], [-0.387290044267053, 0.0, 0.921957928330585]], [[0.9212353999636428, 0.0, 0.38900557560763455], [0.0, 1.0, 0.0], [-0.38900557560763455, 0.0, 0.9212353999636428]], [[0.9205173714582993, 0.0, 0.3907016366020286], [0.0, 1.0, 0.0], [-0.3907016366020286, 0.0, 0.9205173714582993]], [[0.9198364893935456, 0.0, 0.3923019663220639], [0.0, 1.0, 0.0], [-0.3923019663220639, 0.0, 0.9198364893935456]], [[0.919225078743188, 0.0, 0.3937324657804836], [0.0, 1.0, 0.0], [-0.3937324657804836, 0.0, 0.919225078743188]], [[0.9187133039706342, 0.0, 0.3949251386115614], [0.0, 1.0, 0.0], [-0.3949251386115614, 0.0, 0.9187133039706342]], [[0.918327243765681, 0.0, 0.39582202232534697], [0.0, 1.0, 0.0], [-0.39582202232534697, 0.0, 0.918327243765681]], [[0.918087072235908, 0.0, 0.3963787680909494], [0.0, 1.0, 0.0], [-0.3963787680909494, 0.0, 0.918087072235908]], [[0.9180055578379805, 0.0, 0.39656751730137724], [0.0, 1.0, 0.0], [-0.39656751730137724, 0.0, 0.9180055578379805]]], "thrust_force_vector": [[618502.5450531179, 0.0, 0.0], [618679.9235393513, 0.0, 0.0], [619205.8704935587, 0.0, 0.0], [620061.8305336164, 0.0, 0.0], [621216.9525555443, 0.0, 0.0], [622628.3362293097, 0.0, 0.0], [624241.6210186153, 0.0, 0.0], [625992.104426257, 0.0, 0.0], [627806.5548835347, 0.0, 0.0], [629605.8201280637, 0.0, 0.0], [631308.2299102495, 0.0, 0.0], [632833.6660529898, 0.0, 0.0], [634108.0442671349, 0.0, 0.0], [635067.8448292938, 0.0, 0.0], [635664.2661562902, 0.0, 0.0], [635866.5721322364, 0.0, 0.0]]}, "wind": {"body_rotations": [[0.0, 0.18533041566707803, 0.0], [0.0, 0.1855146827166351, 0.0], [0.0, 0.1860607212530457, 0.0], [0.0, 0.18694833307487893, 0.0], [0.0, 0.1881441787507161, 0.0], [0.0, 0.1896023491744165, 0.0], [0.0, 0.19126532141953245, 0.0], [0.0, 0.19306542064047297, 0.0], [0.0, 0.1949268974794715, 0.0], [0.0, 0.19676868704131148, 0.0], [0.0, 0.1985078409624209, 0.0], [0.0, 0.20006352479019712, 0.0], [0.0, 0.20136136227472365, 0.0], [0.0, 0.2023378063098106, 0.0], [0.0, 0.20294414633198748, 0.0], [0.0, 0.2031497451200566, 0.0]], "velocity_vector": [[0.0, 0.0, 0.0], [0.0, 0.0, 0.0], [0.0, 0.0, 0.0], [0.0, 0.0, 0.0], [0.0, 0.0, 0.0], [0.0, 0.0, 0.0], [0.0, 0.0, 0.0], [0.0, 0.0, 0.0], [0.0, 0.0, 0.0], [0.0, 0.0, 0.0], [0.0, 0.0, 0.0], [0.0, 0.0, 0.0], [0.0, 0.0, 0.0], [0.0, 0.0, 0.0], [0.0, 0.0, 0.0], [0.0, 0.0, 0.0]], "lift_force_vector": [[0.0, 0.0, -1643204.0418457096], [0.0, 0.0, -1642914.1623704617], [0.0, 0.0, -1642055.6162469923], [0.0, 0.0, -1640661.4392167586], [0.0, 0.0, -1638785.8653997467], [0.0, 0.0, -1636503.0183718575], [0.0, 0.0, -1633904.9474917222], [0.0, 0.0, -1631098.9054126781], [0.0, 0.0, -1628203.7748752914], [0.0, 0.0, -1625345.6001066037], [0.0, 0.0, -1622652.2638599628], [0.0, 0.0, -1620247.472004671], [0.0, 0.0, -1618244.3479884625], [0.0, 0.0, -1616739.0739213848], [0.0, 0.0, -1615805.1101951117], [0.0, 0.0, -1615488.5511942666]], "drag_force_vector": [[-243244.7834224985, 0.0, 0.0], [-243428.22867491748, 0.0, 0.0], [-243971.7755535318, 0.0, 0.0], [-244855.14285142333, 0.0, 0.0], [-246044.84507078267, 0.0, 0.0], [-247494.77193589642, 0.0, 0.0], [-249147.18506436478, 0.0, 0.0], [-250934.2643354715, 0.0, 0.0], [-252780.30726182275, 0.0, 0.0], [-254604.62041620357, 0.0, 0.0], [-256325.0505841157, 0.0, 0.0], [-257861.99992964498, 0.0, 0.0], [-259142.6730451318, 0.0, 0.0], [-260105.23347730425, 0.0, 0.0], [-260702.5172913333, 0.0, 0.0], [-260904.9679350598, 0.0, 0.0]], "transform_to_inertial": [[[0.9791372528915443, 0.0, 0.20320000000000005], [0.0, 1.0, 0.0], [-0.20320000000000005, 0.0, 0.9791372528915443]], [[0.9791372528915443, 0.0, 0.2032], [0.0, 1.0, 0.0], [-0.2032, 0.0, 0.9791372528915443]], [[0.9791372528915443, 0.0, 0.20319999999999996], [0.0, 1.0, 0.0], [-0.20319999999999996, 0.0, 0.9791372528915443]], [[0.9791372528915443, 0.0, 0.20320000000000008], [0.0, 1.0, 0.0], [-0.20320000000000008, 0.0, 0.9791372528915443]], [[0.9791372528915443, 0.0, 0.20320000000000005], [0.0, 1.0, 0.0], [-0.20320000000000005, 0.0, 0.9791372528915443]], [[0.9791372528915443, 0.0, 0.2032], [0.0, 1.0, 0.0], [-0.2032, 0.0, 0.9791372528915443]], [[0.9791372528915443, 0.0, 0.20320000000000002], [0.0, 1.0, 0.0], [-0.20320000000000002, 0.0, 0.9791372528915443]], [[0.9791372528915444, 0.0, 0.20320000000000008], [0.0, 1.0, 0.0], [-0.20320000000000008, 0.0, 0.9791372528915444]], [[0.9791372528915442, 0.0, 0.20319999999999996], [0.0, 1.0, 0.0], [-0.20319999999999996, 0.0, 0.9791372528915442]], [[0.9791372528915444, 0.0, 0.20320000000000002], [0.0, 1.0, 0.0], [-0.20320000000000002, 0.0, 0.9791372528915444]], [[0.9791372528915443, 0.0, 0.20320000000000002], [0.0, 1.0, 0.0], [-0.20320000000000002, 0.0, 0.9791372528915443]], [[0.9791372528915443, 0.0, 0.20319999999999996], [0.0, 1.0, 0.0], [-0.20319999999999996, 0.0, 0.9791372528915443]], [[0.9791372528915443, 0.0, 0.20320000000000005], [0.0, 1.0, 0.0], [-0.20320000000000005, 0.0, 0.9791372528915443]], [[0.9791372528915443, 0.0, 0.2031999999999999], [0.0, 1.0, 0.0], [-0.2031999999999999, 0.0, 0.9791372528915443]], [[0.9791372528915443, 0.0, 0.20319999999999996], [0.0, 1.0, 0.0], [-0.20319999999999996, 0.0, 0.9791372528915443]], [[0.9791372528915443, 0.0, 0.20320000000000002], [0.0, 1.0, 0.0], [-0.20320000000000002, 0.0, 0.9791372528915443]]]}, "planet": {"start_time": null, "latitude": [[0.0], [0.0005772693897955301], [0.0022838410581959017], [0.005045109679203296], [0.008740365163672143], [0.0132080733539082], [0.018252941679820552], [0.023654459963775663], [0.029176542134641405], [0.03457784670787314], [0.039622324564863885], [0.04408953304360338], [0.0477842659786578], [0.05054507956587405], [0.05225134239558346], [0.052828502542804044]], "longitude": [[0.0], [0.0], [0.0], [0.0], [0.0], [0.0], [0.0], [0.0], [0.0], [0.0], [0.0], [0.0], [0.0], [0.0], [0.0], [0.0]]}}, "weights": {"total_mass": [[183000.0], [182984.88391135875], [182940.18076793154], [182867.8000313944], [182770.83867113438], [182653.45601264224], [182520.70445912145], [182378.3217205616], [182232.49153250546], [182089.58119113705], [181955.86563373182], [181837.24922110725], [181738.99766360482], [181665.4933807373], [181620.02764301252], [181604.6418042074]], "weight_breakdown": {}, "vehicle_mass_rate": [[23.055845516990413], [23.059881691688517], [23.07187911689966], [23.09149822332151], [23.11815429378501], [23.15099638683386], [23.188890641076707], [23.23041784225503], [23.273894296329743], [23.31742228790447], [23.3589720926883], [23.396492317794465], [23.42804015097435], [23.451918841929423], [23.466807240241078], [23.471865997043658]]}, "energies": {"total_energy": [[0.0], [0.0], [0.0], [0.0], [0.0], [0.0], [0.0], [0.0], [0.0], [0.0], [0.0], [0.0], [0.0], [0.0], [0.0], [0.0]], "total_efficiency": [[0.0], [0.0], [0.0], [0.0], [0.0], [0.0], [0.0], [0.0], [0.0], [0.0], [0.0], [0.0], [0.0], [0.0], [0.0], [0.0]], "gravity_energy": [[0.0], [0.0], [0.0], [0.0], [0.0], [0.0], [0.0], [0.0], [0.0], [0.0], [0.0], [0.0], [0.0], [0.0], [0.0], [0.0]], "propulsion_power": [[0.0], [0.0], [0.0], [0.0], [0.0], [0.0], [0.0], [0.0], [0.0], [0.0], [0.0], [0.0], [0.0], [0.0], [0.0], [0.0]]}, "freestream": {"velocity": [[100.0], [100.0], [100.0], [100.0], [100.0], [100.0], [100.0], [100.0], [100.0], [100.0], [100.0], [100.0], [100.0], [100.0], [100.0], [100.0]], "mach_number": [[0.29386354971619677], [0.2939077120001378], [0.29403838419409667], [0.29425018246778306], [0.29453433463976597], [0.2948789824175409], [0.29526960490110626], [0.29568956040731903], [0.29612073863048666], [0.2965443078910559], [0.29694153325285727], [0.2972946316302055], [0.2975876211121058], [0.29780711529322856], [0.2979430110428472], [0.29798902104818675]], "pressure": [[101325.0], [101165.07283462111], [100693.47971700387], [99934.20971830012], [98925.39157060065], [97716.73727174143], [96366.36948036612], [94937.35495723058], [93494.25946673968], [92099.98924318216], [90813.1043113747], [89685.69716539643], [88761.8435685271], [88076.5638539889], [87655.19098764342], [87513.02811558972]], "temperature": [[288.15], [288.0634122341953], [287.8074353551533], [287.39326276707834], [286.83900461912907], [286.1688947796062], [285.41222994814433], [284.60208757476494], [283.77387890847854], [282.96380064029273], [282.20725293484793], [281.53729299001355], [280.98319158727105], [280.5691554922507], [280.31327125322184], [280.2267162560886]], "density": [[1.2250000002007604], [1.2234341475571402], [1.2188140164984442], [1.2113668919933467], [1.2014554492152056], [1.1895552872849393], [1.1762266610423338], [1.1620829964148092], [1.1477587960631956], [1.133879228808676], [1.1210331380962857], [1.1097505225965891], [1.1004848622057892], [1.0936000928311707], [1.0893616467867993], [1.0879308050435257]], "speed_of_sound": [[340.29399051558636], [340.2428582750258], [340.09165257141854], [339.8468580761163], [339.51899062058857], [339.12216862713746], [338.67353205384177], [338.19252821184404], [337.70008970828854], [337.2177355592267], [336.766631816527], [336.3666523396445], [336.0354830160374], [335.78781320096203], [335.63465593632935], [335.58283338173504]], "dynamic_viscosity": [[1.789380278077583e-05], [1.788962452270111e-05], [1.7877268929005636e-05], [1.7857266292190283e-05], [1.7830476489809398e-05], [1.7798053846240012e-05], [1.7761399510080425e-05], [1.7722102950871072e-05], [1.7681874663842536e-05], [1.764247264429514e-05], [1.7605625621181876e-05], [1.757295637959055e-05], [1.7545908706107278e-05], [1.752568151373694e-05], [1.751317350927713e-05], [1.750894134013417e-05]], "altitude": [[0.0], [13.321222592672052], [52.70268902107051], [116.42324022903203], [201.69798236363997], [304.79999999999995], [421.22324022903206], [545.8794487920385], [673.3205512079614], [797.976759770968], [914.3999999999999], [1017.5020176363597], [1102.776759770968], [1166.4973109789296], [1205.878777407328], [1219.2]], "gravity": [[9.80665], [9.80665], [9.80665], [9.80665], [9.80665], [9.80665], [9.80665], [9.80665], [9.80665], [9.80665], [9.80665], [9.80665], [9.80665], [9.80665], [9.80665], [9.80665]], "reynolds_number": [[6845945.577967566], [6838791.647106169], [6817674.563931487], [6783607.704406174], [6738212.80043677], [6683625.623125322], [6622376.01476601], [6557252.260842389], [6491160.116694156], [6426985.897440666], [6367471.183458177], [6315104.29221498], [6272031.164864883], [6239986.113943629], [6220241.2727181595], [6213572.733548201]], "dynamic_pressure": [[6125.000001003802], [6117.170737785701], [6094.070082492221], [6056.834459966733], [6007.277246076028], [5947.776436424697], [5881.133305211669], [5810.414982074046], [5738.793980315978], [5669.39614404338], [5605.165690481428], [5548.752612982946], [5502.424311028946], [5468.0004641558535], [5446.808233933996], [5439.654025217628]], "stagnation_temperature": [[293.13869979529676], [293.0521382947055], [292.79623882485294], [292.3821907320314], [291.82809772900697], [291.1581853213256], [290.40174048195956], [289.59183018490927], [288.76385506098546], [287.9540015881177], [287.19766057170204], [286.52788103381164], [285.97392697302683], [285.55999987051734], [285.3041825187219], [285.2176500649711]], "stagnation_pressure": [[107587.69205571394], [107419.80945457405], [106924.743001869], [106127.63539872789], [105068.45642200235], [103799.33276192074], [102381.23220635873], [100880.33748071364], [99364.4383305438], [97899.61855970348], [96547.4321182858], [95362.66711447269], [94391.70645453315], [93671.42255097434], [93228.49946027016], [93079.06140126626]], "isentropic_expansion_factor": [[1.4009657721330457], [1.400967883194452], [1.4009741049429385], [1.400984111224632], [1.4009973847157258], [1.401013253261443], [1.4010309350831929], [1.4010495881728386], [1.4010683590946404], [1.4010864269744425], [1.4011030395648112], [1.4011175397377071], [1.401129382318796], [1.4011381425705822], [1.4011435186189074], [1.401145330538874]], "specific_heat_at_constant_pressure": [[1004.7652106172491], [1004.7639889031408], [1004.7604360543339], [1004.7548740072014], [1004.7477918404803], [1004.7397823440097], [1004.7314675182282], [1004.7234245149828], [1004.7161233052592], [1004.7098852709787], [1004.7048682866472], [1004.7010792760958], [1004.6984104786558], [1004.6966915727884], [1004.6957471242977], [1004.6954480546585]], "gas_specific_constant": 287.0528742}, "aerodynamics": {"angle_of_attack": [[0.18533041566707803], [0.1855146827166351], [0.1860607212530457], [0.18694833307487893], [0.1881441787507161], [0.1896023491744165], [0.19126532141953245], [0.19306542064047297], [0.1949268974794715], [0.19676868704131148], [0.1985078409624209], [0.20006352479019712], [0.20136136227472365], [0.2023378063098106], [0.20294414633198748], [0.2031497451200566]], "side_slip_angle": [[0.0], [0.0], [0.0], [0.0], [0.0], [0.0], [0.0], [0.0], [0.0], [0.0], [0.0], [0.0], [0.0], [0.0], [0.0], [0.0]], "roll_angle": [[0.0], [0.0], [0.0], [0.0], [0.0], [0.0], [0.0], [0.0], [0.0], [0.0], [0.0], [0.0], [0.0], [0.0], [0.0], [0.0]], "lift_coefficient": [[0.7488575320854659], [0.7496837062753602], [0.7521322644113989], [0.7561136315132472], [0.7614797077942714], [0.7680260939538902], [0.7754960057162175], [0.783586501940926], [0.7919575877413304], [0.8002445348428933], [0.8080733906299141], [0.8150791631722751], [0.820925644269883], [0.825325365309153], [0.8280578772369631], [0.8289844936904609]], "drag_coefficient": [[0.11085396795995686], [0.11107955659822677], [0.11174959129517462], [0.11284370244263707], [0.11432741805048725], [0.1161515993737957], [0.11825207283291675], [0.12054983407520803], [0.12295222837382172], [0.12535546656689683], [0.12764870042837853], [0.12971965502068586], [0.13146152253943247], [0.1327805149892216], [0.13360322460703605], [0.13388282608693183]], "lift_breakdown": {"inviscid_wings_lift": {"total": [[0.4711771088255224], [0.47164558247216914], [0.4730338103999338], [0.4752904414578494], [0.47833071472392047], [0.48203791260582807], [0.486265790969401], [0.49084229582139166], [0.495574844831159], [0.5002573416446972], [0.5046789014485824], [0.5086340137574814], [0.5119335871787329], [0.5144160619291737], [0.5159575980962738], [0.5164803047561156]], "main_wing": [[0.6278890439937258], [0.6285728308603266], [0.630599310224999], [0.6338941168760187], [0.6383343435796992], [0.6437504491881744], [0.6499295790506424], [0.6566208025069737], [0.663542718031131], [0.670393694853188], [0.6768647153609115], [0.6826543873109535], [0.6874852682872199], [0.6911202675525288], [0.6933776476997742], [0.6941431101833537]], "vertical_stabilizer": [[0.0], [0.0], [0.0], [0.0], [0.0], [0.0], [0.0], [0.0], [0.0], [0.0], [0.0], [0.0], [0.0], [0.0], [0.0], [0.0]]}, "vortex_lift": [[0.6278890439937258], [0.6285728308603266], [0.630599310224999], [0.6338941168760187], [0.6383343435796992], [0.6437504491881744], [0.6499295790506424], [0.6566208025069737], [0.663542718031131], [0.670393694853188], [0.6768647153609115], [0.6826543873109535], [0.6874852682872199], [0.6911202675525288], [0.6933776476997742], [0.6941431101833537]], "compressible_wings": [[0.6568925720047947], [0.6576172862064563], [0.6597651442205255], [0.6632575715028485], [0.6679646559598873], [0.6737070999595529], [0.6802596541370329], [0.6873565806499352], [0.6946996383695881], [0.7019688902130643], [0.7088363075701002], [0.7149817220809431], [0.7201102142718273], [0.7239696186922395], [0.7263665589797923], [0.7271793804302289]]}, "drag_breakdown": {"parasite": {"main_wing": {"wetted_area": 595.4, "reference_area": 358.25, "parasite_drag_coefficient": [[0.0034369689044293755], [0.003437452345889796], [0.003438882868105842], [0.003441201710132015], [0.003444313095204668], [0.0034480874850638054], [0.0034523661528569677], [0.0034569670532334476], [0.00346169191337451], [0.0034663343877140034], [0.003470689017617281], [0.0034745606268083286], [0.0034777736804652323], [0.0034801810601511364], [0.0034816716769896826], [0.0034821763756726844]], "skin_friction_coefficient": [[0.002032400281736618], [0.0020326860357027963], [0.002033531592580927], [0.0020349022189441], [0.0020367413015832175], [0.0020389722713385757], [0.002041501306366264], [0.0020442208021441855], [0.0020470135630919154], [0.0020497576228121887], [0.0020523315399898438], [0.0020546199517047824], [0.0020565191051376643], [0.002057942043897062], [0.0020588231076273497], [0.0020591214214036035]], "compressibility_factor": [[0.9901582714112169], [0.990155342250831], [0.9901466726543315], [0.9901326127927398], [0.9901137345687284], [0.9900908137109615], [0.9900648041761063], [0.9900368046269851], [0.990008017076526], [0.9899796983269388], [0.9899531055576206], [0.989929438242876], [0.9899097793878402], [0.9898950397066972], [0.9898859086796258], [0.9898828162967159]], "reynolds_factor": [[0.995908263555516], [0.9959071864241344], [0.9959039986568443], [0.9958988297968633], [0.9958918912616779], [0.9958834695190905], [0.9958739163950199], [0.9958636364755481], [0.9958530716854763], [0.9958426833178452], [0.9958329320408347], [0.9958242566918708], [0.9958170529411563], [0.9958116531169874], [0.9958083085823233], [0.9958071759975022]], "form_factor": [[1.0175218062339948], [1.017521867268928], [1.0175220479231941], [1.0175223409166025], [1.0175227343559081], [1.0175232121029343], [1.0175237543021072], [1.0175243380732006], [1.017524938368451], [1.0175255289818657], [1.0175260836831752], [1.0175265774312139], [1.017526987604157], [1.0175272951702645], [1.017527485715848], [1.0175275502496577]]}, "vertical_stabilizer": {"wetted_area": 76.0, "reference_area": 33.91, "parasite_drag_coefficient": [[0.0004905020529482279], [0.0004905740419843447], [0.0004907870640929289], [0.0004911323796415987], [0.0004915957415257802], [0.0004921578765447681], [0.0004927951625970283], [0.0004934804991509352], [0.0004941843602986279], [0.0004948760075543042], [0.0004955248242527427], [0.000496101716671378], [0.000496580511352762], [0.0004969392665078183], [0.0004971614107120358], [0.0004972366265017454]], "skin_friction_coefficient": [[0.0022605993836765236], [0.002260930991654756], [0.002261912249413394], [0.002263502897805096], [0.0022656373077218684], [0.0022682266978546143], [0.002271162254529814], [0.00227431914183371], [0.0022775613526960768], [0.0022807472956636395], [0.0022837359416113725], [0.002286393277595673], [0.0022885987430177547], [0.002290251269885487], [0.002291274527486688], [0.0022916209920445085]], "compressibility_factor": [[0.9901582714112169], [0.990155342250831], [0.9901466726543315], [0.9901326127927398], [0.9901137345687284], [0.9900908137109615], [0.9900648041761063], [0.9900368046269851], [0.990008017076526], [0.9899796983269388], [0.9899531055576206], [0.989929438242876], [0.9899097793878402], [0.9898950397066972], [0.9898859086796258], [0.9898828162967159]], "reynolds_factor": [[0.995908263555516], [0.9959071864241344], [0.9959039986568443], [0.9958988297968633], [0.9958918912616779], [0.9958834695190905], [0.9958739163950199], [0.9958636364755481], [0.9958530716854763], [0.9958426833178452], [0.9958329320408347], [0.9958242566918708], [0.9958170529411563], [0.9958116531169873], [0.9958083085823234], [0.9958071759975022]], "form_factor": [[1.022797908666273], [1.0227979861159975], [1.0227982153554636], [1.0227985871461867], [1.0227990863958352], [1.0227996926254628], [1.0228003806390442], [1.022801121402651], [1.0228018831321808], [1.0228026325741648], [1.0228033364446825], [1.022803962969003], [1.0228044834425596], [1.0228048737163888], [1.022805115501386], [1.0228051973888674]]}, "fuselage": {"wetted_area": 447.0, "reference_area": 11.9, "parasite_drag_coefficient": [[0.00222301811848796], [0.0022233104730416298], [0.0022241755378476294], [0.0022255777115828194], [0.0022274589792338935], [0.002229740900643654], [0.002232327399824744], [0.002235108338014094], [0.002237963820132603], [0.002240769135887321], [0.002243400176614674], [0.002245739103945328], [0.002247679986251393], [0.002249134075035734], [0.0022500343769320426], [0.002250339195860764]], "skin_friction_coefficient": [[0.0017283038603779612], [0.0017285316363770016], [0.0017292056171672866], [0.0017302980688204991], [0.0017317637961791206], [0.001733541691112949], [0.0017355569044854619], [0.0017377236287691436], [0.0017399484523070022], [0.0017421342084624684], [0.0017441841959852144], [0.0017460065961741812], [0.0017475188654715963], [0.0017486518478903935], [0.0017493533387482282], [0.0017495908458525077]], "compressibility_factor": [[0.9901582714112169], [0.990155342250831], [0.9901466726543315], [0.9901326127927398], [0.9901137345687284], [0.9900908137109615], [0.9900648041761063], [0.9900368046269851], [0.990008017076526], [0.9899796983269388], [0.9899531055576206], [0.989929438242876], [0.9899097793878402], [0.9898950397066972], [0.9898859086796258], [0.9898828162967159]], "reynolds_factor": [[0.995908263555516], [0.9959071864241344], [0.9959039986568443], [0.9958988297968632], [0.9958918912616779], [0.9958834695190905], [0.9958739163950199], [0.995863636475548], [0.9958530716854763], [0.9958426833178452], [0.9958329320408347], [0.9958242566918707], [0.9958170529411563], [0.9958116531169873], [0.9958083085823233], [0.9958071759975022]], "form_factor": [[1.0308644864584786], [1.030864198687482], [1.0308633469100654], [1.0308619653999296], [1.0308601101580683], [1.0308578571927605], [1.0308553000507112], [1.0308525465689882], [1.0308497148484321], [1.0308469285030513], [1.030844311313152], [1.0308419814946597], [1.0308400458805511], [1.0308385943770249], [1.0308376950910167], [1.0308373905146835]]}, "turbojet": {"wetted_area": 117.5, "reference_area": 1.3273228961416876, "parasite_drag_coefficient": [[0.0029380600851003774], [0.002938483142543395], [0.0029397349978120837], [0.0029417642622484755], [0.002944487169066983], [0.0029477904110636554], [0.002951535130547171], [0.0029555620447898638], [0.0029596976423516305], [0.002963761314482148], [0.0029675731963876083], [0.002970962395585061], [0.0029737751935162357], [0.00297588273931072], [0.0029771877278053933], [0.0029776295800279504]], "skin_friction_coefficient": [[0.002157677478214598], [0.0021579881667268645], [0.0021589075148140367], [0.0021603977832377317], [0.00216239745463566], [0.0021648233175026103], [0.0021675733963498023], [0.0021705307157770743], [0.0021735678509817746], [0.002176552164978391], [0.002179351567134506], [0.0021818405559794287], [0.0021839062423748986], [0.0021854539997261265], [0.0021864123682423338], [0.002186736859424167]], "compressibility_factor": [[0.9901582714112169], [0.990155342250831], [0.9901466726543315], [0.9901326127927398], [0.9901137345687284], [0.9900908137109615], [0.9900648041761063], [0.9900368046269851], [0.990008017076526], [0.9899796983269388], [0.9899531055576206], [0.989929438242876], [0.9899097793878402], [0.9898950397066972], [0.9898859086796258], [0.9898828162967159]], "reynolds_factor": [[0.995908263555516], [0.9959071864241344], [0.9959039986568443], [0.9958988297968633], [0.9958918912616779], [0.9958834695190905], [0.9958739163950199], [0.9958636364755481], [0.9958530716854763], [0.9958426833178451], [0.9958329320408347], [0.9958242566918707], [0.9958170529411563], [0.9958116531169873], [0.9958083085823233], [0.9958071759975022]], "form_factor": [[1.0379166666666666], [1.0379166666666666], [1.0379166666666666], [1.0379166666666666], [1.0379166666666666], [1.0379166666666666], [1.0379166666666666], [1.0379166666666666], [1.0379166666666666], [1.0379166666666666], [1.0379166666666666], [1.0379166666666666], [1.0379166666666666], [1.0379166666666666], [1.0379166666666666], [1.0379166666666666]]}, "total": [[0.00908854916096594], [0.009089820003459165], [0.009093580467858483], [0.009099676063604909], [0.009107854985031324], [0.009117776673315883], [0.009129023845825913], [0.00914111793518834], [0.009153537736157371], [0.009165740845637775], [0.009177187214872306], [0.009187363843010096], [0.009195809371585623], [0.009202137141005408], [0.009206055192439154], [0.009207381778063144]]}, "compressible": {"main_wing": {"compressibility_drag": [[8.980825182891362e-11], [9.000605716009002e-11], [9.059372525009313e-11], [9.155383771960532e-11], [9.285683708073534e-11], [9.446042777243225e-11], [9.630910929155274e-11], [9.83341809126376e-11], [1.0045459413139504e-10], [1.0257900244709438e-10], [1.0460924831414007e-10], [1.0644532682997216e-10], [1.0799159146366635e-10], [1.0916366513425197e-10], [1.0989526197308499e-10], [1.1014399088608161e-10]], "volume_wave_drag": [[0.0], [0.0], [0.0], [0.0], [0.0], [0.0], [0.0], [0.0], [0.0], [0.0], [0.0], [0.0], [0.0], [0.0], [0.0], [0.0]], "lift_wave_drag": [[0.0], [0.0], [0.0], [0.0], [0.0], [0.0], [0.0], [0.0], [0.0], [0.0], [0.0], [0.0], [0.0], [0.0], [0.0], [0.0]], "crest_critical": [[0.93], [0.93], [0.93], [0.93], [0.93], [0.93], [0.93], [0.93], [0.93], [0.93], [0.93], [0.93], [0.93], [0.93], [0.93], [0.93]], "divergence_mach": [[0.95], [0.95], [0.95], [0.95], [0.95], [0.95], [0.95], [0.95], [0.95], [0.95], [0.95], [0.95], [0.95], [0.95], [0.95], [0.95]]}, "vertical_stabilizer": {"compressibility_drag": [[8.500761533896611e-12], [8.519484712627082e-12], [8.575110183477063e-12], [8.66598921722768e-12], [8.78932406254776e-12], [8.941111251257997e-12], [9.116097407052486e-12], [9.307779692247149e-12], [9.508486495451793e-12], [9.709571452842903e-12], [9.90174350406836e-12], [1.007553672799541e-11], [1.0221897743287998e-11], [1.0332839873558922e-11], [1.0402088858359558e-11], [1.042563218687237e-11]], "volume_wave_drag": [[0.0], [0.0], [0.0], [0.0], [0.0], [0.0], [0.0], [0.0], [0.0], [0.0], [0.0], [0.0], [0.0], [0.0], [0.0], [0.0]], "lift_wave_drag": [[0.0], [0.0], [0.0], [0.0], [0.0], [0.0], [0.0], [0.0], [0.0], [0.0], [0.0], [0.0], [0.0], [0.0], [0.0], [0.0]], "crest_critical": [[0.93], [0.93], [0.93], [0.93], [0.93], [0.93], [0.93], [0.93], [0.93], [0.93], [0.93], [0.93], [0.93], [0.93], [0.93], [0.93]], "divergence_mach": [[0.95], [0.95], [0.95], [0.95], [0.95], [0.95], [0