{"numerics": {"tolerance_boundary_conditions": 1e-08, "solver_jacobian": "none", "time": {"integrate": [], "control_points": [], "differentiate": []}, "number_control_points": 16, "tag": "numerics", "tolerance_solution": 1e-08, "converged": null, "discretization_method": null, "dimensionless": {"integrate": [], "control_points": [], "differentiate": []}}, "segments": {"climb_1": {"numerics": {"tolerance_boundary_conditions": 1e-08, "solver_jacobian": "none", "time": {"integrate": [[0.0, 0.0, 0.0, 0.0, 0.0, 0.0, 0.0, 0.0, 0.0, 0.0, 0.0, 0.0, 0.0, 0.0, 0.0, 0.0], [0.0, 2.3874309374763363, -1.4436306453170125, 1.3776981986351902, -1.356820053378498, 1.3475104526491979, -1.3425598516899757, 1.33962733238699, -1.3377623123303743, 1.336518914930577, -1.3356659086753362, 1.3350744863066948, -1.334669359417931, 1.3344055074860341, -1.334256452733558, 0.6671041119859995], [0.0, 4.0372464458947155, 2.7352678718834347, -0.4008819431944362, 0.1786579933230818, -0.09881560483970178, 0.06012438599203517, -0.03831106976420775, 0.02484160024461977, -0.01602968588560467, 0.010060456056356337, -0.005957501094492626, 0.0031636730896501594, -0.0013513574663220757, 0.0003300652408689867, -3.214294870292552e-15], [0.0, 3.785618629104589, 6.177012231995522, 5.471810221838986, -1.948455135267218, 1.6104587702048756, -1.4877144054506384, 1.4273411355870838, -1.392835659957093, 1.3713230647179648, -1.3572050149698733, 1.3477073361123826, -1.3413342839725944, 1.337240416442409, -1.3349472265315465, 0.6671041119859966], [0.0, 3.8954462862228145, 5.568318504235123, 10.544831136723388, 5.401879582713505, -0.8216399218623488, 0.37264631117017827, -0.20686178443777517, 0.12410857934661561, -0.07632031166370674, 0.046414133477542974, -0.02690947073291831, 0.01408866258547967, -0.005963363346272117, 0.0014491212544358843, -4.5383076019774225e-15], [0.0, 3.8356022718569274, 5.853199619859372, 9.603081159138586, 11.861730104826028, 7.71898312344917, -2.297539254661587, 1.7656991774953292, -1.569359067270123, 1.4713705310857255, -1.4149825527162794, 1.3800825422565175, -1.357906099233546, 1.3441546042915216, -1.3366139731509623, 0.6671041119859962], [0.0, 3.8717230566366916, 5.691814553563083, 10.054238745683053, 10.643663766617273, 15.257492316078325, 7.091987254242974, -1.0616701068787218, 0.4678194982540381, -0.24828862577187358, 0.13889149370407747, -0.07648893805273045, 0.038762483193272794, -0.01607939891614645, 0.0038643927002123732, -4.251376761514621e-15], [0.0, 3.8487461413713087, 5.791121630894248, 9.796230331128232, 11.228942109661965, 13.83756793274982, 15.352705913971677, 8.797481689151976, -2.4274716275062125, 1.8015694605948531, -1.5715756953023825, 1.4582585030532147, -1.3951677551674146, 1.3590392329198782, -1.3401182434426322, 0.6671041119859968], [0.0, 3.8637138621395075, 5.7276874871115275, 9.95462140713085, 10.896497846162264, 14.513128892761138, 13.816447127904098, 17.39192593208762, 7.501180839401424, -1.0688975494447297, 0.4381934886809357, -0.20839398441849633, 0.09743154480721072, -0.03860313483484287, 0.009057701297565637, -2.170522888989819e-15], [0.0, 3.8539394499686663, 5.7685978949755485, 9.854899392742173, 11.0970370632962, 14.13686992772669, 14.532096990298822, 15.830843030299366, 16.026124411460135, 8.526029334255979, -2.31593911861958, 1.7110925825982137, -1.494785093719623, 1.3949121664683293, -1.3481274379398211, 0.6671041119859998], [0.0, 3.860209591847839, 5.742572115739885, 9.917359751196985, 10.974673806958954, 14.356535750175023, 14.146646057413228, 16.533813371851522, 14.532963351058077, 16.581347619188517, 6.556778297981553, -0.8411819795825596, 0.2905807167968452, -0.10068112379996168, 0.022201570811937577, 6.59298567893312e-16], [0.0, 3.8563547214144394, 5.758481859405679, 9.879573213349971, 11.047457595976368, 14.229347287953193, 14.360128676190651, 16.17455394920677, 15.171316089019188, 15.24537027732875, 13.763193119321036, 6.952876766501972, -1.985377484759964, 1.5184082157962868, -1.371850667525951, 0.6671041119859995], [0.0, 3.8585428452284156, 5.749486303588991, 9.900787935936021, 11.007049013103071, 14.298758212428583, 14.246693523780971, 16.35728996453847, 14.871321392966298, 15.771522769977546, 12.665302651225806, 12.969003260510673, 4.421851654096463, -0.4244937359361327, 0.07218521356428104, -4.8614495249353736e-15], [0.0, 3.857473777427991, 5.753869853525713, 9.890498202845773, 11.026505626337917, 14.265700965374322, 14.299838050412514, 16.273820928308723, 15.002765374345573, 15.557892202506858, 13.040368802298344, 12.176098355892353, 8.960335595157877, 4.351458848147948, -1.5136508271978537, 0.6671041119859954], [0.0, 3.857852071430413, 5.752321212545371, 9.894123011381344, 11.019681862908746, 14.277219106134014, 14.281497673568344, 16.302216616911725, 14.959035196166383, 15.626368216216862, 12.928250968781457, 12.37736817862193, 8.515963677300268, 7.196149141376393, 1.4703729051925287, -5.497111498067908e-15], [0.0, 3.8578038426688535, 5.752518496059402, 9.893661875935416, 11.020548125243431, 14.27576142143067, 14.283808364526918, 16.298662528553344, 14.964454304581373, 15.61801658849889, 12.941553197458644, 12.354756349215434, 8.559453651963457, 7.086726720031376, 2.5235956186968638, 0.6671041119859937]], "control_points": [[0.0], [1.6400053583142857], [6.488345329479997], [14.333124191840788], [24.831487465686056], [37.52460629921255], [51.857730491053346], [67.20443373606432], [82.8939914607859], [98.24069470579688], [112.57381889763765], [125.26693773116413], [135.76530100500943], [143.61007986737025], [148.45841983853595], [150.09842519685023]], "differentiate": [[-1.0015650273224084, 1.219508210665691, -0.30824499906207803, 0.1395369197413716, -0.08054289952479668, 0.05329836065573777, -0.038567056079421874, 0.029759941254095083, -0.024127201076402822, 0.02035816222584169, -0.017766120218579255, 0.015965904780814614, -0.01473130457631589, 0.013926599037108547, -0.013471785582624476, 0.006662295081967221], [-0.30487705266642273, 0.1507545531353839, 0.20625616312949377, -0.07878284392632383, 0.04311927954281691, -0.027867106607845367, 0.019913287536556645, -0.015252172934971553, 0.012307088525341672, -0.010351893001538501, 0.009014384055638041, -0.0080888523302032, 0.007455715159309996, -0.007043737938844375, 0.006811134717264727, -0.003367946395656119], [0.07706124976551951, -0.20625616312949377, 0.03678980000312088, 0.12747331920317026, -0.05451628693571425, 0.03222037606189832, -0.02204129494897747, 0.016470099214948034, -0.013088038000247566, 0.010898903480918605, -0.009426361276103662, 0.008419025514448016, -0.0077353306687534245, 0.007292789894833735, -0.007043737938844375, 0.0034816497592771375], [-0.0348842299353429, 0.07878284392632383, -0.12747331920317026, 0.015600701895632065, 0.09525294314127186, -0.043119279542816934, 0.026649180327868883, -0.018913849659115457, 0.014585579789667473, -0.01191787575155299, 0.010179081112920848, -0.009014384055638043, 0.008235049607474017, -0.0077353306687534245, 0.007455715159309996, -0.0036828261440789724], [0.02013572488119917, -0.04311927954281691, 0.05451628693571425, -0.09525294314127186, 0.008072124342997707, 0.07878284392632387, -0.037001073329407386, 0.023599963845305508, -0.017222819051765224, 0.013622269434529453, -0.011397007392897328, 0.009956643768278324, -0.00901438405563804, 0.008419025514448014, -0.008088852330203197, 0.003991476195203652], [-0.013324590163934443, 0.027867106607845367, -0.03222037606189832, 0.043119279542816934, -0.07878284392632387, 0.004441530054644863, 0.06976845987068576, -0.033692918266713244, 0.02204129494897747, -0.016470099214948034, 0.013324590163934443, -0.01139700739289733, 0.010179081112920846, -0.009426361276103658, 0.00901438405563804, -0.004441530054644813], [0.009641764019855469, -0.019913287536556645, 0.02204129494897747, -0.026649180327868883, 0.037001073329407386, -0.06976845987068576, 0.002276111731697524, 0.06516057449179435, -0.03222037606189832, 0.021559639771408456, -0.01647009921494804, 0.01362226943452946, -0.01191787575155299, 0.010898903480918602, -0.010351893001538501, 0.005089540556460423], [-0.007439985313523771, 0.015252172934971553, -0.016470099214948034, 0.018913849659115457, -0.023599963845305508, 0.033692918266713244, -0.06516057449179435, 0.0007040925222114408, 0.06373665960158516, -0.032220376061898315, 0.022041294948977476, -0.01722281905176523, 0.014585579789667473, -0.01308803800024756, 0.012307088525341672, -0.006031800269100706], [0.006031800269100706, -0.012307088525341672, 0.013088038000247566, -0.014585579789667473, 0.017222819051765224, -0.02204129494897747, 0.03222037606189832, -0.06373665960158516, -0.000704092522211423, 0.06516057449179431, -0.03369291826671326, 0.02359996384530552, -0.018913849659115453, 0.01647009921494803, -0.01525217293497155, 0.007439985313523769], [-0.005089540556460423, 0.010351893001538501, -0.010898903480918605, 0.01191787575155299, -0.013622269434529453, 0.016470099214948034, -0.021559639771408456, 0.032220376061898315, -0.06516057449179431, -0.0022761117316976425, 0.06976845987068589, -0.03700107332940743, 0.026649180327868883, -0.022041294948977466, 0.019913287536556645, -0.009641764019855469], [0.004441530054644814, -0.009014384055638041, 0.009426361276103662, -0.010179081112920848, 0.011397007392897328, -0.013324590163934443, 0.01647009921494804, -0.022041294948977476, 0.03369291826671326, -0.06976845987068589, -0.004441530054644834, 0.07878284392632394, -0.043119279542816885, 0.032220376061898294, -0.027867106607845346, 0.013324590163934434], [-0.0039914761952036535, 0.0080888523302032, -0.008419025514448016, 0.009014384055638043, -0.009956643768278324, 0.01139700739289733, -0.01362226943452946, 0.01722281905176523, -0.02359996384530552, 0.03700107332940743, -0.07878284392632394, -0.008072124342997459, 0.09525294314127157, -0.054516286935714135, 0.04311927954281685, -0.020135724881199142], [0.0036828261440789724, -0.007455715159309996, 0.0077353306687534245, -0.008235049607474017, 0.00901438405563804, -0.010179081112920846, 0.01191787575155299, -0.014585579789667473, 0.018913849659115453, -0.026649180327868883, 0.043119279542816885, -0.09525294314127157, -0.015600701895632172, 0.12747331920317012, -0.07878284392632383, 0.0348842299353429], [-0.0034816497592771367, 0.007043737938844375, -0.007292789894833735, 0.0077353306687534245, -0.008419025514448014, 0.009426361276103658, -0.010898903480918602, 0.01308803800024756, -0.01647009921494803, 0.022041294948977466, -0.032220376061898294, 0.054516286935714135, -0.12747331920317012, -0.0367898000031212, 0.20625616312949413, -0.0770612497655196], [0.003367946395656119, -0.006811134717264727, 0.007043737938844375, -0.007455715159309996, 0.008088852330203197, -0.00901438405563804, 0.010351893001538501, -0.012307088525341672, 0.01525217293497155, -0.019913287536556645, 0.027867106607845346, -0.04311927954281685, 0.07878284392632383, -0.20625616312949413, -0.15075455313538363, 0.30487705266642273], [-0.006662295081967221, 0.013471785582624476, -0.01392659903710855, 0.01473130457631589, -0.015965904780814607, 0.017766120218579252, -0.02035816222584169, 0.024127201076402822, -0.029759941254095076, 0.038567056079421874, -0.05329836065573774, 0.08054289952479657, -0.1395369197413716, 0.3082449990620784, -1.219508210665691, 1.001565027322408]]}, "number_control_points": 16, "tag": "numerics", "tolerance_solution": 1e-08, "converged": null, "discretization_method": null, "dimensionless": {"integrate": [[0.0, 0.0, 0.0, 0.0, 0.0, 0.0, 0.0, 0.0, 0.0, 0.0, 0.0, 0.0, 0.0, 0.0, 0.0, 0.0], [0.0, 0.015905769393284985, -0.009617893348472698, 0.009178631933202326, -0.009039535568738068, 0.008977512261584174, -0.008944529897160765, 0.00892499258823071, -0.00891256727427975, 0.00890428339389815, -0.00889860041451897, 0.008894660184181006, -0.008891961109302423, 0.008890203249874178, -0.008889210203129813, 0.004444444444444434], [0.0, 0.026897327141174005, 0.01822316169071195, -0.002670793798593755, 0.0011902722702705005, -0.0006583387181451615, 0.00040056640110103475, -0.00025523965167498436, 0.000165502071137926, -0.00010679449744114337, 6.702572690661016e-05, -3.9690630242652555e-05, 2.1077323666128297e-05, -9.003142201857249e-06, 2.198992030969776e-06, -2.1414580906342534e-17], [0.0, 0.025220908374886993, 0.04115307821447513, 0.03645481433041584, -0.01298118306512456, 0.010729351544446921, -0.009911592366805576, 0.009509367827911336, -0.009279482167320708, 0.009136158909858713, -0.009042100296455035, 0.00897882395731267, -0.008936364803384639, 0.008909090249872059, -0.008893812342006903, 0.004444444444444415], [0.0, 0.02595261263476973, 0.03709778098559273, 0.07025277662236705, 0.035988915777291325, -0.0054740076105714575, 0.0024826796862223053, -0.0013781742491067528, 0.0008268479778108957, -0.000508468437051319, 0.0003092246532012047, -0.00017927883452226252, 9.386282745473679e-05, -3.972968629385231e-05, 9.65447340660236e-06, -3.023554441710863e-17], [0.0, 0.025553914152174704, 0.0389957430411615, 0.06397856037826108, 0.07902634614100497, 0.051426143301143375, -0.015306884476958525, 0.011763608946460698, -0.010455533195714404, 0.009802704653003926, -0.009427031302031092, 0.009194517133984415, -0.009046771126696947, 0.008955154609575, -0.008904916699812323, 0.004444444444444412], [0.0, 0.025794561478969726, 0.03792054810767278, 0.06698430534828848, 0.07091122876644695, 0.10164991602056128, 0.04724891180531718, -0.007073159531729722, 0.003116751542466251, -0.001654172090388353, 0.0009253361154317564, -0.0005095918758136014, 0.00025824710114337836, -0.00010712570032003154, 2.574572448141492e-05, -2.8323926489828586e-17], [0.0, 0.025641482489398387, 0.03858216116058074, 0.06526537715689373, 0.07481052579289553, 0.09218996078474645, 0.10228425710554256, 0.05861141899133389, -0.016172532285549605, 0.012002587357143428, -0.010470301025752278, 0.009715348453128313, -0.009295019273771113, 0.009054320397682608, -0.008928263182542398, 0.004444444444444417], [0.0, 0.025741201861860616, 0.03815954417642832, 0.06632062524357347, 0.07259568401115327, 0.0966907472461989, 0.0920492477504956, 0.11587014260328553, 0.04997508021529085, -0.007121310886792437, 0.0029193743245890568, -0.0013883822175029016, 0.0006491177017975488, -0.00025718547535869116, 6.034507880869965e-05, -1.4460663968614153e-17], [0.0, 0.0256760818437257, 0.03843210138554206, 0.06565624775754793, 0.07393173545120624, 0.09418399899390381, 0.09681711830913849, 0.10546974766415852, 0.10677076984946567, 0.05680292330232187, -0.015429469800114727, 0.011399803697834669, -0.009958699378486155, 0.009293316466438191, -0.00898162279965154, 0.004444444444444437], [0.0, 0.025717855379130548, 0.03825870996453593, 0.06607237709649932, 0.07311651533029712, 0.09564747752247764, 0.09424913045463512, 0.11015314351345026, 0.09682289026016408, 0.11046983069570852, 0.0436831918081919, -0.005604202565612337, 0.0019359344804301317, -0.0006707673559394175, 0.0001479134160323187, 4.392441606423644e-18], [0.0, 0.02569217309480049, 0.03836470537151591, 0.0658206320312366, 0.07360142240991477, 0.09480011045613417, 0.09567141465580142, 0.10775965122881374, 0.1010757845668427, 0.10156915542141656, 0.09169445383101762, 0.04632211668699024, -0.013227170652564757, 0.010116083588518223, -0.009139673955451592, 0.004444444444444434], [0.0, 0.02570675102132508, 0.03830477432423883, 0.06596197077318694, 0.07333220850696874, 0.09526254651690134, 0.09491567619778021, 0.10897709248505641, 0.09907713137871328, 0.10507453858555543, 0.08437998356488809, 0.0864033266405171, 0.029459680528275484, -0.002828102529253189, 0.00048091919332006304, -3.238841126120882e-17], [0.0, 0.025699628576176022, 0.03833397882742381, 0.06589341753502502, 0.07346183420563498, 0.09504230938242837, 0.09526974071619101, 0.10842099713548643, 0.09995284996941062, 0.10365126870653761, 0.08687878493859102, 0.08112076019401078, 0.059696399768396156, 0.02899070288339882, -0.010084388461855876, 0.004444444444444407], [0.0, 0.025702148882447894, 0.038323661324236744, 0.06591756707910464, 0.07341637228010031, 0.09511904663496508, 0.09514755171374067, 0.10861017759201529, 0.09966150661839385, 0.1041074761159105, 0.08613182284775066, 0.08246167914413045, 0.056735862925489065, 0.04794286903369458, 0.009796058174922039, -3.662337889860328e-17], [0.0, 0.025701827568206947, 0.03832497568522202, 0.06591449485869111, 0.07342214357539238, 0.09510933510933492, 0.09516294621874993, 0.10858649920662436, 0.09969761031773569, 0.10405183510763862, 0.08622044622044588, 0.08231103246428127, 0.0570256059698025, 0.04721386457411073, 0.01681293867931814, 0.004444444444444396]], "control_points": [[0.0], [0.010926199633097156], [0.04322727117869957], [0.09549150281252627], [0.16543469682057088], [0.24999999999999994], [0.3454915028125263], [0.4477357683661733], [0.5522642316338267], [0.6545084971874737], [0.7499999999999999], [0.8345653031794289], [0.9045084971874737], [0.9567727288213005], [0.9890738003669028], [1.0]], "differentiate": [[-150.33333333333377, 183.04626193554887, -46.26708893402249, 20.944271909999163, -12.089362379460118, 8.000000000000002, -5.788854381999832, 4.466920316190448, -3.6214548859758136, 3.0557280900008412, -2.666666666666667, 2.396457164443136, -2.211145618000168, 2.0903605838179637, -2.0220938005415654, 1.0], [-45.76156548388722, 22.628021016876005, 30.958725272881658, -11.825180805870444, 6.472135954999579, -4.182808816630328, 2.9889530997292173, -2.2893271383692513, 1.8472746064120107, -1.5538028373372241, 1.353044850870866, -1.2141239964133728, 1.1190911041287137, -1.0572539721198484, 1.0223405948650293, -0.5055234501353914], [11.566772233505622, -30.958725272881658, 5.522091043775521, 19.133544467011262, -8.18280881663033, 4.836227706141229, -3.3083636611408074, 2.472135954999579, -1.9644938927536926, 1.6359082488583518, -1.4148819828797312, 1.263682471410749, -1.1610609517567874, 1.0946362785060466, -1.0572539721198484, 0.522590145954491], [-5.236067977499791, 11.825180805870444, -19.133544467011262, 2.341640786499889, 14.297316760870023, -6.472135954999581, 4.0, -2.8389390482432124, 2.1892725570120937, -1.7888543819998317, 1.5278640450004208, -1.3530448508708661, 1.2360679774997896, -1.1610609517567874, 1.1190911041287137, -0.552786404500042], [3.0223405948650295, -6.472135954999579, 8.18280881663033, -14.297316760870023, 1.2116131518771152, 11.82518080587045, -5.553802837337225, 3.5423174078829587, -2.5851180171202697, 2.0446811897300585, -1.7106728616307487, 1.494476549864609, -1.3530448508708657, 1.2636824714107486, -1.2141239964133723, 0.5991142911107837], [-2.0000000000000004, 4.182808816630328, -4.836227706141229, 6.472135954999581, -11.82518080587045, 0.6666666666666741, 10.472135954999574, -5.057253972119846, 3.3083636611408074, -2.472135954999579, 2.0000000000000004, -1.710672861630749, 1.5278640450004206, -1.4148819828797308, 1.3530448508708657, -0.6666666666666666], [1.447213595499958, -2.9889530997292173, 3.3083636611408074, -4.0, 5.553802837337225, -10.472135954999574, 0.34164078649987406, 9.780499616140382, -4.836227706141229, 3.2360679774997894, -2.47213595499958, 2.0446811897300594, -1.7888543819998317, 1.6359082488583514, -1.5538028373372241, 0.7639320225002103], [-1.116730079047612, 2.2893271383692513, -2.472135954999579, 2.8389390482432124, -3.5423174078829587, 5.057253972119846, -9.780499616140382, 0.10568317877681555, 9.566772233505636, -4.836227706141228, 3.3083636611408087, -2.5851180171202706, 2.1892725570120937, -1.9644938927536917, 1.8472746064120107, -0.9053637214939534], [0.9053637214939534, -1.8472746064120107, 1.9644938927536926, -2.1892725570120937, 2.5851180171202697, -3.3083636611408074, 4.836227706141229, -9.566772233505636, -0.10568317877681288, 9.780499616140377, -5.057253972119849, 3.542317407882961, -2.838939048243212, 2.4721359549995787, -2.289327138369251, 1.1167300790476118], [-0.7639320225002103, 1.5538028373372241, -1.6359082488583518, 1.7888543819998317, -2.0446811897300585, 2.472135954999579, -3.2360679774997894, 4.836227706141228, -9.780499616140377, -0.3416407864998918, 10.472135954999594, -5.553802837337231, 4.0, -3.308363661140807, 2.9889530997292173, -1.447213595499958], [0.6666666666666667, -1.353044850870866, 1.4148819828797312, -1.5278640450004208, 1.7106728616307487, -2.0000000000000004, 2.47213595499958, -3.3083636611408087, 5.057253972119849, -10.472135954999594, -0.6666666666666696, 11.82518080587046, -6.472135954999574, 4.836227706141225, -4.182808816630326, 1.9999999999999991], [-0.599114291110784, 1.2141239964133728, -1.263682471410749, 1.3530448508708661, -1.494476549864609, 1.710672861630749, -2.0446811897300594, 2.5851180171202706, -3.542317407882961, 5.553802837337231, -11.82518080587046, -1.2116131518770779, 14.297316760869979, -8.182808816630311, 6.47213595499957, -3.0223405948650255], [0.552786404500042, -1.1190911041287137, 1.1610609517567874, -1.2360679774997896, 1.3530448508708657, -1.5278640450004206, 1.7888543819998317, -2.1892725570120937, 2.838939048243212, -4.0, 6.472135954999574, -14.297316760869979, -2.341640786499905, 19.13354446701124, -11.825180805870444, 5.236067977499791], [-0.5225901459544909, 1.0572539721198484, -1.0946362785060466, 1.1610609517567874, -1.2636824714107486, 1.4148819828797308, -1.6359082488583514, 1.9644938927536917, -2.4721359549995787, 3.308363661140807, -4.836227706141225, 8.182808816630311, -19.13354446701124, -5.522091043775568, 30.95872527288171, -11.566772233505636], [0.5055234501353914, -1.0223405948650293, 1.0572539721198484, -1.1190911041287137, 1.2141239964133723, -1.3530448508708657, 1.5538028373372241, -1.8472746064120107, 2.289327138369251, -2.9889530997292173, 4.182808816630326, -6.47213595499957, 11.825180805870444, -30.95872527288171, -22.628021016875962, 45.76156548388722], [-1.0, 2.0220938005415654, -2.090360583817964, 2.211145618000168, -2.396457164443135, 2.6666666666666665, -3.0557280900008412, 3.6214548859758136, -4.466920316190447, 5.788854381999832, -7.9999999999999964, 12.089362379460102, -20.944271909999163, 46.267088934022546, -183.04626193554887, 150.3333333333337]]}}, "unknowns": {"tag": "unknowns", "throttle": [[1.103677784460886], [1.1040476074596937], [1.1051664001525157], [1.1070576740528264], [1.1097465290881452], [1.1132411474135484], [1.1175117682487108], [1.1224712308183324], [1.1279612995175055], [1.133748457972624], [1.139531642151733], [1.1449625370217567], [1.1496768030004068], [1.1533323264246127], [1.1556488225855603], [1.1564423516235478]], "body_angle": [[0.22874200036828554], [0.22894262484973504], [0.2295397219031199], [0.2305186194613806], [0.23185378478836702], [0.23350743120887382], [0.23542802466255802], [0.2375491464403553], [0.23978926430649333], [0.24205298612577264], [0.2442342713861394], [0.24622182417351124], [0.24790649240423224], [0.249190015566065], [0.24999401532776322], [0.25026785427425147]]}, "conditions": {"freestream": {"stagnation_temperature": [[296.3804199909861], [296.16380921629], [295.52345707408807], [294.48738748735764], [293.10093685778634], [291.4247630985643], [289.53218363063297], [287.5059605820519], [285.4346755050868], [283.4088534670746], [281.51700668192075], [279.84177059018975], [278.45630048160325], [277.4210847283626], [276.7813120965765], [276.56490630659397]], "reynolds_number": [[8803886.01326629], [8780884.274243908], [8713141.955197161], [8604345.088739153], [8460308.688129175], [8288529.925071568], [8097645.10892728], [7896854.314525474], [7695374.05104413], [7501965.803795282], [7324569.986434876], [7170054.857333257], [7044072.014120589], [6950996.888606786], [6893925.579813612], [6874698.475969054]], "temperature": [[288.15], [287.93338922530387], [287.2930370831019], [286.2569674963715], [284.8705168668002], [283.19434310757816], [281.3017636396468], [279.27554059106575], [277.2042555141006], [275.17843347608846], [273.2865866909346], [271.6113505992036], [270.22588049061704], [269.19066473737644], [268.5508921055904], [268.3344863156078]], "mach_number": [[0.377908524935029], [0.3780506475086286], [0.37847173462837413], [0.37915603043478335], [0.3800775772812041], [0.3812007214634819], [0.38248091829367026], [0.38386591432857053], [0.38529737866896047], [0.3867130285313582], [0.38804924490086345], [0.3892441043969946], [0.39024067177992955], [0.3909903182077045], [0.3914557720722815], [0.3916135904425522]], "density": [[1.2250000002007604], [1.221085688859251], [1.2095700043351483], [1.1911141595591042], [1.1667548057295722], [1.1378161090237418], [1.1058047476625388], [1.0723014333897953], [1.0388613596601548], [1.0069328095782075], [0.9777989039178944], [0.9525431084055223], [0.9320354668915364], [0.9169340884116148], [0.9076953520091874], [0.9045864861583481]], "speed_of_sound": [[340.77798740529], [340.64987693936354], [340.2708703652982], [339.6567539832715], [338.83321260854], [337.83489720650516], [336.7041344838569], [335.48929911091074], [334.24288271970994], [333.0193116061983], [331.8725863867142], [330.85383977791435], [330.0089300360939], [329.3762033315825], [328.98456412818337], [328.85198495059086]], "altitude": [[0.0], [33.324908880946325], [131.84317709503367], [291.24908357820516], [504.5758253027412], [762.4999999999999], [1053.749083578205], [1365.5940935168285], [1684.4059064831713], [1996.250916421795], [2287.4999999999995], [2545.424174697258], [2758.750916421795], [2918.1568229049667], [3016.675091119054], [3050.0]], "dynamic_pressure": [[10129.500501660083], [10097.133139463369], [10001.910174447254], [9849.29916311104], [9647.872153481718], [9408.57864919514], [9143.87734232658], [8866.839106671549], [8590.323805802627], [8326.307263746006], [8085.39958051899], [7876.559912543095], [7706.982635016776], [7582.109638393875], [7505.71471185693], [7480.007562313657]], "gravity": [[9.80665], [9.80665], [9.80665], [9.80665], [9.80665], [9.80665], [9.80665], [9.80665], [9.80665], [9.80665], [9.80665], [9.80665], [9.80665], [9.80665], [9.80665], [9.80665]], "universal_gas_constant": 287.87, "pressure": [[101325.0], [100925.30495714533], [99751.17235108379], [97874.90496004953], [95408.92480186395], [92495.0628470923], [89292.05229651878], [85963.02454142075], [82664.56521123594], [79538.38814639613], [76706.07526060317], [74266.75598448461], [72297.16694736177], [70853.28871972956], [69972.69654930866], [69676.84652331556]], "specific_heat_at_constant_pressure": 1007.5450000000002, "velocity": [[128.6], [128.6], [128.6], [128.6], [128.6], [128.6], [128.6], [128.6], [128.6], [128.6], [128.6], [128.6], [128.6], [128.6], [128.6], [128.6]], "dynamic_viscosity": [[1.789380278077583e-05], [1.7883349180207834e-05], [1.7852423770591522e-05], [1.7802317240828703e-05], [1.7735129242666237e-05], [1.7653691661032368e-05], [1.756146245439015e-05], [1.74623918387703e-05], [1.7360763747951797e-05], [1.726101700520243e-05], [1.7167552399215407e-05], [1.7084533686051912e-05], [1.7015692173785274e-05], [1.6964145669955603e-05], [1.6932242873375704e-05], [1.6921443540629727e-05]], "isentropic_expansion_factor": 1.4, "stagnation_pressure": [[111821.34472549436], [111388.38911933292], [110116.40184949184], [108083.29325848776], [105410.2788765673], [102250.42583928685], [98775.257971377], [95161.33337558778], [91578.45663399846], [88180.6615611799], [85100.45480319716], [82446.19955501572], [80302.05479119404], [78729.62091347793], [77770.37374357614], [77448.05481956028]]}, "energies": {"propulsion_power": [[0.0], [0.0], [0.0], [0.0], [0.0], [0.0], [0.0], [0.0], [0.0], [0.0], [0.0], [0.0], [0.0], [0.0], [0.0], [0.0]], "total_efficiency": [[0.0], [0.0], [0.0], [0.0], [0.0], [0.0], [0.0], [0.0], [0.0], [0.0], [0.0], [0.0], [0.0], [0.0], [0.0], [0.0]], "gravity_energy": [[0.0], [0.0], [0.0], [0.0], [0.0], [0.0], [0.0], [0.0], [0.0], [0.0], [0.0], [0.0], [0.0], [0.0], [0.0], [0.0]], "total_energy": [[0.0], [0.0], [0.0], [0.0], [0.0], [0.0], [0.0], [0.0], [0.0], [0.0], [0.0], [0.0], [0.0], [0.0], [0.0], [0.0]]}, "aerodynamics": {"drag_coefficient": [[0.0680330733900402], [0.06838044186071494], [0.06942080497132483], [0.07114758381188156], [0.07354535208903813], [0.07658335718905751], [0.08020706281274301], [0.08432871533712126], [0.08881863852534623], [0.0934996973248694], [0.09814782683035794], [0.1025012770908516], [0.10627992277440905], [0.10921359831418362], [0.11107545783096344], [0.1117138632010574]], "angle_of_attack": [[0.07006766849691619], [0.07026829297836569], [0.07086539003175052], [0.07184428759001125], [0.07317945291699766], [0.07483309933750447], [0.07675369279118867], [0.07887481456898594], [0.081114932435124], [0.08337865425440329], [0.08555993951477], [0.08754749230214186], [0.08923216053286286], [0.09051568369469565], [0.09131968345639384], [0.09159352240288211]], "lift_coefficient_wing": {"vertical_stabilizer": [[0.0], [0.0], [0.0], [0.0], [0.0], [0.0], [0.0], [0.0], [0.0], [0.0], [0.0], [0.0], [0.0], [0.0], [0.0], [0.0]], "main_wing": [[0.17850146020743235], [0.17901256274103058], [0.18053370220807935], [0.1830275006645061], [0.18642891198013875], [0.1906416724024475], [0.1955344959157995], [0.20093817699634325], [0.20664500753202747], [0.21241197051100205], [0.2179689215621355], [0.2230323278720064], [0.22732411815987655], [0.23059396805658458], [0.2326422042052709], [0.2333398248462656]]}, "roll_angle": [[0.0], [0.0], [0.0], [0.0], [0.0], [0.0], [0.0], [0.0], [0.0], [0.0], [0.0], [0.0], [0.0], [0.0], [0.0], [0.0]], "lift_coefficient": [[0.4833410679332796], [0.4847950973769146], [0.4891244759953889], [0.4962283331817935], [0.5059298685626251], [0.5179649560276287], [0.531969534160081], [0.5474692192239147], [0.5638754128333332], [0.580492490771826], [0.5965400485213267], [0.6111923272382013], [0.6236338364691332], [0.6331262910732871], [0.6390782485236899], [0.6411064882773542]], "drag_breakdown": {"total": [[0.0680330733900402], [0.06838044186071494], [0.06942080497132483], [0.07114758381188156], [0.07354535208903813], [0.07658335718905751], [0.08020706281274301], [0.08432871533712126], [0.08881863852534623], [0.0934996973248694], [0.09814782683035794], [0.1025012770908516], [0.10627992277440905], [0.10921359831418362], [0.11107545783096344], [0.1117138632010574]], "compressible": {"vertical_stabilizer": {"lift_wave_drag": [[0.0], [0.0], [0.0], [0.0], [0.0], [0.0], [0.0], [0.0], [0.0], [0.0], [0.0], [0.0], [0.0], [0.0], [0.0], [0.0]], "crest_critical": [[0.93], [0.93], [0.93], [0.93], [0.93], [0.93], [0.93], [0.93], [0.93], [0.93], [0.93], [0.93], [0.93], [0.93], [0.93], [0.93]], "compressibility_drag": [[3.379518704650064e-10], [3.398174608061227e-10], [3.4540139968509363e-10], [3.5465836548121423e-10], [3.674903514575526e-10], [3.837141964881138e-10], [4.030194759424936e-10], [4.249219228125874e-10], [4.487209779926324e-10], [4.734736556899353e-10], [4.979991547653632e-10], [5.209274925604867e-10], [5.40799052710019e-10], [5.562100068991586e-10], [5.659834992591451e-10], [5.693334926143634e-10]], "volume_wave_drag": [[0.0], [0.0], [0.0], [0.0], [0.0], [0.0], [0.0], [0.0], [0.0], [0.0], [0.0], [0.0], [0.0], [0.0], [0.0], [0.0]], "divergence_mach": [[0.95], [0.95], [0.95], [0.95], [0.95], [0.95], [0.95], [0.95], [0.95], [0.95], [0.95], [0.95], [0.95], [0.95], [0.95], [0.95]]}, "total_lift": [[0.0], [0.0], [0.0], [0.0], [0.0], [0.0], [0.0], [0.0], [0.0], [0.0], [0.0], [0.0], [0.0], [0.0], [0.0], [0.0]], "main_wing": {"lift_wave_drag": [[0.0], [0.0], [0.0], [0.0], [0.0], [0.0], [0.0], [0.0], [0.0], [0.0], [0.0], [0.0], [0.0], [0.0], [0.0], [0.0]], "crest_critical": [[0.93], [0.93], [0.93], [0.93], [0.93], [0.93], [0.93], [0.93], [0.93], [0.93], [0.93], [0.93], [0.93], [0.93], [0.93], [0.93]], "compressibility_drag": [[3.5703703212647754e-09], [3.590079779822868e-09], [3.649072587354315e-09], [3.746869933165586e-09], [3.882436402526342e-09], [4.05383694756316e-09], [4.257792015818294e-09], [4.4891854570218064e-09], [4.740616053254514e-09], [5.002121414064268e-09], [5.261226694033954e-09], [5.5034583960423e-09], [5.713396067041119e-09], [5.876208639682205e-09], [5.979462949265372e-09], [6.014854725128154e-09]], "volume_wave_drag": [[0.0], [0.0], [0.0], [0.0], [0.0], [0.0], [0.0], [0.0], [0.0], [0.0], [0.0], [0.0], [0.0], [0.0], [0.0], [0.0]], "divergence_mach": [[0.95], [0.95], [0.95], [0.95], [0.95], [0.95], [0.95], [0.95], [0.95], [0.95], [0.95], [0.95], [0.95], [0.95], [0.95], [0.95]]}, "fuselage": [[0.0], [0.0], [0.0], [0.0], [0.0], [0.0], [0.0], [0.0], [0.0], [0.0], [0.0], [0.0], [0.0], [0.0], [0.0], [0.0]], "turbojet": [[0.0], [0.0], [0.0], [0.0], [0.0], [0.0], [0.0], [0.0], [0.0], [0.0], [0.0], [0.0], [0.0], [0.0], [0.0], [0.0]], "total": [[3.9083221917297815e-09], [3.9298972406289906e-09], [3.994473987039409e-09], [4.101528298646801e-09], [4.249926753983894e-09], [4.437551144051274e-09], [4.660811491760787e-09], [4.9141073798343935e-09], [5.189337031247146e-09], [5.4755950697542034e-09], [5.759225848799317e-09], [6.024385888602787e-09], [6.2541951197511385e-09], [6.432418646581364e-09], [6.5454464485245175e-09], [6.584188217742518e-09]], "total_volume": [[0.0], [0.0], [0.0], [0.0], [0.0], [0.0], [0.0], [0.0], [0.0], [0.0], [0.0], [0.0], [0.0], [0.0], [0.0], [0.0]]}, "miscellaneous": {"fuselage_base": [[0.0], [0.0], [0.0], [0.0], [0.0], [0.0], [0.0], [0.0], [0.0], [0.0], [0.0], [0.0], [0.0], [0.0], [0.0], [0.0]], "fuselage_upsweep": [[1.6748080949057922e-05], [1.6748080949057922e-05], [1.6748080949057922e-05], [1.6748080949057922e-05], [1.6748080949057922e-05], [1.6748080949057922e-05], [1.6748080949057922e-05], [1.6748080949057922e-05], [1.6748080949057922e-05], [1.6748080949057922e-05], [1.6748080949057922e-05], [1.6748080949057922e-05], [1.6748080949057922e-05], [1.6748080949057922e-05], [1.6748080949057922e-05], [1.6748080949057922e-05]], "control_gaps": [[0.0], [0.0], [0.0], [0.0], [0.0], [0.0], [0.0], [0.0], [0.0], [0.0], [0.0], [0.0], [0.0], [0.0], [0.0], [0.0]], "nacelle_base": {"turbojet": [[0.00011692366238063898], [0.00011692366238063898], [0.00011692366238063898], [0.00011692366238063898], [0.00011692366238063898], [0.00011692366238063898], [0.00011692366238063898], [0.00011692366238063898], [0.00011692366238063898], [0.00011692366238063898], [0.00011692366238063898], [0.00011692366238063898], [0.00011692366238063898], [0.00011692366238063898], [0.00011692366238063898], [0.00011692366238063898]]}, "total": [[0.0001336717433296969], [0.0001336717433296969], [0.0001336717433296969], [0.0001336717433296969], [0.0001336717433296969], [0.0001336717433296969], [0.0001336717433296969], [0.0001336717433296969], [0.0001336717433296969], [0.0001336717433296969], [0.0001336717433296969], [0.0001336717433296969], [0.0001336717433296969], [0.0001336717433296969], [0.0001336717433296969], [0.0001336717433296969]], "trim_correction_factor": 1.02}, "trim_corrected_drag": [[0.0680330733900402], [0.06838044186071494], [0.06942080497132483], [0.07114758381188156], [0.07354535208903813], [0.07658335718905751], [0.08020706281274301], [0.08432871533712126], [0.08881863852534623], [0.0934996973248694], [0.09814782683035794], [0.1025012770908516], [0.10627992277440905], [0.10921359831418362], [0.11107545783096344], [0.1117138632010574]], "parasite": {"vertical_stabilizer": {"wetted_area": 67.82, "skin_friction_coefficient": [[0.0021609497301553994], [0.0021617176472910784], [0.0021639930995254], [0.0021676916100334086], [0.0021726738763043533], [0.002178748311095312], [0.002185675160979635], [0.0021931726576667233], [0.0022009256309320872], [0.002208596867947018], [0.0022158412299318956], [0.0022223221452591277], [0.0022277296339707473], [0.0022317985637176014], [0.002234325498283455], [0.0022351823839900148]], "compressibility_factor": [[0.9838278480600297], [0.9838158787348208], [0.9837803907734367], [0.9837226415812956], [0.9836447161713504], [0.9835495048104458], [0.9834406597299916], [0.9833225207093765], [0.9831999992213446], [0.9830784130007756], [0.9829632677512977], [0.9828599901695612], [0.9827736257657357], [0.9827085244931074], [0.982668044731535], [0.9826543093506482]], "reference_area": 33.91, "form_factor": [[1.02296824105743], [1.0229685688096322], [1.0229695406937924], [1.0229711226423148], [1.0229732580950577], [1.0229758685099108], [1.0229788544219485], [1.0229820973470074], [1.0229854628334658], [1.0229888049091247], [1.0229919720357767], [1.0229948144725554], [1.0229971926814017], [1.0229989861294586], [1.0230001016193389], [1.0230004801789863]], "reynolds_factor": [[0.9932612290654954], [0.993256809047545], [0.9932437068651735], [0.9932223946466477], [0.9931936536875617], [0.9931585639359554], [0.9931184852612136], [0.9930750271467693], [0.993030003475531], [0.9929853698926009], [0.992943142948025], [0.9929053028011098], [0.9928736844280929], [0.99284986547029], [0.9928350613404993], [0.9928300391958539]], "parasite_drag_coefficient": [[0.00041848355978784605], [0.00041863240662761824], [0.00041907346271311896], [0.0004197903561333798], [0.0004207560891112626], [0.00042193352983851], [0.00042327620994436787], [0.0004247295159435586], [0.00042623235793020215], [0.00042771937087252607], [0.0004291236507625056], [0.00043037995188062493], [0.00043142818138190486], [0.0004322169391176454], [0.00043270678482599704], [0.00043287289229883947]]}, "total": [[0.010702370247234935], [0.01070599402925252], [0.010716731305964981], [0.01073418195229214], [0.010757686448742948], [0.010786338302383217], [0.01081900400392985], [0.01085435259187479], [0.010890896756869769], [0.010927046737763117], [0.010961176982642987], [0.010991703733112373], [0.011017169551233712], [0.011036328722933548], [0.011048225929324484], [0.011052260065429016]], "fuselage": {"wetted_area": 523.0, "skin_friction_coefficient": [[0.0016579712662565778], [0.0016585002392429462], [0.0016600674958249793], [0.0016626143700444983], [0.0016660442140297603], [0.0016702242864167901], [0.0016749887567305123], [0.001680143114480184], [0.001685470249344313], [0.0016907383690085611], [0.0016957107372435277], [0.0017001569557898307], [0.0017038652104007293], [0.0017066546075559196], [0.0017083865129763033], [0.0017089737342793712]], "compressibility_factor": [[0.9838278480600297], [0.9838158787348208], [0.9837803907734367], [0.9837226415812956], [0.9836447161713504], [0.9835495048104458], [0.9834406597299916], [0.9833225207093765], [0.9831999992213446], [0.9830784130007756], [0.9829632677512977], [0.9828599901695612], [0.9827736257657357], [0.9827085244931074], [0.982668044731535], [0.9826543093506482]], "reference_area": 7.55, "form_factor": [[1.030223576157065], [1.0302223269044117], [1.03021862211902], [1.0302125905933528], [1.0302044463548998], [1.0301944870126645], [1.0301830900861764], [1.0301707061422354], [1.0301578475197732], [1.03014507163098], [1.0301329583411738], [1.0301220817554635], [1.0301129777992042], [1.0301061100934237], [1.0301018375340771], [1.0301003874006496]], "reynolds_factor": [[0.9932612290654954], [0.993256809047545], [0.9932437068651735], [0.9932223946466477], [0.9931936536875617], [0.9931585639359554], [0.9931184852612136], [0.9930750271467693], [0.9930300034755312], [0.9929853698926009], [0.9929431429480251], [0.9929053028011098], [0.9928736844280929], [0.99284986547029], [0.9928350613404993], [0.9928300391958539]], "parasite_drag_coefficient": [[0.0024935838340468673], [0.0024943763831458948], [0.00249672455099701], [0.0025005403840307836], [0.0025056789955962455], [0.002511941411208005], [0.0025190790894048585], [0.0025268005481125094], [0.0025347804922719024], [0.0025426716887245538], [0.002550119559088564], [0.0025567790744581683], [0.0025623330834256297], [0.002566510767144898], [0.0025691045948390084], [0.002569984051643679]]}, "main_wing": {"wetted_area": 716.5, "skin_friction_coefficient": [[0.0019456196645229284], [0.001946282200774095], [0.0019482453078955818], [0.0019514358599063523], [0.001955733318868935], [0.0019609719974118135], [0.001966944697299902], [0.0019734081041833285], [0.0019800902937430562], [0.0019867005798285767], [0.001992941701237361], [0.0019985240112660734], [0.0020031809421237317], [0.002006684633785116], [0.002008860333775944], [0.0020095980801012447]], "compressibility_factor": [[0.