{"unknowns": {"tag": "unknowns", "climb_1": {"tag": "unknowns", "throttle": [[0.7421675002684047], [0.7433275670743775], [0.7467714309149237], [0.7523895057513567], [0.759997514764441], [0.7693350246857383], [0.7800652783632301], [0.7917779880891971], [0.8039968591352689], [0.8161933888107579], [0.827807858756716], [0.8382774044722258], [0.8470697142390768], [0.8537195132864532], [0.8578638583374834], [0.8592717449261194]], "body_angle": [[0.3895385684345152], [0.3897211176208145], [0.3902620476640675], [0.3911412980227194], [0.3923257660132384], [0.3937698873889491], [0.395416600991759], [0.3971988156368378], [0.39904148460386124], [0.4008643498577719], [0.4025853446143565], [0.40412454557777144], [0.40540845842877304], [0.4063743215439951], [0.40697404584930275], [0.4071773934748512]]}, "climb_2": {"tag": "unknowns", "throttle": [[0.6434109013056666], [0.6431368441534968], [0.6429262953351996], [0.6443283449946676], [0.6491404145685897], [0.6587711748054952], [0.6739002060234165], [0.6945010426849666], [0.7200785970010403], [0.7500206388010673], [0.7838204325697782], [0.8208471412375806], [0.8593176918963911], [0.8949821451489676], [0.9210510058502296], [0.925255294266957]], "body_angle": [[0.19677962572595148], [0.19433974017071134], [0.18749539483455474], [0.17746469282659125], [0.16573132569541638], [0.1535985961005216], [0.14195595028641636], [0.13125901876825155], [0.12162498329481118], [0.11296243232137033], [0.10509473795343979], [0.0978769097130912], [0.09131578473787869], [0.0857026395804375], [0.08170843019690918], [0.08022465741532546]]}, "climb_3": {"tag": "unknowns", "throttle": [[0.7722455613079731], [0.7723958981020175], [0.7728609592039044], [0.7736802081357644], [0.7749101085124628], [0.7766107915234084], [0.7788282289140528], [0.7815741178772312], [0.7848058778960847], [0.7884114060147589], [0.7922027542413388], [0.7926406994107575], [0.7907685088391166], [0.7893689597027505], [0.7885037191524121], [0.7879507090718503]], "body_angle": [[0.06233809690803163], [0.06230227263006065], [0.06219665586932256], [0.06202668121458165], [0.06180096548933498], [0.06153071190630226], [0.06122897245722803], [0.06090986213518214], [0.060587783811079696], [0.060276738072407215], [0.05998973467251413], [0.05973882417762165], [0.05953360863660646], [0.059381427517040335], [0.059287867566385044], [0.0633951687965902]]}, "climb_4": {"tag": "unknowns", "throttle": [[1.0026564268682878], [0.9917390895459288], [0.9724848396572142], [0.9385738116926741], [0.9083573940791182], [0.8657668641382376], [0.8378439382395363], [0.8172490390488851], [0.7837197899215121], [0.757647833511429], [0.7314848874381213], [0.7119001454604207], [0.694554909134806], [0.6836005133903386], [0.6757214833120803], [0.6744619385071823]], "body_angle": [[0.059050832284945856], [0.058479638432149275], [0.05684841147227364], [0.05937509880195332], [0.06566580439732425], [0.07013554710235054], [0.07306642510444733], [0.07477186868877728], [0.0756684313402012], [0.07603319389848222], [0.0760942365052049], [0.07599659914412464], [0.07584764086511861], [0.0757043966947797], [0.07560824045822839], [0.07557221927302758]]}, "climb_5": {"tag": "unknowns", "throttle": [[0.5893800211055243], [0.5912471693332922], [0.5968706186909231], [0.6063111460417471], [0.619650386900972], [0.6369544711091297], [0.6582123467105891], [0.6832448875340013], [0.711589046519154], [0.7423748056700203], [0.7742293628524664], [0.805257064084796], [0.8331450305528089], [0.8554220381986335], [0.8698479253576586], [0.8748462923314708]], "body_angle": [[0.0658904321026136], [0.06609897961243935], [0.06671909609038161], [0.06773403951977444], [0.06911533489647505], [0.07082189014643647], [0.07279887989855024], [0.07497678475111116], [0.07727121168956012], [0.07958421125489543], [0.08180766477487994], [0.08382893954081616], [0.08553848871491525], [0.0868385575818364], [0.0876518087862124], [0.08792859698994376]]}, "cruise": {"tag": "unknowns", "throttle": [[0.7736755397779612], [0.773379025335935], [0.7725029487156903], [0.7710870014242975], [0.7691950388018047], [0.7669118470084927], [0.7643389960423839], [0.7615900666633433], [0.758785526159555], [0.7560474890325816], [0.753494554564552], [0.7512368803593468], [0.7493716364006111], [0.747978984685225], [0.7471187345882786], [0.7468278213052635]], "body_angle": [[0.08208911541719538], [0.08204918105528297], [0.08193102088562201], [0.08173950463923638], [0.08148255401321738], [0.08117085789033257], [0.0808174854863697], [0.08043740545909246], [0.08004691849665367], [0.07966301156257705], [0.07930264568330983], [0.07898199691909587], [0.07871568139378246], [0.07851600764814223], [0.07839230948203392], [0.07835041595165404]]}, "decel_1": {"tag": "unknowns", "throttle": [[0.19638200122384397], [0.19428766465866354], [0.18815834158328218], [0.1784214985269898], [0.1656980500668084], [0.15071992064452036], [0.13428029527672483], [0.11721922314887606], [0.10041721901098351], [0.08475929892720617], [0.07104727436176689], [0.05987430209259433], [0.05151596586292159], [0.0459092685617762], [0.0427612104439457], [0.04175636131532181]], "body_angle": [[0.07859911855595113], [0.07874909489968904], [0.07919350430781112], [0.07991540384439039], [0.08088539658875646], [0.08206034040232667], [0.08338249724019102], [0.08478016790022105], [0.08617110129060415], [0.08746982436127693], [0.08859908907350934], [0.08950356979156864], [0.09016113926027276], [0.09058518142355967], [0.09081318646499503], [0.09088378176177624]]}, "descent_1": {"tag": "unknowns", "throttle": [[0.5177857073024235], [0.5127563711224057], [0.4983625230263577], [0.47650203757054704], [0.4497986004490574], [0.42101564104088735], [0.3925590766036964], [0.3661905259651528], [0.34296731083635956], [0.3233474537705693], [0.30737110863876105], [0.2948446743561432], [0.2854861787784824], [0.27902041950082435], [0.2752309168214719], [0.2739828909577807]], "body_angle": [[0.06732041043378632], [0.06658074140853922], [0.06442219692778053], [0.06101677775972992], [0.05662227308778205], [0.05154653229683688], [0.04610993511690614], [0.040613448037566294], [0.03531691867296109], [0.03042884026529754], [0.02610595260493701], [0.02245943776077064], [0.01956417762468883], [0.017468189384435444], [0.016200433529301204], [0.01577625173614785]]}, "decel_2": {"tag": "unknowns", "throttle": [[0.2320663426195721], [0.23171112423208387], [0.2306880226500578], [0.22912755693445003], [0.22725420719327696], [0.2253915541445772], [0.22395551056255858], [0.22342305393957404], [0.22426107813011958], [0.22681318601566117], [0.23142819472864423], [0.24569849943384872], [0.25452201587671797], [0.23420171490673664], [0.2261466460605196], [0.22919073554951072]], "body_angle": [[0.04282539951575582], [0.04279199962523403], [0.04267784999852648], [0.04244022331922412], [0.04200387703790373], [0.04125572415905334], [0.040036885883165126], [0.03813277153974319], [0.03525659722702941], [0.031010582302057457], [0.024390528956064063], [0.026030116409218325], [0.023654613495517597], [0.024656490306425558], [0.025307380557595686], [0.025759025745171683]]}, "descent_2": {"tag": "unknowns", "throttle": [[0.21008820207120443], [0.20188985609738785], [0.1824984200794146], [0.14939456289596262], [0.13222008470986565], [0.11784090469293693], [0.09386843117518441], [0.07735443091983879], [0.05993055963462337], [0.04663164765166592], [0.034516399803120726], [0.026379477989579053], [0.02029665190235075], [0.017473647890723743], [0.01577000866901242], [0.015861607235183258]], "body_angle": [[-0.010798823647064098], [-0.009703745487157155], [-0.00697144417698015], [-0.003673556835139648], [-0.0005862652502841922], [0.002332577567845861], [0.004741559131125146], [0.006787077284905313], [0.008702981706215526], [0.010740316320985526], [0.01310749059566084], [0.015891647363685354], [0.01896764890347294], [0.021926039475140803], [0.024128483315258905], [0.02495001722145102]]}, "descent_3": {"tag": "unknowns", "throttle": [[0.13800735168792133], [0.13710008305022336], [0.1344638228695223], [0.1303397714592399], [0.1250830295245599], [0.11910627960857963], [0.112823171076076], [0.10660320082237501], [0.10074433981438004], [0.09546377875509968], [0.09090300916543463], [0.08714172305172843], [0.08421527611352128], [0.08213179311466536], [0.0808865454347558], [0.08047247996061346]], "body_angle": [[0.06437920817481663], [0.06405194746483774], [0.06309169131939725], [0.06156052984631748], [0.059554162573829096], [0.05719184729233435], [0.05460508188855976], [0.05192681985737308], [0.04928259119450595], [0.04678426632895318], [0.044526569548332215], [0.04258596716202987], [0.04102128358038], [0.03987532040912287], [0.03917681369564893], [0.03894219905418608]]}}, "conditions": {"climb_1": {"tag": "aerodynamic_conditions", "frames": {"inertial": {"position_vector": [[0.0, 0.0, -0.0], [64.18949455977389, 0.0, -13.321222592672052], [253.95258931145807, 0.0, -52.70268902107051], [560.9957264300541, 0.0, -116.42324022903203], [971.8996474670346, 0.0, -201.69798236363997], [1468.7058793373144, 0.0, -304.79999999999995], [2029.7016057673625, 0.0, -421.22324022903206], [2630.3686215560333, 0.0, -545.8794487920385], [3244.4548957932193, 0.0, -673.3205512079614], [3845.1219115818903, 0.0, -797.976759770968], [4406.117638011939, 0.0, -914.3999999999999], [4902.923869882221, 0.0, -1017.5020176363597], [5313.827790919198, 0.0, -1102.776759770968], [5620.870928037791, 0.0, -1166.4973109789296], [5810.634022789478, 0.0, -1205.878777407328], [5874.823517349254, 0.0, -1219.2]], "velocity_vector": [[97.91372528915443, 0.0, -20.32], [97.91372528915443, 0.0, -20.32], [97.91372528915443, 0.0, -20.32], [97.91372528915443, 0.0, -20.32], [97.91372528915443, 0.0, -20.32], [97.91372528915443, 0.0, -20.32], [97.91372528915443, 0.0, -20.32], [97.91372528915443, 0.0, -20.32], [97.91372528915443, 0.0, -20.32], [97.91372528915443, 0.0, -20.32], [97.91372528915443, 0.0, -20.32], [97.91372528915443, 0.0, -20.32], [97.91372528915443, 0.0, -20.32], [97.91372528915443, 0.0, -20.32], [97.91372528915443, 0.0, -20.32], [97.91372528915443, 0.0, -20.32]], "acceleration_vector": [[5.684341886080802e-14, 0.0, 1.4210854715202004e-14], [-1.279349273419069e-15, 0.0, -8.620383146020532e-16], [-4.872584620302721e-15, 0.0, 6.54788703618983e-16], [-1.3416089274831076e-15, 0.0, 1.292670156044415e-15], [5.545193109828743e-15, 0.0, -4.9267210967217445e-17], [-1.2250580222849638e-15, 0.0, 3.810446744881708e-17], [1.5253281646570153e-15, 0.0, -6.920907008860078e-16], [-3.589203413636059e-16, 0.0, 6.153202172502477e-16], [9.586996928531163e-16, 0.0, -3.663701777662627e-16], [-9.599986337277007e-18, 0.0, 2.43607258197522e-16], [-1.0681995273258368e-15, 0.0, 3.522885512392803e-16], [-2.934283377772044e-15, 0.0, 3.333787392035764e-16], [3.258268189371462e-16, 0.0, 1.5833040967946526e-15], [1.1318049794793228e-14, 0.0, -2.174637136625657e-15], [-2.7292762801650572e-15, 0.0, 3.0878598310976697e-15], [-5.684341886080802e-14, 0.0, 0.0]], "gravity_force_vector": [[0.0, 0.0, 1794616.95], [0.0, 0.0, 1794463.1036458956], [0.0, 0.0, 1794008.1155986302], [0.0, 0.0, 1793271.3785055475], [0.0, 0.0, 1792284.3538595429], [0.0, 0.0, 1791089.3116210767], [0.0, 0.0, 1789737.6224108182], [0.0, 0.0, 1788287.6567646207], [0.0, 0.0, 1786802.3598517126], [0.0, 0.0, 1785346.5844207488], [0.0, 0.0, 1783984.2800537394], [0.0, 0.0, 1782775.652540831], [0.0, 0.0, 1781774.4214007554], [0.0, 0.0, 1781025.3130687093], [0.0, 0.0, 1780561.9283134614], [0.0, 0.0, 1780405.1118424798]], "total_force_vector": [[-0.00015136355068534613, 0.0, -0.00013521872460842133], [-9.574252180755138e-05, 0.0, -9.340071119368076e-05], [5.934503860771656e-05, 0.0, 3.781169652938843e-05], [0.00016335526015609503, 0.0, 0.00012853089720010757], [0.00013048970140516758, 0.0, 0.00011552521027624607], [-6.541726179420948e-06, 0.0, 1.7017824575304985e-05], [-0.00010443036444485188, 0.0, -5.232822149991989e-05], [-6.463646423071623e-05, 0.0, -2.6111025363206863e-05], [6.7351502366364e-05, 0.0, 5.8702658861875534e-05], [0.00013625831343233585, 0.0, 8.711800910532475e-05], [4.9621681682765484e-05, 0.0, 3.865454345941544e-06], [-0.00013031356502324343, 0.0, -0.0001320547889918089], [-0.0002126643666997552, 0.0, -0.00017683696933090687], [-0.00011576525866985321, 0.0, -8.358410559594631e-05], [9.374634828418493e-05, 0.0, 8.979788981378078e-05], [0.0001880914205685258, 0.0, 0.00016450835391879082]], "time": [[0.0], [0.6555719779858287], [2.593636270721971], [5.72949016875157], [9.926081809234239], [14.99999999999998], [20.729490168751553], [26.86414610197037], [33.135853898029566], [39.27050983124838], [44.99999999999994], [50.07391819076568], [54.27050983124837], [57.40636372927797], [59.34442802201411], [59.999999999999936]]}, "body": {"inertial_rotations": [[0.0, 0.3895385684345152, 0.0], [0.0, 0.3897211176208145, 0.0], [0.0, 0.3902620476640675, 0.0], [0.0, 0.3911412980227194, 0.0], [0.0, 0.3923257660132384, 0.0], [0.0, 0.3937698873889491, 0.0], [0.0, 0.395416600991759, 0.0], [0.0, 0.3971988156368378, 0.0], [0.0, 0.39904148460386124, 0.0], [0.0, 0.4008643498577719, 0.0], [0.0, 0.4025853446143565, 0.0], [0.0, 0.40412454557777144, 0.0], [0.0, 0.40540845842877304, 0.0], [0.0, 0.4063743215439951, 0.0], [0.0, 0.40697404584930275, 0.0], [0.0, 0.4071773934748512, 0.0]], "transform_to_inertial": [[[0.9250843923212613, 0.0, 0.3797615924282005], [0.0, 1.0, 0.0], [-0.3797615924282005, 0.0, 0.9250843923212613]], [[0.9250150517381097, 0.0, 0.37993045950271237], [0.0, 1.0, 0.0], [-0.37993045950271237, 0.0, 0.9250150517381097]], [[0.9248094006160849, 0.0, 0.3804307723254231], [0.0, 1.0, 0.0], [-0.3804307723254231, 0.0, 0.9248094006160849]], [[0.9244745492898195, 0.0, 0.38124376416590083], [0.0, 1.0, 0.0], [-0.38124376416590083, 0.0, 0.9244745492898195]], [[0.9240223298577954, 0.0, 0.38233850698585353], [0.0, 1.0, 0.0], [-0.38233850698585353, 0.0, 0.9240223298577954]], [[0.9234692233211124, 0.0, 0.38367250823938565], [0.0, 1.0, 0.0], [-0.38367250823938565, 0.0, 0.9234692233211124]], [[0.9228361727986869, 0.0, 0.38519267668826734], [0.0, 1.0, 0.0], [-0.38519267668826734, 0.0, 0.9228361727986869]], [[0.9221482115357109, 0.0, 0.38683675621829117], [0.0, 1.0, 0.0], [-0.38683675621829117, 0.0, 0.9221482115357109]], [[0.9214338343091963, 0.0, 0.3885353124109218], [0.0, 1.0, 0.0], [-0.3885353124109218, 0.0, 0.9214338343091963]], [[0.9207240562933838, 0.0, 0.3902143156813415], [0.0, 1.0, 0.0], [-0.3902143156813415, 0.0, 0.9207240562933838]], [[0.9200511363231727, 0.0, 0.3917982982995699], [0.0, 1.0, 0.0], [-0.3917982982995699, 0.0, 0.9200511363231727]], [[0.9194469903785083, 0.0, 0.3932139772234746], [0.0, 1.0, 0.0], [-0.3932139772234746, 0.0, 0.9194469903785083]], [[0.9189413802157476, 0.0, 0.3943941426126621], [0.0, 1.0, 0.0], [-0.3943941426126621, 0.0, 0.9189413802157476]], [[0.9185600208834719, 0.0, 0.39528153009539374], [0.0, 1.0, 0.0], [-0.39528153009539374, 0.0, 0.9185600208834719]], [[0.9183227957677566, 0.0, 0.3958323417474768], [0.0, 1.0, 0.0], [-0.3958323417474768, 0.0, 0.9183227957677566]], [[0.91824228521506, 0.0, 0.39601907232231176], [0.0, 1.0, 0.0], [-0.39601907232231176, 0.0, 0.91824228521506]]], "thrust_force_vector": [[641896.5110485947, 0.0, 0.0], [642091.1798401691, 0.0, 0.0], [642668.2915511306, 0.0, 0.0], [643607.1932610087, 0.0, 0.0], [644873.6090071294, 0.0, 0.0], [646419.9966184485, 0.0, 0.0], [648186.2969076419, 0.0, 0.0], [650101.263918522, 0.0, 0.0], [652084.5397206085, 0.0, 0.0], [654049.5672714146, 0.0, 0.0], [655907.3267921637, 0.0, 0.0], [657570.7502658559, 0.0, 0.0], [658959.5372801404, 0.0, 0.0], [660004.9882244199, 0.0, 0.0], [660654.4107080114, 0.0, 0.0], [660874.6561630892, 0.0, 0.0]]}, "wind": {"body_rotations": [[0.0, 0.18491356611703877, 0.0], [0.0, 0.18509611530333797, 0.0], [0.0, 0.185637045346591, 0.0], [0.0, 0.18651629570524292, 0.0], [0.0, 0.18770076369576189, 0.0], [0.0, 0.18914488507147262, 0.0], [0.0, 0.19079159867428253, 0.0], [0.0, 0.19257381331936127, 0.0], [0.0, 0.19441648228638475, 0.0], [0.0, 0.19623934754029543, 0.0], [0.0, 0.19796034229687998, 0.0], [0.0, 0.19949954326029495, 0.0], [0.0, 0.20078345611129655, 0.0], [0.0, 0.20174931922651862, 0.0], [0.0, 0.20234904353182626, 0.0], [0.0, 0.20255239115737467, 0.0]], "velocity_vector": [[0.0, 0.0, 0.0], [0.0, 0.0, 0.0], [0.0, 0.0, 0.0], [0.0, 0.0, 0.0], [0.0, 0.0, 0.0], [0.0, 0.0, 0.0], [0.0, 0.0, 0.0], [0.0, 0.0, 0.0], [0.0, 0.0, 0.0], [0.0, 0.0, 0.0], [0.0, 0.0, 0.0], [0.0, 0.0, 0.0], [0.0, 0.0, 0.0], [0.0, 0.0, 0.0], [0.0, 0.0, 0.0], [0.0, 0.0, 0.0]], "lift_force_vector": [[0.0, 0.0, -1639156.20781227], [0.0, 0.0, -1638854.5659322718], [0.0, 0.0, -1637961.1747044066], [0.0, 0.0, -1636510.3890608586], [0.0, 0.0, -1634558.6161305609], [0.0, 0.0, -1632182.9625542795], [0.0, 0.0, -1629479.1999858257], [0.0, 0.0, -1626558.9377497884], [0.0, 0.0, -1623545.9052031548], [0.0, 0.0, -1620571.2971421299], [0.0, 0.0, -1617768.2266009473], [0.0, 0.0, -1615265.4564564356], [0.0, 0.0, -1613180.7274655497], [0.0, 0.0, -1611614.1392491376], [0.0, 0.0, -1610642.1376721985], [0.0, 0.0, -1610312.6871150027]], "drag_force_vector": [[-266287.3890360678, 0.0, 0.0], [-266488.4391521003, 0.0, 0.0], [-267084.0742427054, 0.0, 0.0], [-268051.85678928177, 0.0, 0.0], [-269354.78448144207, 0.0, 0.0], [-270941.9884174013, 0.0, 0.0], [-272749.9003612046, 0.0, 0.0], [-274704.02230037795, 0.0, 0.0], [-276721.3982755972, 0.0, 0.0], [-278713.81879671797, 0.0, 0.0], [-280591.6911357905, 0.0, 0.0], [-282268.40093669517, 0.0, 0.0], [-283664.89199137065, 0.0, 0.0], [-284714.12150206283, 0.0, 0.0], [-285365.0212815394, 0.0, 0.0], [-285585.6168073154, 0.0, 0.0]], "transform_to_inertial": [[[0.9791372528915443, 0.0, 0.2032], [0.0, 1.0, 0.0], [-0.2032, 0.0, 0.9791372528915443]], [[0.9791372528915443, 0.0, 0.20320000000000002], [0.0, 1.0, 0.0], [-0.20320000000000002, 0.0, 0.9791372528915443]], [[0.9791372528915443, 0.0, 0.2032], [0.0, 1.0, 0.0], [-0.2032, 0.0, 0.9791372528915443]], [[0.9791372528915443, 0.0, 0.20320000000000002], [0.0, 1.0, 0.0], [-0.20320000000000002, 0.0, 0.9791372528915443]], [[0.9791372528915443, 0.0, 0.20319999999999996], [0.0, 1.0, 0.0], [-0.20319999999999996, 0.0, 0.9791372528915443]], [[0.9791372528915443, 0.0, 0.2031999999999999], [0.0, 1.0, 0.0], [-0.2031999999999999, 0.0, 0.9791372528915443]], [[0.9791372528915442, 0.0, 0.20320000000000002], [0.0, 1.0, 0.0], [-0.20320000000000002, 0.0, 0.9791372528915442]], [[0.9791372528915443, 0.0, 0.20320000000000005], [0.0, 1.0, 0.0], [-0.20320000000000005, 0.0, 0.9791372528915443]], [[0.9791372528915443, 0.0, 0.2032], [0.0, 1.0, 0.0], [-0.2032, 0.0, 0.9791372528915443]], [[0.9791372528915442, 0.0, 0.2032], [0.0, 1.0, 0.0], [-0.2032, 0.0, 0.9791372528915442]], [[0.9791372528915444, 0.0, 0.2032], [0.0, 1.0, 0.0], [-0.2032, 0.0, 0.9791372528915444]], [[0.9791372528915443, 0.0, 0.2032], [0.0, 1.0, 0.0], [-0.2032, 0.0, 0.9791372528915443]], [[0.9791372528915443, 0.0, 0.2032], [0.0, 1.0, 0.0], [-0.2032, 0.0, 0.9791372528915443]], [[0.9791372528915443, 0.0, 0.2032], [0.0, 1.0, 0.0], [-0.2032, 0.0, 0.9791372528915443]], [[0.9791372528915443, 0.0, 0.20320000000000002], [0.0, 1.0, 0.0], [-0.20320000000000002, 0.0, 0.9791372528915443]], [[0.9791372528915443, 0.0, 0.20320000000000008], [0.0, 1.0, 0.0], [-0.20320000000000008, 0.0, 0.9791372528915443]]]}, "planet": {"start_time": null, "latitude": [[0.0], [0.0005772693897955301], [0.0022838410581959017], [0.005045109679203296], [0.008740365163672143], [0.0132080733539082], [0.018252941679820552], [0.023654459963775663], [0.029176542134641405], [0.03457784670787314], [0.039622324564863885], [0.04408953304360338], [0.0477842659786578], [0.05054507956587405], [0.05225134239558346], [0.052828502542804044]], "longitude": [[0.0], [0.0], [0.0], [0.0], [0.0], [0.0], [0.0], [0.0], [0.0], [0.0], [0.0], [0.0], [0.0], [0.0], [0.0], [0.0]]}}, "weights": {"total_mass": [[183000.0], [182984.31203784124], [182937.91616899046], [182862.7898931386], [182762.14138972462], [182640.28099514887], [182502.4470548881], [182354.59170711922], [182203.1335728014], [182054.6857918605], [181915.7694068555], [181792.5236998191], [181690.42653717176], [181614.03874602536], [181566.78665124803], [181550.79582145583]], "weight_breakdown": {}, "vehicle_mass_rate": [[23.927899593946744], [23.932482821950213], [23.946099094818504], [23.968342555311985], [23.99852021373133], [24.035634318736264], [24.078370694842786], [24.125103006605798], [24.173921937695766], [24.22269532735054], [24.269160793462344], [24.311047013281375], [24.346214555768807], [24.372802914101676], [24.389367994909662], [24.394994249007993]]}, "energies": {"total_energy": [[0.0], [0.0], [0.0], [0.0], [0.0], [0.0], [0.0], [0.0], [0.0], [0.0], [0.0], [0.0], [0.0], [0.0], [0.0], [0.0]], "total_efficiency": [[0.0], [0.0], [0.0], [0.0], [0.0], [0.0], [0.0], [0.0], [0.0], [0.0], [0.0], [0.0], [0.0], [0.0], [0.0], [0.0]], "gravity_energy": [[0.0], [0.0], [0.0], [0.0], [0.0], [0.0], [0.0], [0.0], [0.0], [0.0], [0.0], [0.0], [0.0], [0.0], [0.0], [0.0]], "propulsion_power": [[0.0], [0.0], [0.0], [0.0], [0.0], [0.0], [0.0], [0.0], [0.0], [0.0], [0.0], [0.0], [0.0], [0.0], [0.0], [0.0]]}, "freestream": {"velocity": [[100.0], [100.0], [100.0], [100.0], [100.0], [100.0], [100.0], [100.0], [100.0], [100.0], [100.0], [100.0], [100.0], [100.0], [100.0], [100.0]], "mach_number": [[0.29386354971619677], [0.2939077120001378], [0.29403838419409667], [0.29425018246778306], [0.29453433463976597], [0.2948789824175409], [0.29526960490110626], [0.29568956040731903], [0.29612073863048666], [0.2965443078910559], [0.29694153325285727], [0.2972946316302055], [0.2975876211121058], [0.29780711529322856], [0.2979430110428472], [0.29798902104818675]], "pressure": [[101325.0], [101165.07283462111], [100693.47971700387], [99934.20971830012], [98925.39157060065], [97716.73727174143], [96366.36948036612], [94937.35495723058], [93494.25946673968], [92099.98924318216], [90813.1043113747], [89685.69716539643], [88761.8435685271], [88076.5638539889], [87655.19098764342], [87513.02811558972]], "temperature": [[288.15], [288.0634122341953], [287.8074353551533], [287.39326276707834], [286.83900461912907], [286.1688947796062], [285.41222994814433], [284.60208757476494], [283.77387890847854], [282.96380064029273], [282.20725293484793], [281.53729299001355], [280.98319158727105], [280.5691554922507], [280.31327125322184], [280.2267162560886]], "density": [[1.2250000002007604], [1.2234341475571402], [1.2188140164984442], [1.2113668919933467], [1.2014554492152056], [1.1895552872849393], [1.1762266610423338], [1.1620829964148092], [1.1477587960631956], [1.133879228808676], [1.1210331380962857], [1.1097505225965891], [1.1004848622057892], [1.0936000928311707], [1.0893616467867993], [1.0879308050435257]], "speed_of_sound": [[340.29399051558636], [340.2428582750258], [340.09165257141854], [339.8468580761163], [339.51899062058857], [339.12216862713746], [338.67353205384177], [338.19252821184404], [337.70008970828854], [337.2177355592267], [336.766631816527], [336.3666523396445], [336.0354830160374], [335.78781320096203], [335.63465593632935], [335.58283338173504]], "dynamic_viscosity": [[1.789380278077583e-05], [1.788962452270111e-05], [1.7877268929005636e-05], [1.7857266292190283e-05], [1.7830476489809398e-05], [1.7798053846240012e-05], [1.7761399510080425e-05], [1.7722102950871072e-05], [1.7681874663842536e-05], [1.764247264429514e-05], [1.7605625621181876e-05], [1.757295637959055e-05], [1.7545908706107278e-05], [1.752568151373694e-05], [1.751317350927713e-05], [1.750894134013417e-05]], "altitude": [[0.0], [13.321222592672052], [52.70268902107051], [116.42324022903203], [201.69798236363997], [304.79999999999995], [421.22324022903206], [545.8794487920385], [673.3205512079614], [797.976759770968], [914.3999999999999], [1017.5020176363597], [1102.776759770968], [1166.4973109789296], [1205.878777407328], [1219.2]], "gravity": [[9.80665], [9.80665], [9.80665], [9.80665], [9.80665], [9.80665], [9.80665], [9.80665], [9.80665], [9.80665], [9.80665], [9.80665], [9.80665], [9.80665], [9.80665], [9.80665]], "reynolds_number": [[6845945.577967566], [6838791.647106169], [6817674.563931487], [6783607.704406174], [6738212.80043677], [6683625.623125322], [6622376.01476601], [6557252.260842389], [6491160.116694156], [6426985.897440666], [6367471.183458177], [6315104.29221498], [6272031.164864883], [6239986.113943629], [6220241.2727181595], [6213572.733548201]], "dynamic_pressure": [[6125.000001003802], [6117.170737785701], [6094.070082492221], [6056.834459966733], [6007.277246076028], [5947.776436424697], [5881.133305211669], [5810.414982074046], [5738.793980315978], [5669.39614404338], [5605.165690481428], [5548.752612982946], [5502.424311028946], [5468.0004641558535], [5446.808233933996], [5439.654025217628]], "stagnation_temperature": [[293.13869979529676], [293.0521382947055], [292.79623882485294], [292.3821907320314], [291.82809772900697], [291.1581853213256], [290.40174048195956], [289.59183018490927], [288.76385506098546], [287.9540015881177], [287.19766057170204], [286.52788103381164], [285.97392697302683], [285.55999987051734], [285.3041825187219], [285.2176500649711]], "stagnation_pressure": [[107587.69205571394], [107419.80945457405], [106924.743001869], [106127.63539872789], [105068.45642200235], [103799.33276192074], [102381.23220635873], [100880.33748071364], [99364.4383305438], [97899.61855970348], [96547.4321182858], [95362.66711447269], [94391.70645453315], [93671.42255097434], [93228.49946027016], [93079.06140126626]], "isentropic_expansion_factor": [[1.4009657721330457], [1.400967883194452], [1.4009741049429385], [1.400984111224632], [1.4009973847157258], [1.401013253261443], [1.4010309350831929], [1.4010495881728386], [1.4010683590946404], [1.4010864269744425], [1.4011030395648112], [1.4011175397377071], [1.401129382318796], [1.4011381425705822], [1.4011435186189074], [1.401145330538874]], "specific_heat_at_constant_pressure": [[1004.7652106172491], [1004.7639889031408], [1004.7604360543339], [1004.7548740072014], [1004.7477918404803], [1004.7397823440097], [1004.7314675182282], [1004.7234245149828], [1004.7161233052592], [1004.7098852709787], [1004.7048682866472], [1004.7010792760958], [1004.6984104786558], [1004.6966915727884], [1004.6957471242977], [1004.6954480546585]], "gas_specific_constant": 287.0528742}, "aerodynamics": {"angle_of_attack": [[0.18491356611703877], [0.18509611530333797], [0.185637045346591], [0.18651629570524292], [0.18770076369576189], [0.18914488507147262], [0.19079159867428253], [0.19257381331936127], [0.19441648228638475], [0.19623934754029543], [0.19796034229687998], [0.19949954326029495], [0.20078345611129655], [0.20174931922651862], [0.20234904353182626], [0.20255239115737467]], "side_slip_angle": [[0.0], [0.0], [0.0], [0.0], [0.0], [0.0], [0.0], [0.0], [0.0], [0.0], [0.0], [0.0], [0.0], [0.0], [0.0], [0.0]], "roll_angle": [[0.0], [0.0], [0.0], [0.0], [0.0], [0.0], [0.0], [0.0], [0.0], [0.0], [0.0], [0.0], [0.0], [0.0], [0.0], [0.0]], "lift_coefficient": [[0.7470128123018119], [0.74783125812349], [0.7502568336656588], [0.7542005825849627], [0.759515470363234], [0.765998651561185], [0.7733954248235531], [0.7814054831393785], [0.789692002016447], [0.7978938902447511], [0.8056411624589399], [0.8125729182102368], [0.8183568999728442], [0.8227091493416012], [0.8254119887937462], [0.8263285101120026]], "drag_coefficient": [[0.12135517677710049], [0.1216022390694039], [0.12233602051038701], [0.12353411741521134], [0.12515863537173338], [0.12715559624163988], [0.1294545674852864], [0.13196892180428177], [0.13459716433315316], [0.1372257138805662], [0.1397333762067507], [0.1419975009995229], [0.14390149701695296], [0.14534304893579306], [0.14624211315406646], [0.14654764825121994]], "lift_breakdown": {"inviscid_wings_lift": {"total": [[0.4701173261390391], [0.4705814323544669], [0.4719566726405227], [0.47419204582755325], [0.4772033928925253], [0.4808748730009109], [0.48506141600111347], [0.48959245177714705], [0.4942771843574931], [0.49891156871919995], [0.5032869613431935], [0.5072001682349652], [0.5104643401893711], [0.5129199144053652], [0.5144446310216322], [0.5149616144101794]], "main_wing": [[0.6263423154215111], [0.6270196444043636], [0.6290269201141133], [0.6322902964839586], [0.6366877597005202], [0.6420510707929847], [0.6481691191059515], [0.6547931774621221], [0.6616444940187705], [0.668424475134937], [0.6748274134923822], [0.6805553284755483], [0.6853340699728078], [0.6889294711036734], [0.691162102198347], [0.6919191449393967]], "vertical_stabilizer": [[0.0], [0.0], [0.0], [0.0], [0.0], [0.0], [0.0], [0.0], [0.0], [0.0], [0.0], [0.0], [0.0], [0.0], [0.0], [0.0]]}, "vortex_lift": [[0.6263423154215111], [0.6270196444043636], [0.6290269201141133], [0.6322902964839586], [0.6366877597005202], [0.6420510707929847], [0.6481691191059515], [0.6547931774621221], [0.6616444940187705], [0.668424475134937], [0.6748274134923822], [0.6805553284755483], [0.6853340699728078], [0.6889294711036734], [0.691162102198347], [0.6919191449393967]], "compressible_wings": [[0.6552743967559754], [0.655992331687272], [0.6581200295312797], [0.661579458407862], [0.6662416406695035], [0.6719286417203377], [0.6784170393189063], [0.6854434062626128], [0.6927122824705676], [0.6999069212673256], [0.7067027740867895], [0.712783261587927], [0.7178569298007406], [0.7216746924049134], [0.7240456042050406], [0.7248495702736866]]}, "drag_breakdown": {"parasite": {"main_wing": {"wetted_area": 595.4, "reference_area": 358.25, "parasite_drag_coefficient": [[0.0034369689044293755], [0.003437452345889796], [0.003438882868105842], [0.003441201710132015], [0.003444313095204668], [0.0034480874850638054], [0.0034523661528569677], [0.0034569670532334476], [0.00346169191337451], [0.0034663343877140034], [0.003470689017617281], [0.0034745606268083286], [0.0034777736804652323], [0.0034801810601511364], [0.0034816716769896826], [0.0034821763756726844]], "skin_friction_coefficient": [[0.002032400281736618], [0.0020326860357027963], [0.002033531592580927], [0.0020349022189441], [0.0020367413015832175], [0.0020389722713385757], [0.002041501306366264], [0.0020442208021441855], [0.0020470135630919154], [0.0020497576228121887], [0.0020523315399898438], [0.0020546199517047824], [0.0020565191051376643], [0.002057942043897062], [0.0020588231076273497], [0.0020591214214036035]], "compressibility_factor": [[0.9901582714112169], [0.990155342250831], [0.9901466726543315], [0.9901326127927398], [0.9901137345687284], [0.9900908137109615], [0.9900648041761063], [0.9900368046269851], [0.990008017076526], [0.9899796983269388], [0.9899531055576206], [0.989929438242876], [0.9899097793878402], [0.9898950397066972], [0.9898859086796258], [0.9898828162967159]], "reynolds_factor": [[0.995908263555516], [0.9959071864241344], [0.9959039986568443], [0.9958988297968633], [0.9958918912616779], [0.9958834695190905], [0.9958739163950199], [0.9958636364755481], [0.9958530716854763], [0.9958426833178452], [0.9958329320408347], [0.9958242566918708], [0.9958170529411563], [0.9958116531169874], [0.9958083085823233], [0.9958071759975022]], "form_factor": [[1.0175218062339948], [1.017521867268928], [1.0175220479231941], [1.0175223409166025], [1.0175227343559081], [1.0175232121029343], [1.0175237543021072], [1.0175243380732006], [1.017524938368451], [1.0175255289818657], [1.0175260836831752], [1.0175265774312139], [1.017526987604157], [1.0175272951702645], [1.017527485715848], [1.0175275502496577]]}, "vertical_stabilizer": {"wetted_area": 76.0, "reference_area": 33.91, "parasite_drag_coefficient": [[0.0004905020529482279], [0.0004905740419843447], [0.0004907870640929289], [0.0004911323796415987], [0.0004915957415257802], [0.0004921578765447681], [0.0004927951625970283], [0.0004934804991509352], [0.0004941843602986279], [0.0004948760075543042], [0.0004955248242527427], [0.000496101716671378], [0.000496580511352762], [0.0004969392665078183], [0.0004971614107120358], [0.0004972366265017454]], "skin_friction_coefficient": [[0.0022605993836765236], [0.002260930991654756], [0.002261912249413394], [0.002263502897805096], [0.0022656373077218684], [0.0022682266978546143], [0.002271162254529814], [0.00227431914183371], [0.0022775613526960768], [0.0022807472956636395], [0.0022837359416113725], [0.002286393277595673], [0.0022885987430177547], [0.002290251269885487], [0.002291274527486688], [0.0022916209920445085]], "compressibility_factor": [[0.9901582714112169], [0.990155342250831], [0.9901466726543315], [0.9901326127927398], [0.9901137345687284], [0.9900908137109615], [0.9900648041761063], [0.9900368046269851], [0.990008017076526], [0.9899796983269388], [0.9899531055576206], [0.989929438242876], [0.9899097793878402], [0.9898950397066972], [0.9898859086796258], [0.9898828162967159]], "reynolds_factor": [[0.995908263555516], [0.9959071864241344], [0.9959039986568443], [0.9958988297968633], [0.9958918912616779], [0.9958834695190905], [0.9958739163950199], [0.9958636364755481], [0.9958530716854763], [0.9958426833178452], [0.9958329320408347], [0.9958242566918708], [0.9958170529411563], [0.9958116531169873], [0.9958083085823234], [0.9958071759975022]], "form_factor": [[1.022797908666273], [1.0227979861159975], [1.0227982153554636], [1.0227985871461867], [1.0227990863958352], [1.0227996926254628], [1.0228003806390442], [1.022801121402651], [1.0228018831321808], [1.0228026325741648], [1.0228033364446825], [1.022803962969003], [1.0228044834425596], [1.0228048737163888], [1.022805115501386], [1.0228051973888674]]}, "fuselage": {"wetted_area": 447.0, "reference_area": 11.9, "parasite_drag_coefficient": [[0.00222301811848796], [0.0022233104730416298], [0.0022241755378476294], [0.0022255777115828194], [0.0022274589792338935], [0.002229740900643654], [0.002232327399824744], [0.002235108338014094], [0.002237963820132603], [0.002240769135887321], [0.002243400176614674], [0.002245739103945328], [0.002247679986251393], [0.002249134075035734], [0.0022500343769320426], [0.002250339195860764]], "skin_friction_coefficient": [[0.0017283038603779612], [0.0017285316363770016], [0.0017292056171672866], [0.0017302980688204991], [0.0017317637961791206], [0.001733541691112949], [0.0017355569044854619], [0.0017377236287691436], [0.0017399484523070022], [0.0017421342084624684], [0.0017441841959852144], [0.0017460065961741812], [0.0017475188654715963], [0.0017486518478903935], [0.0017493533387482282], [0.0017495908458525077]], "compressibility_factor": [[0.9901582714112169], [0.990155342250831], [0.9901466726543315], [0.9901326127927398], [0.9901137345687284], [0.9900908137109615], [0.9900648041761063], [0.9900368046269851], [0.990008017076526], [0.9899796983269388], [0.9899531055576206], [0.989929438242876], [0.9899097793878402], [0.9898950397066972], [0.9898859086796258], [0.9898828162967159]], "reynolds_factor": [[0.995908263555516], [0.9959071864241344], [0.9959039986568443], [0.9958988297968632], [0.9958918912616779], [0.9958834695190905], [0.9958739163950199], [0.995863636475548], [0.9958530716854763], [0.9958426833178452], [0.9958329320408347], [0.9958242566918707], [0.9958170529411563], [0.9958116531169873], [0.9958083085823233], [0.9958071759975022]], "form_factor": [[1.0308644864584786], [1.030864198687482], [1.0308633469100654], [1.0308619653999296], [1.0308601101580683], [1.0308578571927605], [1.0308553000507112], [1.0308525465689882], [1.0308497148484321], [1.0308469285030513], [1.030844311313152], [1.0308419814946597], [1.0308400458805511], [1.0308385943770249], [1.0308376950910167], [1.0308373905146835]]}, "turbojet": {"wetted_area": 117.5, "reference_area": 1.3273228961416876, "parasite_drag_coefficient": [[0.0029380600851003774], [0.002938483142543395], [0.0029397349978120837], [0.0029417642622484755], [0.002944487169066983], [0.0029477904110636554], [0.002951535130547171], [0.0029555620447898638], [0.0029596976423516305], [0.002963761314482148], [0.0029675731963876083], [0.002970962395585061], [0.0029737751935162357], [0.00297588273931072], [0.0029771877278053933], [0.0029776295800279504]], "skin_friction_coefficient": [[0.002157677478214598], [0.0021579881667268645], [0.0021589075148140367], [0.0021603977832377317], [0.00216239745463566], [0.0021648233175026103], [0.0021675733963498023], [0.0021705307157770743], [0.0021735678509817746], [0.002176552164978391], [0.002179351567134506], [0.0021818405559794287], [0.0021839062423748986], [0.0021854539997261265], [0.0021864123682423338], [0.002186736859424167]], "compressibility_factor": [[0.9901582714112169], [0.990155342250831], [0.9901466726543315], [0.9901326127927398], [0.9901137345687284], [0.9900908137109615], [0.9900648041761063], [0.9900368046269851], [0.990008017076526], [0.9899796983269388], [0.9899531055576206], [0.989929438242876], [0.9899097793878402], [0.9898950397066972], [0.9898859086796258], [0.9898828162967159]], "reynolds_factor": [[0.995908263555516], [0.9959071864241344], [0.9959039986568443], [0.9958988297968633], [0.9958918912616779], [0.9958834695190905], [0.9958739163950199], [0.9958636364755481], [0.9958530716854763], [0.9958426833178451], [0.9958329320408347], [0.9958242566918707], [0.9958170529411563], [0.9958116531169873], [0.9958083085823233], [0.9958071759975022]], "form_factor": [[1.0379166666666666], [1.0379166666666666], [1.0379166666666666], [1.0379166666666666], [1.0379166666666666], [1.0379166666666666], [1.0379166666666666], [1.0379166666666666], [1.0379166666666666], [1.0379166666666666], [1.0379166666666666], [1.0379166666666666], [1.0379166666666666], [1.0379166666666666], [1.0379166666666666], [1.0379166666666666]]}, "total": [[0.00908854916096594], [0.009089820003459165], [0.009093580467858483], [0.009099676063604909], [0.009107854985031324], [0.009117776673315883], [0.009129023845825913], [0.00914111793518834], [0.009153537736157371], [0.009165740845637775], [0.009177187214872306], [0.009187363843010096], [0.009195809371585623], [0.009202137141005408], [0.009206055192439154], [0.009207381778063144]]}, "compressible": {"main_wing": {"compressibility_drag": [[8.980825182891362e-11], [9.000605716009002e-11], [9.059372525009313e-11], [9.155383771960532e-11], [9.285683708073534e-11], [9.446042777243225e-11], [9.630910929155274e-11], [9.83341809126376e-11], [1.0045459413139504e-10], [1.0257900244709438e-10], [1.0460924831414007e-10], [1.0644532682997216e-10], [1.0799159146366635e-10], [1.0916366513425197e-10], [1.0989526197308499e-10], [1.1014399088608161e-10]], "volume_wave_drag": [[0.0], [0.0], [0.0], [0.0], [0.0], [0.0], [0.0], [0.0], [0.0], [0.0], [0.0], [0.0], [0.0], [0.0], [0.0], [0.0]], "lift_wave_drag": [[0.0], [0.0], [0.0], [0.0], [0.0], [0.0], [0.0], [0.0], [0.0], [0.0], [0.0], [0.0], [0.0], [0.0], [0.0], [0.0]], "crest_critical": [[0.93], [0.93], [0.93], [0.93], [0.93], [0.93], [0.93], [0.93], [0.93], [0.93], [0.93], [0.93], [0.93], [0.93], [0.93], [0.93]], "divergence_mach": [[0.95], [0.95], [0.95], [0.95], [0.95], [0.95], [0.95], [0.95], [0.95], [0.95], [0.95], [0.95], [0.95], [0.95], [0.95], [0.95]]}, "vertical_stabilizer": {"compressibility_drag": [[8.500761533896611e-12], [8.519484712627082e-12], [8.575110183477063e-12], [8.66598921722768e-12], [8.78932406254776e-12], [8.941111251257997e-12], [9.116097407052486e-12], [9.307779692247149e-12], [9.508486495451793e-12], [9.709571452842903e-12], [9.90174350406836e-12], [1.007553672799541e-11], [1.0221897743287998e-11], [1.0332839873558922e-11], [1.0402088858359558e-11], [1.042563218687237e-11]], "volume_wave_drag": [[0.0], [0.0], [0.0], [0.0], [0.0], [0.0], [0.0], [0.0], [0.0], [0.0], [0.0], [0.0], [0.0], [0.0], [0.0], [0.0]], "lift_wave_drag": [[0.0], [0.0], [0.0], [0.0], [0.0], [0.0], [0.0], [0.0], [0.0], [0.0], [0.0], [0.0], [0.0], [0.0], [0.0], [0.0]], "crest_critical": [[0.93], [0.93], [0.93], [0.93], [0.93], [0.93], [0.93], [0.93], [0.93], [0.93], [0.93], [0.93], [0.93], [0.93], [0.93], [0.93]], "divergence_mach": [[0.95], [0.95], [0.95], [0.95], [0.95], [0.95], [0.95], [0.95], [0.95], [0.95], [0.95], [0.95], [0.95], [0.95], [0.95], [0.95]]}, "fuselage": [[0.0], [0.0], [0.0], [0.0]