{"unknowns": {"tag": "unknowns", "climb_1": {"tag": "unknowns", "throttle": [[0.7151191506273331], [0.7162251356213033], [0.719508430738578], [0.724864512229392], [0.7321176327848968], [0.7410194439046011], [0.7512488557517017], [0.762414713693688], [0.7740629742382208], [0.785689852359544], [0.7967618178216997], [0.806742335827843], [0.8151239787363642], [0.821463202649594], [0.8254140003208312], [0.8267561388243478]], "body_angle": [[0.38995541798455496], [0.3901396850341115], [0.39068572357052206], [0.3915733353923556], [0.39276918106819264], [0.394227351491893], [0.3958903237370092], [0.3976904229579494], [0.39955189979694805], [0.40139368935878783], [0.40313284327989757], [0.40468852710767367], [0.40598636459219994], [0.40696280862728706], [0.4075691486494638], [0.40777474743753295]]}, "climb_2": {"tag": "unknowns", "throttle": [[0.6226769957209956], [0.6224885670308384], [0.6224997847775025], [0.6241675908973042], [0.6291728237247755], [0.6388148713732732], [0.6536914152910293], [0.6737278671653542], [0.6984164071336179], [0.727168977129422], [0.7595452624563127], [0.7950273002642639], [0.8319901990735252], [0.8663723297852651], [0.8915731565469311], [0.8954539750826105]], "body_angle": [[0.1968680487485278], [0.19442655969871794], [0.18757803368713866], [0.17754200798194572], [0.1658035199877866], [0.1536666015058882], [0.142020809602633], [0.1313215087245643], [0.12168544470402895], [0.11302072558867954], [0.10515028061941267], [0.09792882436245658], [0.09136321062637551], [0.08574525397982827], [0.08174709578135547], [0.08026175511995774]]}, "climb_3": {"tag": "unknowns", "throttle": [[0.7486675688993313], [0.7488350045745736], [0.749350483266438], [0.750250883436617], [0.7515885764688338], [0.7534183645709547], [0.75578001342705], [0.7586784957337745], [0.7620643650410127], [0.7658188231674441], [0.7697476909659049], [0.7703053270101313], [0.7685306270530416], [0.7672033635725531], [0.7663825607874325], [0.7658849234159941]], "body_angle": [[0.06237518471102747], [0.06233935035949871], [0.0622337039928545], [0.06206368180405697], [0.061837903258095], [0.06156757484456562], [0.06126575240358219], [0.06094655489990692], [0.060624389246595745], [0.0603132597592618], [0.060026179640456326], [0.05977520317120077], [0.05956993451404505], [0.0594177141936657], [0.059324130249810994], [0.063439222511432]]}, "climb_4": {"tag": "unknowns", "throttle": [[0.9810048439368184], [0.9704373534407916], [0.9522001274683798], [0.9198480323600974], [0.8915315545872268], [0.8508926025715996], [0.8248707625746464], [0.8059405862279251], [0.7738202336985563], [0.7489353541539316], [0.7237256724637627], [0.7048883587241486], [0.6880948647658945], [0.6775228066751001], [0.6698644964694475], [0.6686801977208128]], "body_angle": [[0.05909467829978604], [0.05852298129610603], [0.05689032662504293], [0.05942313074545362], [0.06572705705043001], [0.0702075411577874], [0.07314669893087496], [0.0748583328067631], [0.07575950047012504], [0.0761276243384788], [0.07619113984789933], [0.0760952931253573], [0.07594761961707125], [0.07580523226414289], [0.07570957792323137], [0.07567371408911046]]}, "climb_5": {"tag": "unknowns", "throttle": [[0.5797990844178602], [0.581640283260621], [0.5871860772094932], [0.5964979355160351], [0.6096590134973104], [0.6267382856303745], [0.6477294631771595], [0.6724606892216396], [0.7004791437705158], [0.7309281631334934], [0.762451170820361], [0.7931708227881964], [0.820793289450669], [0.84286532487145], [0.8571616334769032], [0.8621156583790445]], "body_angle": [[0.0659934284765715], [0.06620280816854218], [0.06682541263476768], [0.06784447124483971], [0.06923145169861965], [0.07094516233199195], [0.07293061884082933], [0.07511806583869662], [0.07742278308355593], [0.07974639720713586], [0.08198027749077738], [0.08401121712589295], [0.08572907685373629], [0.0870355481994327], [0.08785284035322438], [0.08813101015452908]]}, "climb_6": {"tag": "unknowns", "throttle": [[0.7606705814531347], [0.7604444508896158], [0.7597756724361215], [0.7586926973547102], [0.7572416669625239], [0.7554845541077508], [0.7534966665991355], [0.7513635995454861], [0.749177732438677], [0.7470343764476247], [0.7450276934695892], [0.7432465330798745], [0.7417703638857861], [0.740665504542316], [0.7399818763410575], [0.739750493784137]], "body_angle": [[0.08229218706574132], [0.08225813836601022], [0.0821573293317468], [0.08199373523241445], [0.0817738607470024], [0.08150655528063766], [0.08120274763755259], [0.0808750944135761], [0.08053753742038981], [0.08020476935547723], [0.07989161460717413], [0.07961234352453375], [0.07937995242549409], [0.07920545545854017], [0.07909724463992046], [0.07906057742192264]]}, "decel_1": {"tag": "unknowns", "throttle": [[0.18416414215316979], [0.18194659049825804], [0.17544414888421062], [0.16507455154102665], [0.15144485432309265], [0.13527278158538975], [0.11734270398698458], [0.098499085680809], [0.07964972570674966], [0.06173992835646369], [0.04567277381153904], [0.03218560830572352], [0.02173294605369245], [0.01444487105068051], [0.010204429167694672], [0.008820471983611836]], "body_angle": [[0.07932139900920136], [0.07947301193192072], [0.07992228420242005], [0.08065212732089722], [0.08163288622142936], [0.08282102830538571], [0.08415827332869472], [0.08557221916109184], [0.08697976655760882], [0.08829450422096964], [0.08943825895703351], [0.09035493327331798], [0.09102191659775155], [0.09145246016933774], [0.09168420242122217], [0.09175600681527087]]}, "descent_1": {"tag": "unknowns", "throttle": [[0.48969521457932574], [0.4849634812883409], [0.47143078772006314], [0.4509064352548447], [0.42588576834992986], [0.3989868301644726], [0.3724751699672783], [0.3479934955488381], [0.3265101972090258], [0.3084253828853995], [0.29374803725905696], [0.2822732167934141], [0.27372007886534644], [0.2678206066647177], [0.2643666763069929], [0.2632297487346587]], "body_angle": [[0.06818115015838928], [0.06743502805901914], [0.06525766398586418], [0.061822590831166035], [0.05738988580800904], [0.05227011753832375], [0.04678647987102715], [0.041242566244411076], [0.035900475062893025], [0.03097048656008228], [0.026610662136316136], [0.022933096904955107], [0.02001326274477507], [0.01789953316734264], [0.016621067961202482], [0.016193306687963108]]}, "decel_2": {"tag": "unknowns", "throttle": [[0.22195127714083943], [0.2215030110557951], [0.22019903467098462], [0.2181649389079964], [0.21561845478971065], [0.2128767015984257], [0.21035299943355887], [0.20853018280956254], [0.2078954751149221], [0.2088333110784565], [0.21175756262739065], [0.22439707183523647], [0.23172527529984224], [0.21020664706380765], [0.20137090698346366], [0.20423650144115602]], "body_angle": [[0.043247912248524645], [0.04321432011777163], [0.04309945256141317], [0.042860140043646716], [0.04242036263223235], [0.041665851118499755], [0.04043605750311862], [0.03851411693031794], [0.03561020414644806], [0.03132234412589482], [0.02463601981777654], [0.02629321657270513], [0.023887723851488595], [0.024899908263602156], [0.025557510094229064], [0.026013676936464933]]}, "descent_2": {"tag": "unknowns", "throttle": [[0.18501709505386954], [0.17724569657837758], [0.15896848137982864], [0.12744081511446914], [0.11225138711268129], [0.09939656447604743], [0.07668624077823998], [0.06125774140905614], [0.04460349337628383], [0.03179197213675855], [0.019855392330297678], [0.011654757852580477], [0.005316657493673044], [0.0021735668544324584], [0.00019721855050890586], [0.0001898715466497701]], "body_angle": [[-0.0105471272350644], [-0.009438675508901782], [-0.006671448442189489], [-0.003327040594459595], [-0.00018915950719891508], [0.0027815644120487326], [0.005244410610641666], [0.007347872670213799], [0.009328896343664447], [0.011441452670045113], [0.013895808428179175], [0.01677805790435229], [0.019957153402146207], [0.023010893859253662], [0.02528267685868014], [0.02612978759627071]]}, "descent_3": {"tag": "unknowns", "throttle": [[0.12379287253003327], [0.12297981445890013], [0.12061780942620816], [0.11692436710041669], [0.11221948678809238], [0.10687463647122641], [0.1012615222603984], [0.0957113460909283], [0.09049020253855483], [0.08579092270780125], [0.08173790216042262], [0.07839988702784983], [0.07580594297052203], [0.07396105294087305], [0.0728592040725007], [0.07249295936744443]], "body_angle": [[0.06555122964142175], [0.06522129079339306], [0.0642531590211855], [0.06270938472342028], [0.060686384292986985], [0.05830432381504563], [0.05569572661711682], [0.05299461575084245], [0.05032757080076168], [0.047807441057845734], [0.04552982293909769], [0.04357192610276087], [0.041993179144988374], [0.04083684682011367], [0.04013199046118447], [0.03989523806922124]]}}, "conditions": {"climb_1": {"tag": "aerodynamic_conditions", "frames": {"inertial": {"position_vector": [[0.0, 0.0, -0.0], [64.189494559774, 0.0, -13.321222592672052], [253.9525893114582, 0.0, -52.70268902107051], [560.9957264300548, 0.0, -116.42324022903203], [971.899647467035, 0.0, -201.69798236364002], [1468.7058793373185, 0.0, -304.79999999999995], [2029.7016057673704, 0.0, -421.22324022903206], [2630.3686215560415, 0.0, -545.8794487920385], [3244.454895793229, 0.0, -673.3205512079614], [3845.1219115818994, 0.0, -797.976759770968], [4406.1176380119505, 0.0, -914.3999999999999], [4902.923869882232, 0.0, -1017.5020176363597], [5313.827790919209, 0.0, -1102.776759770968], [5620.870928037801, 0.0, -1166.4973109789296], [5810.634022789483, 0.0, -1205.878777407328], [5874.823517349259, 0.0, -1219.2]], "velocity_vector": [[97.91372528915443, 0.0, -20.32], [97.91372528915443, 0.0, -20.32], [97.91372528915443, 0.0, -20.32], [97.91372528915443, 0.0, -20.32], [97.91372528915443, 0.0, -20.32], [97.91372528915443, 0.0, -20.32], [97.91372528915443, 0.0, -20.32], [97.91372528915443, 0.0, -20.32], [97.91372528915443, 0.0, -20.32], [97.91372528915443, 0.0, -20.32], [97.91372528915443, 0.0, -20.32], [97.91372528915443, 0.0, -20.32], [97.91372528915443, 0.0, -20.32], [97.91372528915443, 0.0, -20.32], [97.91372528915443, 0.0, -20.32], [97.91372528915443, 0.0, -20.32]], "acceleration_vector": [[5.684341886080802e-14, 0.0, 0.0], [-2.9513233787281805e-15, 0.0, 4.019505989336865e-16], [1.2402815835069784e-15, 0.0, -1.136556146613706e-15], [2.0346119450666183e-15, 0.0, -4.487103287274199e-17], [1.7057079295373562e-16, 0.0, -2.660382565252797e-16], [2.262185152727279e-15, 0.0, -5.043581876503909e-17], [-6.180762503930823e-15, 0.0, 1.4585012694982905e-16], [-1.2603778978064024e-15, 0.0, 4.2325163399009517e-16], [2.4086291932371586e-15, 0.0, 3.957979286389075e-16], [-1.3684258893728011e-15, 0.0, -9.17686025560391e-16], [2.9062637570968413e-16, 0.0, 1.8131420544700627e-16], [-1.2110430853424535e-15, 0.0, -6.56940198762065e-16], [-5.314541541686999e-15, 0.0, 1.727633089995921e-15], [-2.4826754234446467e-15, 0.0, 2.3676727286018146e-16], [2.2810949562117093e-15, 0.0, -6.336077474458594e-16], [0.0, 0.0, 0.0]], "gravity_force_vector": [[0.0, 0.0, 1794616.95], [0.0, 0.0, 1794468.7118093262], [0.0, 0.0, 1794030.3237278357], [0.0, 0.0, 1793320.511177874], [0.0, 0.0, 1792369.6450542798], [0.0, 0.0, 1791218.514406378], [0.0, 0.0, 1789916.6663840432], [0.0, 0.0, 1788520.3687009453], [0.0, 0.0, 1787090.2630872445], [0.0, 0.0, 1785688.7913880642], [0.0, 0.0, 1784377.489717036], [0.0, 0.0, 1783214.2600741712], [0.0, 0.0, 1782250.7414377898], [0.0, 0.0, 1781529.9106622073], [0.0, 0.0, 1781084.0440853483], [0.0, 0.0, 1780933.1605492304]], "total_force_vector": [[-7.803936023265123e-05, 0.0, -7.567973807454109e-05], [-5.0647533498704433e-05, 0.0, -5.057430826127529e-05], [3.552972339093685e-05, 0.0, 3.1676143407821655e-05], [9.508617222309113e-05, 0.0, 8.906936272978783e-05], [8.148886263370514e-05, 0.0, 7.942784577608109e-05], [-8.917413651943207e-08, 0.0, 6.239628419280052e-06], [-7.015781011432409e-05, 0.0, -5.740812048316002e-05], [-6.951449904590845e-05, 0.0, -6.033224053680897e-05], [-4.1512539610266685e-06, 0.0, -8.903676643967628e-06], [4.965520929545164e-05, 0.0, 3.0701979994773865e-05], [3.333447966724634e-05, 0.0, 1.254514791071415e-05], [-3.868108615279198e-05, 0.0, -4.7194771468639374e-05], [-8.062017150223255e-05, 0.0, -7.303361780941486e-05], [-4.421232733875513e-05, 0.0, -3.1138304620981216e-05], [4.6223984099924564e-05, 0.0, 5.591963417828083e-05], [8.842034731060266e-05, 0.0, 9.41187608987093e-05]], "time": [[0.0], [0.655571977985829], [2.5936362707219724], [5.729490168751573], [9.926081809234248], [14.999999999999988], [20.729490168751564], [26.86414610197038], [33.13585389802958], [39.2705098312484], [44.999999999999964], [50.0739181907657], [54.27050983124839], [57.406363729278], [59.344428022014135], [59.999999999999964]]}, "body": {"inertial_rotations": [[0.0, 0.38995541798455496, 0.0], [0.0, 0.3901396850341115, 0.0], [0.0, 0.39068572357052206, 0.0], [0.0, 0.3915733353923556, 0.0], [0.0, 0.39276918106819264, 0.0], [0.0, 0.394227351491893, 0.0], [0.0, 0.3958903237370092, 0.0], [0.0, 0.3976904229579494, 0.0], [0.0, 0.39955189979694805, 0.0], [0.0, 0.40139368935878783, 0.0], [0.0, 0.40313284327989757, 0.0], [0.0, 0.40468852710767367, 0.0], [0.0, 0.40598636459219994, 0.0], [0.0, 0.40696280862728706, 0.0], [0.0, 0.4075691486494638, 0.0], [0.0, 0.40777474743753295, 0.0]], "transform_to_inertial": [[[0.9249260085039481, 0.0, 0.3801471804353604], [0.0, 1.0, 0.0], [-0.3801471804353604, 0.0, 0.9249260085039481]], [[0.9248559442023799, 0.0, 0.38031760736721665], [0.0, 1.0, 0.0], [-0.38031760736721665, 0.0, 0.9248559442023799]], [[0.9246481382663672, 0.0, 0.3808225576309012], [0.0, 1.0, 0.0], [-0.3808225576309012, 0.0, 0.9246481382663672]], [[0.9243097514623904, 0.0, 0.3816431361252738], [0.0, 1.0, 0.0], [-0.3816431361252738, 0.0, 0.9243097514623904]], [[0.9238527043740581, 0.0, 0.38274819479749245], [0.0, 1.0, 0.0], [-0.38274819479749245, 0.0, 0.9238527043740581]], [[0.9232936102986553, 0.0, 0.38409492209826834], [0.0, 1.0, 0.0], [-0.38409492209826834, 0.0, 0.9232936102986553]], [[0.9226535947249352, 0.0, 0.38562980193594326], [0.0, 1.0, 0.0], [-0.38562980193594326, 0.0, 0.9226535947249352]], [[0.9219579283305851, 0.0, 0.3872900442670529], [0.0, 1.0, 0.0], [-0.3872900442670529, 0.0, 0.9219579283305851]], [[0.9212353999636428, 0.0, 0.3890055756076346], [0.0, 1.0, 0.0], [-0.3890055756076346, 0.0, 0.9212353999636428]], [[0.9205173714582993, 0.0, 0.39070163660202845], [0.0, 1.0, 0.0], [-0.39070163660202845, 0.0, 0.9205173714582993]], [[0.9198364893935455, 0.0, 0.39230196632206404], [0.0, 1.0, 0.0], [-0.39230196632206404, 0.0, 0.9198364893935455]], [[0.919225078743188, 0.0, 0.3937324657804837], [0.0, 1.0, 0.0], [-0.3937324657804837, 0.0, 0.919225078743188]], [[0.9187133039706343, 0.0, 0.3949251386115612], [0.0, 1.0, 0.0], [-0.3949251386115612, 0.0, 0.9187133039706343]], [[0.918327243765681, 0.0, 0.395822022325347], [0.0, 1.0, 0.0], [-0.395822022325347, 0.0, 0.918327243765681]], [[0.918087072235908, 0.0, 0.39637876809094924], [0.0, 1.0, 0.0], [-0.39637876809094924, 0.0, 0.918087072235908]], [[0.9180055578379807, 0.0, 0.39656751730137707], [0.0, 1.0, 0.0], [-0.39656751730137707, 0.0, 0.9180055578379807]]], "thrust_force_vector": [[618502.5450531188, 0.0, 0.0], [618679.9235393512, 0.0, 0.0], [619205.8704935602, 0.0, 0.0], [620061.8305336164, 0.0, 0.0], [621216.9525555435, 0.0, 0.0], [622628.3362293105, 0.0, 0.0], [624241.6210186136, 0.0, 0.0], [625992.1044262574, 0.0, 0.0], [627806.5548835343, 0.0, 0.0], [629605.8201280644, 0.0, 0.0], [631308.2299102492, 0.0, 0.0], [632833.6660529901, 0.0, 0.0], [634108.0442671346, 0.0, 0.0], [635067.8448292915, 0.0, 0.0], [635664.2661562914, 0.0, 0.0], [635866.5721322447, 0.0, 0.0]]}, "wind": {"body_rotations": [[0.0, 0.18533041566707847, 0.0], [0.0, 0.18551468271663496, 0.0], [0.0, 0.18606072125304562, 0.0], [0.0, 0.18694833307487915, 0.0], [0.0, 0.18814417875071618, 0.0], [0.0, 0.1896023491744165, 0.0], [0.0, 0.19126532141953276, 0.0], [0.0, 0.19306542064047288, 0.0], [0.0, 0.1949268974794715, 0.0], [0.0, 0.19676868704131137, 0.0], [0.0, 0.1985078409624211, 0.0], [0.0, 0.2000635247901972, 0.0], [0.0, 0.20136136227472343, 0.0], [0.0, 0.2023378063098106, 0.0], [0.0, 0.20294414633198735, 0.0], [0.0, 0.20314974512005643, 0.0]], "velocity_vector": [[0.0, 0.0, 0.0], [0.0, 0.0, 0.0], [0.0, 0.0, 0.0], [0.0, 0.0, 0.0], [0.0, 0.0, 0.0], [0.0, 0.0, 0.0], [0.0, 0.0, 0.0], [0.0, 0.0, 0.0], [0.0, 0.0, 0.0], [0.0, 0.0, 0.0], [0.0, 0.0, 0.0], [0.0, 0.0, 0.0], [0.0, 0.0, 0.0], [0.0, 0.0, 0.0], [0.0, 0.0, 0.0], [0.0, 0.0, 0.0]], "lift_force_vector": [[0.0, 0.0, -1643204.0418457135], [0.0, 0.0, -1642914.16237046], [0.0, 0.0, -1642055.6162469916], [0.0, 0.0, -1640661.4392167607], [0.0, 0.0, -1638785.865399748], [0.0, 0.0, -1636503.0183718575], [0.0, 0.0, -1633904.9474917245], [0.0, 0.0, -1631098.9054126777], [0.0, 0.0, -1628203.7748752914], [0.0, 0.0, -1625345.6001066028], [0.0, 0.0, -1622652.2638599644], [0.0, 0.0, -1620247.472004671], [0.0, 0.0, -1618244.347988461], [0.0, 0.0, -1616739.0739213848], [0.0, 0.0, -1615805.1101951106], [0.0, 0.0, -1615488.5511942657]], "drag_force_vector": [[-243244.7834224996, 0.0, 0.0], [-243428.228674917, 0.0, 0.0], [-243971.77555353168, 0.0, 0.0], [-244855.14285142385, 0.0, 0.0], [-246044.84507078302, 0.0, 0.0], [-247494.77193589642, 0.0, 0.0], [-249147.1850643654, 0.0, 0.0], [-250934.26433547138, 0.0, 0.0], [-252780.30726182266, 0.0, 0.0], [-254604.6204162033, 0.0, 0.0], [-256325.05058411614, 0.0, 0.0], [-257861.999929645, 0.0, 0.0], [-259142.6730451313, 0.0, 0.0], [-260105.23347730425, 0.0, 0.0], [-260702.51729133306, 0.0, 0.0], [-260904.96793505948, 0.0, 0.0]], "transform_to_inertial": [[[0.9791372528915443, 0.0, 0.20320000000000002], [0.0, 1.0, 0.0], [-0.20320000000000002, 0.0, 0.9791372528915443]], [[0.9791372528915444, 0.0, 0.2032], [0.0, 1.0, 0.0], [-0.2032, 0.0, 0.9791372528915444]], [[0.9791372528915442, 0.0, 0.20319999999999994], [0.0, 1.0, 0.0], [-0.20319999999999994, 0.0, 0.9791372528915442]], [[0.9791372528915443, 0.0, 0.2032], [0.0, 1.0, 0.0], [-0.2032, 0.0, 0.9791372528915443]], [[0.9791372528915443, 0.0, 0.20320000000000002], [0.0, 1.0, 0.0], [-0.20320000000000002, 0.0, 0.9791372528915443]], [[0.9791372528915443, 0.0, 0.2032], [0.0, 1.0, 0.0], [-0.2032, 0.0, 0.9791372528915443]], [[0.9791372528915443, 0.0, 0.20319999999999994], [0.0, 1.0, 0.0], [-0.20319999999999994, 0.0, 0.9791372528915443]], [[0.9791372528915444, 0.0, 0.20320000000000002], [0.0, 1.0, 0.0], [-0.20320000000000002, 0.0, 0.9791372528915444]], [[0.9791372528915442, 0.0, 0.20320000000000002], [0.0, 1.0, 0.0], [-0.20320000000000002, 0.0, 0.9791372528915442]], [[0.9791372528915443, 0.0, 0.20319999999999996], [0.0, 1.0, 0.0], [-0.20319999999999996, 0.0, 0.9791372528915443]], [[0.9791372528915443, 0.0, 0.20320000000000002], [0.0, 1.0, 0.0], [-0.20320000000000002, 0.0, 0.9791372528915443]], [[0.9791372528915443, 0.0, 0.2032], [0.0, 1.0, 0.0], [-0.2032, 0.0, 0.9791372528915443]], [[0.9791372528915443, 0.0, 0.20320000000000002], [0.0, 1.0, 0.0], [-0.20320000000000002, 0.0, 0.9791372528915443]], [[0.9791372528915443, 0.0, 0.20319999999999996], [0.0, 1.0, 0.0], [-0.20319999999999996, 0.0, 0.9791372528915443]], [[0.9791372528915443, 0.0, 0.20319999999999994], [0.0, 1.0, 0.0], [-0.20319999999999994, 0.0, 0.9791372528915443]], [[0.9791372528915444, 0.0, 0.20320000000000005], [0.0, 1.0, 0.0], [-0.20320000000000005, 0.0, 0.9791372528915444]]]}, "planet": {"start_time": null, "latitude": [[0.0], [0.000577269389795532], [0.0022838410581959025], [0.005045109679203302], [0.00874036516367215], [0.013208073353908239], [0.01825294167982063], [0.023654459963775736], [0.029176542134641492], [0.03457784670787322], [0.03962232456486398], [0.04408953304360347], [0.0477842659786579], [0.05054507956587414], [0.05225134239558352], [0.05282850254280409]], "longitude": [[0.0], [0.0], [0.0], [0.0], [0.0], [0.0], [0.0], [0.0], [0.0], [0.0], [0.0], [0.0], [0.0], [0.0], [0.0], [0.0]]}}, "weights": {"total_mass": [[183000.0], [182984.88391135875], [182940.18076793154], [182867.8000313944], [182770.83867113438], [182653.45601264224], [182520.70445912145], [182378.3217205616], [182232.49153250546], [182089.58119113705], [181955.86563373182], [181837.24922110725], [181738.9976636048], [181665.4933807373], [181620.0276430125], [181604.6418042074]], "weight_breakdown": {}, "vehicle_mass_rate": [[23.055845516990445], [23.059881691688517], [23.071879116899712], [23.09149822332151], [23.118154293784983], [23.15099638683389], [23.18889064107664], [23.23041784225505], [23.273894296329733], [23.317422287904495], [23.358972092688294], [23.396492317794475], [23.428040150974343], [23.451918841929334], [23.466807240241117], [23.471865997043967]]}, "energies": {"total_energy": [[0.0], [0.0], [0.0], [0.0], [0.0], [0.0], [0.0], [0.0], [0.0], [0.0], [0.0], [0.0], [0.0], [0.0], [0.0], [0.0]], "total_efficiency": [[0.0], [0.0], [0.0], [0.0], [0.0], [0.0], [0.0], [0.0], [0.0], [0.0], [0.0], [0.0], [0.0], [0.0], [0.0], [0.0]], "gravity_energy": [[0.0], [0.0], [0.0], [0.0], [0.0], [0.0], [0.0], [0.0], [0.0], [0.0], [0.0], [0.0], [0.0], [0.0], [0.0], [0.0]], "propulsion_power": [[0.0], [0.0], [0.0], [0.0], [0.0], [0.0], [0.0], [0.0], [0.0], [0.0], [0.0], [0.0], [0.0], [0.0], [0.0], [0.0]]}, "freestream": {"velocity": [[100.0], [100.0], [100.0], [100.0], [100.0], [100.0], [100.0], [100.0], [100.0], [100.0], [100.0], [100.0], [100.0], [100.0], [100.0], [100.0]], "mach_number": [[0.29386354971619677], [0.2939077120001378], [0.29403838419409667], [0.29425018246778306], [0.29453433463976597], [0.2948789824175409], [0.29526960490110626], [0.29568956040731903], [0.29612073863048666], [0.2965443078910559], [0.29694153325285727], [0.2972946316302055], [0.2975876211121058], [0.29780711529322856], [0.2979430110428472], [0.29798902104818675]], "pressure": [[101325.0], [101165.07283462111], [100693.47971700387], [99934.20971830012], [98925.39157060065], [97716.73727174143], [96366.36948036612], [94937.35495723058], [93494.25946673968], [92099.98924318216], [90813.1043113747], [89685.69716539643], [88761.8435685271], [88076.5638539889], [87655.19098764342], [87513.02811558972]], "temperature": [[288.15], [288.0634122341953], [287.8074353551533], [287.39326276707834], [286.83900461912907], [286.1688947796062], [285.41222994814433], [284.60208757476494], [283.77387890847854], [282.96380064029273], [282.20725293484793], [281.53729299001355], [280.98319158727105], [280.5691554922507], [280.31327125322184], [280.2267162560886]], "density": [[1.2250000002007604], [1.2234341475571402], [1.2188140164984442], [1.2113668919933467], [1.2014554492152056], [1.1895552872849393], [1.1762266610423338], [1.1620829964148092], [1.1477587960631956], [1.133879228808676], [1.1210331380962857], [1.1097505225965891], [1.1004848622057892], [1.0936000928311707], [1.0893616467867993], [1.0879308050435257]], "speed_of_sound": [[340.29399051558636], [340.2428582750258], [340.09165257141854], [339.8468580761163], [339.51899062058857], [339.12216862713746], [338.67353205384177], [338.19252821184404], [337.70008970828854], [337.2177355592267], [336.766631816527], [336.3666523396445], [336.0354830160374], [335.78781320096203], [335.63465593632935], [335.58283338173504]], "dynamic_viscosity": [[1.789380278077583e-05], [1.788962452270111e-05], [1.7877268929005636e-05], [1.7857266292190283e-05], [1.7830476489809398e-05], [1.7798053846240012e-05], [1.7761399510080425e-05], [1.7722102950871072e-05], [1.7681874663842536e-05], [1.764247264429514e-05], [1.7605625621181876e-05], [1.757295637959055e-05], [1.7545908706107278e-05], [1.752568151373694e-05], [1.751317350927713e-05], [1.750894134013417e-05]], "altitude": [[0.0], [13.321222592672052], [52.70268902107051], [116.42324022903203], [201.69798236364002], [304.79999999999995], [421.22324022903206], [545.8794487920385], [673.3205512079614], [797.976759770968], [914.3999999999999], [1017.5020176363597], [1102.776759770968], [1166.4973109789296], [1205.878777407328], [1219.2]], "gravity": [[9.80665], [9.80665], [9.80665], [9.80665], [9.80665], [9.80665], [9.80665], [9.80665], [9.80665], [9.80665], [9.80665], [9.80665], [9.80665], [9.80665], [9.80665], [9.80665]], "reynolds_number": [[6845945.577967566], [6838791.647106169], [6817674.563931487], [6783607.704406174], [6738212.80043677], [6683625.623125322], [6622376.01476601], [6557252.260842389], [6491160.116694156], [6426985.897440666], [6367471.183458177], [6315104.29221498], [6272031.164864883], [6239986.113943629], [6220241.2727181595], [6213572.733548201]], "dynamic_pressure": [[6125.000001003802], [6117.170737785701], [6094.070082492221], [6056.834459966733], [6007.277246076028], [5947.776436424697], [5881.133305211669], [5810.414982074046], [5738.793980315978], [5669.39614404338], [5605.165690481428], [5548.752612982946], [5502.424311028946], [5468.0004641558535], [5446.808233933996], [5439.654025217628]], "stagnation_temperature": [[293.13869979529676], [293.0521382947055], [292.79623882485294], [292.3821907320314], [291.82809772900697], [291.1581853213256], [290.40174048195956], [289.59183018490927], [288.76385506098546], [287.9540015881177], [287.19766057170204], [286.52788103381164], [285.97392697302683], [285.55999987051734], [285.3041825187219], [285.2176500649711]], "stagnation_pressure": [[107587.69205571394], [107419.80945457405], [106924.743001869], [106127.63539872789], [105068.45642200235], [103799.33276192074], [102381.23220635873], [100880.33748071364], [99364.4383305438], [97899.61855970348], [96547.4321182858], [95362.66711447269], [94391.70645453315], [93671.42255097434], [93228.49946027016], [93079.06140126626]], "isentropic_expansion_factor": [[1.4009657721330457], [1.400967883194452], [1.4009741049429385], [1.400984111224632], [1.4009973847157258], [1.401013253261443], [1.4010309350831929], [1.4010495881728386], [1.4010683590946404], [1.4010864269744425], [1.4011030395648112], [1.4011175397377071], [1.401129382318796], [1.4011381425705822], [1.4011435186189074], [1.401145330538874]], "specific_heat_at_constant_pressure": [[1004.7652106172491], [1004.7639889031408], [1004.7604360543339], [1004.7548740072014], [1004.7477918404803], [1004.7397823440097], [1004.7314675182282], [1004.7234245149828], [1004.7161233052592], [1004.7098852709787], [1004.7048682866472], [1004.7010792760958], [1004.6984104786558], [1004.6966915727884], [1004.6957471242977], [1004.6954480546585]], "gas_specific_constant": 287.0528742}, "aerodynamics": {"angle_of_attack": [[0.18533041566707847], [0.18551468271663496], [0.18606072125304562], [0.18694833307487915], [0.18814417875071618], [0.1896023491744165], [0.19126532141953276], [0.19306542064047288], [0.1949268974794715], [0.19676868704131137], [0.1985078409624211], [0.2000635247901972], [0.20136136227472343], [0.2023378063098106], [0.20294414633198735], [0.20314974512005643]], "side_slip_angle": [[0.0], [0.0], [0.0], [0.0], [0.0], [0.0], [0.0], [0.0], [0.0], [0.0], [0.0], [0.0], [0.0], [0.0], [0.0], [0.0]], "roll_angle": [[0.0], [0.0], [0.0], [0.0], [0.0], [0.0], [0.0], [0.0], [0.0], [0.0], [0.0], [0.0], [0.0], [0.0], [0.0], [0.0]], "lift_coefficient": [[0.7488575320854678], [0.7496837062753594], [0.7521322644113987], [0.7561136315132481], [0.761479707794272], [0.7680260939538902], [0.7754960057162186], [0.7835865019409258], [0.7919575877413303], [0.8002445348428927], [0.8080733906299149], [0.8150791631722752], [0.8209256442698821], [0.825325365309153], [0.8280578772369627], [0.8289844936904603]], "drag_coefficient": [[0.11085396795995736], [0.11107955659822655], [0.11174959129517456], [0.1128437024426373], [0.1143274180504874], [0.1161515993737957], [0.11825207283291704], [0.12054983407520797], [0.12295222837382168], [0.1253554665668967], [0.12764870042837875], [0.1297196550206859], [0.1314615225394322], [0.1327805149892216], [0.13360322460703591], [0.13388282608693167]], "lift_breakdown": {"inviscid_wings_lift": {"total": [[0.47117710882552355], [0.47164558247216876], [0.4730338103999336], [0.47529044145784993], [0.47833071472392064], [0.48203791260582807], [0.48626579096940176], [0.49084229582139144], [0.495574844831159], [0.5002573416446968], [0.504678901448583], [0.5086340137574816], [0.5119335871787324], [0.5144160619291737], [0.5159575980962734], [0.5164803047561152]], "main_wing": [[0.6278890439937274], [0.628572830860326], [0.6305993102249988], [0.6338941168760195], [0.6383343435796996], [0.6437504491881744], [0.6499295790506434], [0.6566208025069735], [0.6635427180311309], [0.6703936948531876], [0.6768647153609122], [0.6826543873109536], [0.6874852682872191], [0.6911202675525288], [0.6933776476997737], [0.6941431101833533]], "vertical_stabilizer": [[0.0], [0.0], [0.0], [0.0], [0.0], [0.0], [0.0], [0.0], [0.0], [0.0], [0.0], [0.0], [0.0], [0.0], [0.0], [0.0]]}, "vortex_lift": [[0.6278890439937274], [0.628572830860326], [0.6305993102249988], [0.6338941168760195], [0.6383343435796996], [0.6437504491881744], [0.6499295790506434], [0.6566208025069735], [0.6635427180311309], [0.6703936948531876], [0.6768647153609122], [0.6826543873109536], [0.6874852682872191], [0.6911202675525288], [0.6933776476997737], [0.6941431101833533]], "compressible_wings": [[0.6568925720047963], [0.6576172862064557], [0.6597651442205252], [0.6632575715028493], [0.6679646559598877], [0.6737070999595529], [0.6802596541370339], [0.687356580649935], [0.694699638369588], [0.7019688902130639], [0.7088363075701009], [0.7149817220809432], [0.7201102142718265], [0.7239696186922395], [0.7263665589797919], [0.7271793804302285]]}, "drag_breakdown": {"parasite": {"main_wing": {"wetted_area": 595.4, "reference_area": 358.25, "parasite_drag_coefficient": [[0.0034369689044293755], [0.003437452345889796], [0.003438882868105842], [0.003441201710132015], [0.003444313095204668], [0.0034480874850638054], [0.0034523661528569677], [0.0034569670532334476], [0.00346169191337451], [0.0034663343877140034], [0.003470689017617281], [0.0034745606268083286], [0.0034777736804652323], [0.0034801810601511364], [0.0034816716769896826], [0.0034821763756726844]], "skin_friction_coefficient": [[0.002032400281736618], [0.0020326860357027963], [0.002033531592580927], [0.0020349022189441], [0.0020367413015832175], [0.0020389722713385757], [0.002041501306366264], [0.0020442208021441855], [0.0020470135630919154], [0.0020497576228121887], [0.0020523315399898438], [0.0020546199517047824], [0.0020565191051376643], [0.002057942043897062], [0.0020588231076273497], [0.0020591214214036035]], "compressibility_factor": [[0.9901582714112169], [0.990155342250831], [0.9901466726543315], [0.9901326127927398], [0.9901137345687284], [0.9900908137109615], [0.9900648041761063], [0.9900368046269851], [0.990008017076526], [0.9899796983269388], [0.9899531055576206], [0.989929438242876], [0.9899097793878402], [0.9898950397066972], [0.9898859086796258], [0.9898828162967159]], "reynolds_factor": [[0.995908263555516], [0.9959071864241344], [0.9959039986568443], [0.9958988297968633], [0.9958918912616779], [0.9958834695190905], [0.9958739163950199], [0.9958636364755481], [0.9958530716854763], [0.9958426833178452], [0.9958329320408347], [0.9958242566918708], [0.9958170529411563], [0.9958116531169874], [0.9958083085823233], [0.9958071759975022]], "form_factor": [[1.0175218062339948], [1.017521867268928], [1.0175220479231941], [1.0175223409166025], [1.0175227343559081], [1.0175232121029343], [1.0175237543021072], [1.0175243380732006], [1.017524938368451], [1.0175255289818657], [1.0175260836831752], [1.0175265774312139], [1.017526987604157], [1.0175272951702645], [1.017527485715848], [1.0175275502496577]]}, "vertical_stabilizer": {"wetted_area": 76.0, "reference_area": 33.91, "parasite_drag_coefficient": [[0.0004905020529482279], [0.0004905740419843447], [0.0004907870640929289], [0.0004911323796415987], [0.0004915957415257802], [0.0004921578765447681], [0.0004927951625970283], [0.0004934804991509352], [0.0004941843602986279], [0.0004948760075543042], [0.0004955248242527427], [0.000496101716671378], [0.000496580511352762], [0.0004969392665078183], [0.0004971614107120358], [0.0004972366265017454]], "skin_friction_coefficient": [[0.0022605993836765236], [0.002260930991654756], [0.002261912249413394], [0.002263502897805096], [0.0022656373077218684], [0.0022682266978546143], [0.002271162254529814], [0.00227431914183371], [0.0022775613526960768], [0.0022807472956636395], [0.0022837359416113725], [0.002286393277595673], [0.0022885987430177547], [0.002290251269885487], [0.002291274527486688], [0.0022916209920445085]], "compressibility_factor": [[0.9901582714112169], [0.990155342250831], [0.9901466726543315], [0.9901326127927398], [0.9901137345687284], [0.9900908137109615], [0.9900648041761063], [0.9900368046269851], [0.990008017076526], [0.9899796983269388], [0.9899531055576206], [0.989929438242876], [0.9899097793878402], [0.9898950397066972], [0.9898859086796258], [0.9898828162967159]], "reynolds_factor": [[0.995908263555516], [0.9959071864241344], [0.9959039986568443], [0.9958988297968633], [0.9958918912616779], [0.9958834695190905], [0.9958739163950199], [0.9958636364755481], [0.9958530716854763], [0.9958426833178452], [0.9958329320408347], [0.9958242566918708], [0.9958170529411563], [0.9958116531169873], [0.9958083085823234], [0.9958071759975022]], "form_factor": [[1.022797908666273], [1.0227979861159975], [1.0227982153554636], [1.0227985871461867], [1.0227990863958352], [1.0227996926254628], [1.0228003806390442], [1.022801121402651], [1.0228018831321808], [1.0228026325741648], [1.0228033364446825], [1.022803962969003], [1.0228044834425596], [1.0228048737163888], [1.022805115501386], [1.0228051973888674]]}, "fuselage": {"wetted_area": 447.0, "reference_area": 11.9, "parasite_drag_coefficient": [[0.00222301811848796], [0.0022233104730416298], [0.0022241755378476294], [0.0022255777115828194], [0.0022274589792338935], [0.002229740900643654], [0.002232327399824744], [0.002235108338014094], [0.002237963820132603], [0.002240769135887321], [0.002243400176614674], [0.002245739103945328], [0.002247679986251393], [0.002249134075035734], [0.0022500343769320426], [0.002250339195860764]], "skin_friction_coefficient": [[0.0017283038603779612], [0.0017285316363770016], [0.0017292056171672866], [0.0017302980688204991], [0.0017317637961791206], [0.001733541691112949], [0.0017355569044854619], [0.0017377236287691436], [0.0017399484523070022], [0.0017421342084624684], [0.0017441841959852144], [0.0017460065961741812], [0.0017475188654715963], [0.0017486518478903935], [0.0017493533387482282], [0.0017495908458525077]], "compressibility_factor": [[0.9901582714112169], [0.990155342250831], [0.9901466726543315], [0.9901326127927398], [0.9901137345687284], [0.9900908137109615], [0.9900648041761063], [0.9900368046269851], [0.990008017076526], [0.9899796983269388], [0.9899531055576206], [0.989929438242876], [0.9899097793878402], [0.9898950397066972], [0.9898859086796258], [0.9898828162967159]], "reynolds_factor": [[0.995908263555516], [0.9959071864241344], [0.9959039986568443], [0.9958988297968632], [0.9958918912616779], [0.9958834695190905], [0.9958739163950199], [0.995863636475548], [0.9958530716854763], [0.9958426833178452], [0.9958329320408347], [0.9958242566918707], [0.9958170529411563], [0.9958116531169873], [0.9958083085823233], [0.9958071759975022]], "form_factor": [[1.0308644864584786], [1.030864198687482], [1.0308633469100654], [1.0308619653999296], [1.0308601101580683], [1.0308578571927605], [1.0308553000507112], [1.0308525465689882], [1.0308497148484321], [1.0308469285030513], [1.030844311313152], [1.0308419814946597], [1.0308400458805511], [1.0308385943770249], [1.0308376950910167], [1.0308373905146835]]}, "turbojet": {"wetted_area": 117.5, "reference_area": 1.3273228961416876, "parasite_drag_coefficient": [[0.0029380600851003774], [0.002938483142543395], [0.0029397349978120837], [0.0029417642622484755], [0.002944487169066983], [0.0029477904110636554], [0.002951535130547171], [0.0029555620447898638], [0.0029596976423516305], [0.002963761314482148], [0.0029675731963876083], [0.002970962395585061], [0.0029737751935162357], [0.00297588273931072], [0.0029771877278053933], [0.0029776295800279504]], "skin_friction_coefficient": [[0.002157677478214598], [0.0021579881667268645], [0.0021589075148140367], [0.0021603977832377317], [0.00216239745463566], [0.0021648233175026103], [0.0021675733963498023], [0.0021705307157770743], [0.0021735678509817746], [0.002176552164978391], [0.002179351567134506], [0.0021818405559794287], [0.0021839062423748986], [0.0021854539997261265], [0.0021864123682423338], [0.002186736859424167]], "compressibility_factor": [[0.9901582714112169], [0.990155342250831], [0.9901466726543315], [0.9901326127927398], [0.9901137345687284], [0.9900908137109615], [0.9900648041761063], [0.9900368046269851], [0.990008017076526], [0.9899796983269388], [0.9899531055576206], [0.989929438242876], [0.9899097793878402], [0.9898950397066972], [0.9898859086796258], [0.9898828162967159]], "reynolds_factor": [[0.995908263555516], [0.9959071864241344], [0.9959039986568443], [0.9958988297968633], [0.9958918912616779], [0.9958834695190905], [0.9958739163950199], [0.9958636364755481], [0.9958530716854763], [0.9958426833178451], [0.9958329320408347], [0.9958242566918707], [0.9958170529411563], [0.9958116531169873], [0.9958083085823233], [0.9958071759975022]], "form_factor": [[1.0379166666666666], [1.0379166666666666], [1.0379166666666666], [1.0379166666666666], [1.0379166666666666], [1.0379166666666666], [1.0379166666666666], [1.0379166666666666], [1.0379166666666666], [1.0379166666666666], [1.0379166666666666], [1.0379166666666666], [1.0379166666666666], [1.0379166666666666], [1.0379166666666666], [1.0379166666666666]]}, "total": [[0.00908854916096594], [0.009089820003459165], [0.009093580467858483], [0.009099676063604909], [0.009107854985031324], [0.009117776673315883], [0.009129023845825913], [0.00914111793518834], [0.009153537736157371], [0.009165740845637775], [0.009177187214872306], [0.009187363843010096], [0.009195809371585623], [0.009202137141005408], [0.009206055192439154], [0.009207381778063144]]}, "compressible": {"main_wing": {"compressibility_drag": [[8.980825182891362e-11], [9.000605716009002e-11], [9.059372525009313e-11], [9.155383771960532e-11], [9.285683708073534e-11], [9.446042777243225e-11], [9.630910929155274e-11], [9.83341809126376e-11], [1.0045459413139504e-10], [1.0257900244709438e-10], [1.0460924831414007e-10], [1.0644532682997216e-10], [1.0799159146366635e-10], [1.0916366513425197e-10], [1.0989526197308499e-10], [1.1014399088608161e-10]], "volume_wave_drag": [[0.0], [0.0], [0.0], [0.0], [0.0], [0.0], [0.0], [0.0], [0.0], [0.0], [0.0], [0.0], [0.0], [0.0], [0.0], [0.0]], "lift_wave_drag": [[0.0], [0.0], [0.0], [0.0], [0.0], [0.0], [0.0], [0.0], [0.0], [0.0], [0.0], [0.0], [0.0], [0.0], [0.0], [0.0]], "crest_critical": [[0.93], [0.93], [0.93], [0.93], [0.93], [0.93], [0.93], [0.93], [0.93], [0.93], [0.93], [0.93], [0.93], [0.93], [0.93], [0.93]], "divergence_mach": [[0.95], [0.95], [0.95], [0.95], [0.95], [0.95], [0.95], [0.95], [0.95], [0.95], [0.95], [0.95], [0.95], [0.95], [0.95], [0.95]]}, "vertical_stabilizer": {"compressibility_drag": [[8.500761533896611e-12], [8.519484712627082e-12], [8.575110183477063e-12], [8.66598921722768e-12], [8.78932406254776e-12], [8.941111251257997e-12], [9.116097407052486e-12], [9.307779692247149e-12], [9.508486495451793e-12], [9.709571452842903e-12], [9.90174350406836e-12], [1.007553672799541e-11], [1.0221897743287998e-11], [1.0332839873558922e-11], [1.0402088858359558e-11], [1.042563218687237e-11]], "volume_wave_drag": [[0.0], [0.0], [0.0], [0.0], [0.0], [0.0], [0.0], [0.0], [0.0], [0.0], [0.0], [0.0], [0.0], [0.0], [0.0], [0.0]], "lift_wave_drag": [[0.0], [0.0], [0.0], [0.0], [0.0], [0.0], [0.0], [0.0], [0.0], [0.0], [0.0], [0.0], [0.0], [0.0], [0.0], [0.0]], "crest_critical": [[0.93], [0.93], [0.93], [0.93], [0.93], [0.93], [0.93], [0.93], [0.93], [0.93], [0.93], [0.93], [0.93], [0.93], [0.93], [0.93]], "divergence_mach": [[0.95], [0.95], [0.95], [0.95], [0.95], [0.95], [0.95], [0.95], [0.95], [0.95], [0.95], [0.95], [0.95], [0.