{"unknowns": {"tag": "unknowns", "climb_250kcas": {"tag": "unknowns", "body_angle": [[0.2327771439513472], [0.23219601105943874], [0.230503412632843], [0.22784449566055934], [0.22443794256984403], [0.22054509784956028], [0.21643529008762435], [0.2123548969930489], [0.20850603041238414], [0.20503633492130408], [0.20204248787218906], [0.19957805216261923], [0.19766475981274392], [0.1963054088884537], [0.19549426955396426], [0.19522478819072706]], "wind_angle": [[0.04572744689415132], [0.046009136883721595], [0.0468419121637122], [0.04818923111110513], [0.04999120840168749], [0.05216671951072699], [0.05461687330576232], [0.057230037782655445], [0.05988775407902742], [0.06247128701529325], [0.06486783022252124], [0.06697549215949003], [0.06870745966777361], [0.06999461205967304], [0.07078698778537751], [0.07105446281237096]]}, "climb_280kcas": {"tag": "unknowns", "body_angle": [[0.12694517225462215], [0.12552951437563917], [0.1216104048797206], [0.11604250212563086], [0.10988514274264821], [0.10405543380250107], [0.09912306518486791], [0.095293829954559], [0.09251318406400055], [0.09059604968863211], [0.08932634423083383], [0.0885122991008562], [0.08800685066285135], [0.08770809436196439], [0.08755184029702794], [0.08750339039163393]], "wind_angle": [[0.01963564615308037], [0.020306727862205512], [0.022281717162801015], [0.025441675640942553], [0.02958135197916031], [0.034415977913722806], [0.03960881933901671], [0.044815678038801814], [0.04973265876528772], [0.054131345544343214], [0.05787171201901821], [0.06089323364851343], [0.06319235658390945], [0.06479629107438421], [0.06574030064714659], [0.06605161972549038]]}, "climb_final": {"tag": "unknowns", "body_angle": [[0.06607992968547682], [0.06604437627000266], [0.06594145587665157], [0.06578162899546344], [0.06558004718918843], [0.06535388124516849], [0.06511974604113878], [0.06489179325482461], [0.06468072255765335], [0.06449365079074627], [0.0643345868478715], [0.06420521040538621], [0.06410570484563204], [0.06403548808299027], [0.06399377242101945], [0.06397994313280043]], "wind_angle": [[0.043127177765376265], [0.043222922192753636], [0.04350363857182005], [0.04395050968042936], [0.04453449536948568], [0.04521940824655676], [0.04596548512505659], [0.046732896810751115], [0.047484701789865504], [0.04818891217936372], [0.04881955477400223], [0.049356814331477254], [0.049786491009510214], [0.05009906806276394], [0.05028867833933445], [0.05035220471499663]]}, "cruise": {"tag": "unknowns", "throttle": [[0.8235473946380161], [0.8222896260354985], [0.8185969840823148], [0.812702531081145], [0.8049666922799454], [0.7958408504497995], [0.7858259438881022], [0.7754324319897962], [0.7651466082850814], [0.7554061148857713], [0.746585332361713], [0.7389895857721837], [0.7328560417278845], [0.7283587544259061], [0.7256153972705004], [0.7246936051489118]], "body_angle": [[0.022916701167803644], [0.022819679879052163], [0.022533713561473136], [0.022073696523942744], [0.02146318431542958], [0.020732684194039994], [0.019917598194606805], [0.019056057873650938], [0.0181868567604796], [0.017347624961217667], [0.016573320824320805], [0.015895054053557588], [0.015339212670561582], [0.014926844688877219], [0.014673240809549758], [0.014587671091969638]]}, "descent_m0_77": {"tag": "unknowns", "throttle": [[0.07539438817007729], [0.07561017283546095], [0.0762542632178034], [0.07731542443720558], [0.07877069608056808], [0.08058082409254361], [0.0826867006154575], [0.08500829343182213], [0.08744675390055465], [0.08988950311009535], [0.0922174265922712], [0.09431301413198244], [0.0960683428816192], [0.09739208666682095], [0.09821508335595579], [0.0984942840468749]], "body_angle": [[-0.04055830485897011], [-0.040626390371695735], [-0.04082696066515383], [-0.041149252939880476], [-0.041576274644859953], [-0.04208608672336991], [-0.042653358826430815], [-0.04325101386916032], [-0.04385179345503261], [-0.044429615141459114], [-0.04496064568894758], [-0.045424068878986056], [-0.04580257210603718], [-0.04608260678384426], [-0.046254491979362086], [-0.04631243017382677]]}, "descent_290kcas": {"tag": "unknowns", "throttle": [[-0.00275957736115408], [-0.0022484997293219797], [-0.000622072592699392], [0.0023411292071032833], [0.006851257916306771], [0.012965637940306585], [0.020514480880650124], [0.029114858654895943], [0.0382472418160205], [0.04735026573390721], [0.05589821702177448], [0.0634463299777914], [0.06964647646525826], [0.07424417445486095], [0.07706817247465762], [0.07802017769923698]], "body_angle": [[-0.023068089719318202], [-0.023516427370116246], [-0.024819991736846635], [-0.02686201367247716], [-0.02947070311820919], [-0.03244633187990852], [-0.035588188854548786], [-0.038715772062041805], [-0.04168143372968396], [-0.044374586140667194], [-0.04671944035072586], [-0.048668916148893966], [-0.050197105295238284], [-0.051291986173923415], [-0.05194936597851761], [-0.05216848072825535]]}, "descent_250kcas": {"tag": "unknowns", "throttle": [[0.009526092398557675], [0.00948499527405505], [0.009391232398618613], [0.009323422021774013], [0.009383431910154222], [0.009664693245074485], [0.010225638980988931], [0.011075454486774543], [0.012173706125874975], [0.013440146492486897], [0.014770272153197378], [0.01605115258765045], [0.01717493283259431], [0.018048958761518134], [0.018602721582194198], [0.018792279850010793]], "body_angle": [[0.0008759549632074103], [0.0005258115298499303], [-0.0004991237392768113], [-0.002125791884187918], [-0.004243045995005415], [-0.006715046917741455], [-0.00939582294627082], [-0.01214242762348602], [-0.014824931554938633], [-0.01733252376110203], [-0.01957592217780383], [-0.021486894607570386], [-0.023015934113865544], [-0.024129097293716942], [-0.024804822960754806], [-0.025031310895206882]]}}, "conditions": {"climb_250kcas": {"tag": "aerodynamic_conditions", "frames": {"inertial": {"position_vector": [[0.0, 0.0, -0.0], [214.63297933385593, 0.0, -40.52589877319137], [849.353653851526, 0.0, -159.2555605690389], [1876.975734108364, 0.0, -348.00389351152285], [3253.352607995665, 0.0, -594.2509004974827], [4919.123963438687, 0.0, -882.5794158289319], [6802.139380984915, 0.0, -1196.2688990679685], [8820.495939225944, 0.0, -1518.7682195697425], [10886.07502631659, 0.0, -1834.846952809484], [12908.417657256703, 0.0, -2131.329891436744], [14798.746778738845, 0.0, -2397.4280146426436], [16473.935654323184, 0.0, -2624.7462162965476], [17860.22941219694, 0.0, -2807.07218477038], [18896.544295230186, 0.0, -2940.058498367663], [19537.19516821226, 0.0, -3020.889545251788], [19753.931619824285, 0.0, -3048.0]], "velocity_vector": [[126.36776697713645, 0.0, -23.91663376076805], [126.3883557553517, 0.0, -23.807591870939525], [126.44807573653763, 0.0, -23.488338463190924], [126.54116057027927, 0.0, -22.981570502499753], [126.65914378690681, 0.0, -22.322168272867987], [126.7922697148076, 0.0, -21.55314923165637], [126.93092840899128, 0.0, -20.720939034370517], [127.06678069384175, 0.0, -19.870861716032664], [127.19338147413664, 0.0, -19.043676389009537], [127.306326217677, 0.0, -18.273401604325713], [127.40297698524667, 0.0, -17.586908668986634], [127.48205415034238, 0.0, -17.004228028456396], [127.54319185822418, 0.0, -16.539410867705804], [127.58651675812833, 0.0, -16.201809860704056], [127.6123325640555, 0.0, -15.997202217746286], [127.6209039668678, 0.0, -15.928677657422591]], "acceleration_vector": [[0.012181283472869397, 0.0, 0.0643620147146585], [0.012064667955592356, 0.0, 0.06404818194486347], [0.011725745156154155, 0.0, 0.06312487702289328], [0.011194294701688645, 0.0, 0.061638019251239164], [0.010516596545112333, 0.0, 0.05967268262240029], [0.009748249856350033, 0.0, 0.05734670948146906], [0.008946644601006692, 0.0, 0.05480477640272712], [0.00816195037846057, 0.0, 0.05219261555783467], [0.007434183124383931, 0.0, 0.049653195658953], [0.006789776121743918, 0.0, 0.047302685338334635], [0.006241601473902403, 0.0, 0.04521539861570963], [0.0057963448895148595, 0.0, 0.043455632572762075], [0.005454511716540544, 0.0, 0.042062338263164196], [0.005213638634034012, 0.0, 0.04105649577956519], [0.005070648489045482, 0.0, 0.040449431341834895], [0.005023300610332626, 0.0, 0.04024673471789255]], "gravity_force_vector": [[0.0, 0.0, 500031.27684999997], [0.0, 0.0, 500004.4714460055], [0.0, 0.0, 499925.7560398617], [0.0, 0.0, 499800.0352891313], [0.0, 0.0, 499634.86942195916], [0.0, 0.0, 499439.69431676785], [0.0, 0.0, 499224.9621941268], [0.0, 0.0, 499001.3423117214], [0.0, 0.0, 498779.0752053552], [0.0, 0.0, 498567.5176743936], [0.0, 0.0, 498374.8686369612], [0.0, 0.0, 498208.03808814357], [0.0, 0.0, 498072.612314238], [0.0, 0.0, 497972.8726440574], [0.0, 0.0, 497911.83538109914], [0.0, 0.0, 497891.29169714893]], "total_force_vector": [[621.1113990829035, 0.0, 3281.7544978816877], [615.1323886470345, 0.0, 3265.5776915186434], [597.7578029126598, 0.0, 3217.9952567917644], [570.5218655981153, 0.0, 3141.4073779540486], [535.8057817613153, 0.0, 3040.2381863218616], [496.4655618083343, 0.0, 2920.592061433126], [455.4447130464396, 0.0, 2789.934758497402], [415.3123303366592, 0.0, 2655.7677587368526], [378.1123476502835, 0.0, 2525.426554743317], [345.1906070620753, 0.0, 2404.856096280215], [317.19886105334444, 0.0, 2297.8508764707367], [294.47211695335864, 0.0, 2207.6800560455886], [277.03068352106493, 0.0, 2136.3154695349513], [264.74390229268465, 0.0, 2084.8119781519636], [257.4514210449561, 0.0, 2053.734017121431], [255.0369095775095, 0.0, 2043.3583244510228]], "time": [[0.0], [1.698340256700368], [6.719135408042955], [14.842952613465918], [25.71474207869231], [38.85935443545785], [53.70230704892378], [69.59489166549275], [85.84252607633867], [101.73511069290767], [116.57806330637356], [129.72267566313909], [140.59446512836553], [148.7182823337885], [153.73907748513108], [155.43741774183144]]}, "body": {"inertial_rotations": [[0.0, 0.2327771439513472, 0.0], [0.0, 0.23219601105943874, 0.0], [0.0, 0.230503412632843, 0.0], [0.0, 0.22784449566055934, 0.0], [0.0, 0.22443794256984403, 0.0], [0.0, 0.22054509784956028, 0.0], [0.0, 0.21643529008762435, 0.0], [0.0, 0.2123548969930489, 0.0], [0.0, 0.20850603041238414, 0.0], [0.0, 0.20503633492130408, 0.0], [0.0, 0.20204248787218906, 0.0], [0.0, 0.19957805216261923, 0.0], [0.0, 0.19766475981274392, 0.0], [0.0, 0.1963054088884537, 0.0], [0.0, 0.19549426955396426, 0.0], [0.0, 0.19522478819072706, 0.0]], "transform_to_inertial": [[[0.9730295147061697, 0.0, 0.23068065265790252], [0.0, 1.0, 0.0], [-0.23068065265790252, 0.0, 0.9730295147061697]], [[0.9731634065098709, 0.0, 0.2301151542817287], [0.0, 1.0, 0.0], [-0.2301151542817287, 0.0, 0.9731634065098709]], [[0.973551504869521, 0.0, 0.22846765059038673], [0.0, 1.0, 0.0], [-0.22846765059038673, 0.0, 0.973551504869521]], [[0.9741555392431024, 0.0, 0.22587825340652096], [0.0, 1.0, 0.0], [-0.22587825340652096, 0.0, 0.9741555392431024]], [[0.9749193516779974, 0.0, 0.22255843664923902], [0.0, 1.0, 0.0], [-0.22255843664923902, 0.0, 0.9749193516779974]], [[0.975778347853231, 0.0, 0.21876155023408222], [0.0, 1.0, 0.0], [-0.21876155023408222, 0.0, 0.975778347853231]], [[0.9766691725492714, 0.0, 0.21474945259981804], [0.0, 1.0, 0.0], [-0.21474945259981804, 0.0, 0.9766691725492714]], [[0.9775373017330965, 0.0, 0.21076248176650658], [0.0, 1.0, 0.0], [-0.21076248176650658, 0.0, 0.9775373017330965]], [[0.9783412559034407, 0.0, 0.20699851931180163], [0.0, 1.0, 0.0], [-0.20699851931180163, 0.0, 0.9783412559034407]], [[0.9790535872764803, 0.0, 0.20360273387421718], [0.0, 1.0, 0.0], [-0.20360273387421718, 0.0, 0.9790535872764803]], [[0.9796587541257029, 0.0, 0.20067068910250835], [0.0, 1.0, 0.0], [-0.20067068910250835, 0.0, 0.9796587541257029]], [[0.9801503186877226, 0.0, 0.19825577614878162], [0.0, 1.0, 0.0], [-0.19825577614878162, 0.0, 0.9801503186877226]], [[0.9805278457045977, 0.0, 0.19638010031034328], [0.0, 1.0, 0.0], [-0.19638010031034328, 0.0, 0.9805278457045977]], [[0.980793889166589, 0.0, 0.19504703784850616], [0.0, 1.0, 0.0], [-0.19504703784850616, 0.0, 0.980793889166589]], [[0.9809517768185241, 0.0, 0.1942514132679106], [0.0, 1.0, 0.0], [-0.1942514132679106, 0.0, 0.9809517768185241]], [[0.9810040883350892, 0.0, 0.19398705799573437], [0.0, 1.0, 0.0], [-0.19398705799573437, 0.0, 0.9810040883350892]]], "thrust_force_vector": [[122822.54539740605, 0.0, 0.0], [122378.92530330166, 0.0, 0.0], [121082.56785297702, 0.0, 0.0], [119032.44614395466, 0.0, 0.0], [116379.05122912576, 0.0, 0.0], [113305.22455930826, 0.0, 0.0], [110004.51296332065, 0.0, 0.0], [106661.43032904017, 0.0, 0.0], [103437.06306571163, 0.0, 0.0], [100461.0252141844, 0.0, 0.0], [97831.13315513484, 0.0, 0.0], [95616.17005123335, 0.0, 0.0], [93860.97453342154, 0.0, 0.0], [92592.86905263166, 0.0, 0.0], [91827.12010500857, 0.0, 0.0], [91571.14434404059, 0.0, 0.0]]}, "wind": {"body_rotations": [[0.0, 0.045727446894151313, 0.0], [0.0, 0.0460091368837216, 0.0], [0.0, 0.046841912163712196, 0.0], [0.0, 0.048189231111105124, 0.0], [0.0, 0.04999120840168747, 0.0], [0.0, 0.05216671951072697, 0.0], [0.0, 0.054616873305762335, 0.0], [0.0, 0.05723003778265545, 0.0], [0.0, 0.05988775407902742, 0.0], [0.0, 0.06247128701529324, 0.0], [0.0, 0.06486783022252124, 0.0], [0.0, 0.06697549215949003, 0.0], [0.0, 0.06870745966777361, 0.0], [0.0, 0.06999461205967304, 0.0], [0.0, 0.07078698778537751, 0.0], [0.0, 0.07105446281237095, 0.0]], "velocity_vector": [[0.0, 0.0, 0.0], [0.0, 0.0, 0.0], [0.0, 0.0, 0.0], [0.0, 0.0, 0.0], [0.0, 0.0, 0.0], [0.0, 0.0, 0.0], [0.0, 0.0, 0.0], [0.0, 0.0, 0.0], [0.0, 0.0, 0.0], [0.0, 0.0, 0.0], [0.0, 0.0, 0.0], [0.0, 0.0, 0.0], [0.0, 0.0, 0.0], [0.0, 0.0, 0.0], [0.0, 0.0, 0.0], [0.0, 0.0, 0.0]], "lift_force_vector": [[0.0, 0.0, -482354.8889227883], [0.0, 0.0, -482411.44171036204], [0.0, 0.0, -482575.0881919616], [0.0, 0.0, -482829.2731648869], [0.0, 0.0, -483149.17097970523], [0.0, 0.0, -483505.9591060382], [0.0, 0.0, -483871.07856521977], [0.0, 0.0, -484220.50639071356], [0.0, 0.0, -484536.35527220846], [0.0, 0.0, -484808.100490985], [0.0, 0.0, -485032.00030917436], [0.0, 0.0, -485207.9611216576], [0.0, 0.0, -485338.7992184026], [0.0, 0.0, -485428.4522897655], [0.0, 0.0, -485480.56549877534], [0.0, 0.0, -485497.63211429556]], "drag_force_vector": [[-29707.90740531638, 0.0, 0.0], [-29692.07917593579, 0.0, 0.0], [-29647.95939468605, 0.0, 0.0], [-29584.797285768378, 0.0, 0.0], [-29515.384458100198, 0.0, 0.0], [-29453.04403290529, 0.0, 0.0], [-29408.784557171082, 0.0, 0.0], [-29389.370923599603, 0.0, 0.0], [-29396.521476921425, 0.0, 0.0], [-29427.28458440219, 0.0, 0.0], [-29475.174031913863, 0.0, 0.0], [-29531.569554258018, 0.0, 0.0], [-29587.293325759456, 0.0, 0.0], [-29633.913871290926, 0.0, 0.0], [-29664.740799005718, 0.0, 0.0], [-29675.503927624617, 0.0, 0.0]], "transform_to_inertial": [[[0.9825571514420978, 0.0, 0.185960867254352], [0.0, 1.0, 0.0], [-0.185960867254352, 0.0, 0.9825571514420978]], [[0.9827172369746568, 0.0, 0.18511302534639804], [0.0, 1.0, 0.0], [-0.18511302534639804, 0.0, 0.9827172369746568]], [[0.9831815824007246, 0.0, 0.18263070943301798], [0.0, 1.0, 0.0], [-0.18263070943301798, 0.0, 0.9831815824007246]], [[0.9839053521663184, 0.0, 0.17869039699567843], [0.0, 1.0, 0.0], [-0.17869039699567843, 0.0, 0.9839053521663184]], [[0.9848227162696858, 0.0, 0.1735632954261874], [0.0, 1.0, 0.0], [-0.1735632954261874, 0.0, 0.9848227162696858]], [[0.9858578206766898, 0.0, 0.16758388171482275], [0.0, 1.0, 0.0], [-0.16758388171482275, 0.0, 0.9858578206766898]], [[0.9869359444327616, 0.0, 0.1611131328806347], [0.0, 1.0, 0.0], [-0.1611131328806347, 0.0, 0.9869359444327616]], [[0.9879922472955297, 0.0, 0.15450346042703583], [0.0, 1.0, 0.0], [-0.15450346042703583, 0.0, 0.9879922472955297]], [[0.9889766162135895, 0.0, 0.14807178185838948], [0.0, 1.0, 0.0], [-0.14807178185838948, 0.0, 0.9889766162135895]], [[0.9898548042843135, 0.0, 0.1420826042668954], [0.0, 1.0, 0.0], [-0.1420826042668954, 0.0, 0.9898548042843135]], [[0.9906063005332353, 0.0, 0.13674486222106236], [0.0, 1.0, 0.0], [-0.13674486222106236, 0.0, 0.9906063005332353]], [[0.9912211553806319, 0.0, 0.1322143000052765], [0.0, 1.0, 0.0], [-0.1322143000052765, 0.0, 0.9912211553806319]], [[0.9916965241676177, 0.0, 0.1286001708936088], [0.0, 1.0, 0.0], [-0.1286001708936088, 0.0, 0.9916965241676177]], [[0.9920333916398747, 0.0, 0.12597519546119784], [0.0, 1.0, 0.0], [-0.12597519546119784, 0.0, 0.9920333916398747]], [[0.9922341192885527, 0.0, 0.12438429370169898], [0.0, 1.0, 0.0], [-0.12438429370169898, 0.0, 0.9922341192885527]], [[0.9923007651851492, 0.0, 0.12385148934497049], [0.0, 1.0, 0.0], [-0.12385148934497049, 0.0, 0.9923007651851492]]]}, "planet": {"start_time": null, "latitude": [[0.0], [0.0019302346126378552], [0.007638325155114855], [0.016879584141477076], [0.029256722277290863], [0.04423562585159552], [0.06116722515779175], [0.0793148716254652], [0.09788617945304595], [0.11606788132637204], [0.13306197719494312], [0.14812137559686495], [0.16058330162084544], [0.16989890323636772], [0.17565772079354322], [0.1776059506050441]], "longitude": [[0.0], [0.0], [0.0], [0.0], [0.0], [0.0], [0.0], [0.0], [0.0], [0.0], [0.0], [0.0], [0.0], [0.0], [0.0], [0.0]]}}, "weights": {"total_mass": [[50989.0], [50986.26660949514], [50978.23987190954], [50965.419923126785], [50948.57769186819], [50928.675369954864], [50906.77878726444], [50883.975905301144], [50861.31096810381], [50839.738103673895], [50820.09336898546], [50803.08138744052], [50789.27180170986], [50779.10118583384], [50772.87711717041], [50770.78224441058]], "weight_breakdown": {}, "vehicle_mass_rate": [[1.6121890062532283], [1.6067132470364558], [1.5907358370724638], [1.5655358167330788], [1.5330281109247277], [1.4954965475043112], [1.4553152107177003], [1.4147131998995603], [1.3756155178234666], [1.3395673942817388], [1.3077286352148114], [1.2809151581927556], [1.2596648891744646], [1.2443087826879748], [1.235034222262567], [1.2319335671132077]]}, "energies": {"total_energy": [[0.0], [0.0], [0.0], [0.0], [0.0], [0.0], [0.0], [0.0], [0.0], [0.0], [0.0], [0.0], [0.0], [0.0], [0.0], [0.0]], "total_efficiency": [[0.0], [0.0], [0.0], [0.0], [0.0], [0.0], [0.0], [0.0], [0.0], [0.0], [0.0], [0.0], [0.0], [0.0], [0.0], [0.0]], "gravity_energy": [[0.0], [0.0], [0.0], [0.0], [0.0], [0.0], [0.0], [0.0], [0.0], [0.0], [0.0], [0.0], [0.0], [0.0], [0.0], [0.0]], "propulsion_power": [[0.0], [0.0], [0.0], [0.0], [0.0], [0.0], [0.0], [0.0], [0.0], [0.0], [0.0], [0.0], [0.0], [0.0], [0.0], [0.0]]}, "freestream": {"velocity": [[128.61111111111111], [128.61111111111111], [128.61111111111111], [128.61111111111111], [128.61111111111111], [128.61111111111111], [128.61111111111111], [128.61111111111111], [128.61111111111111], [128.61111111111111], [128.61111111111111], [128.61111111111111], [128.61111111111111], [128.61111111111111], [128.61111111111111], [128.6111111111111]], "mach_number": [[0.3779411764405531], [0.37811404528458187], [0.3786218591685688], [0.3794333364515728], [0.38049982831148443], [0.3817599716116872], [0.38314514596220095], [0.3845849144305979], [0.38601174173226627], [0.38736451671581595], [0.38859073373895897], [0.38964743991902034], [0.3905011996966132], [0.3911274420494728], [0.3915095439362636], [0.391637948420589]], "pressure": [[101325.0], [100839.1056537607], [99426.45498964176], [97213.84274212946], [94387.499580702], [91163.37349656776], [87757.86316502468], [84365.18386296356], [81144.20408269772], [78214.40937976597], [75658.59718920989], [73529.37143882009], [71856.9782156229], [70656.749781933], [69935.22544683669], [69694.57330560466]], "temperature": [[288.15], [287.8865833335663], [287.1148647315245], [285.8880982443047], [284.2877293975564], [282.4140284055657], [280.37571191732735], [278.2803593740086], [276.22692864932753], [274.30098870075597], [272.5725797387155], [271.09617548661123], [269.9120664599481], [269.0484346592936], [268.52352409553845], [268.34747388158985]], "density": [[1.2250000002007604], [1.2202411316912756], [1.2063806917828828], [1.184595654493882], [1.156630037873728], [1.124533046264678], [1.0903947477520208], [1.0561334602231809], [1.0233627163095858], [0.9933390241934813], [0.9669727162898318], [0.94487762079525], [0.9274377090234461], [0.9148740024042576], [0.907301734844647], [0.9047728342446282]], "speed_of_sound": [[340.77798740529], [340.62218812333293], [340.1653400250671], [339.4378434680246], [338.4864430466077], [337.3691404084764], [336.1494588207713], [334.8910179061155], [333.6531497384592], [332.487948449566], [331.4387665031621], [330.5399196046721], [329.81725424931204], [329.28917692435505], [328.9678002995669], [328.85994318069595]], "dynamic_viscosity": [[1.789380278077583e-05], [1.7881089838934672e-05], [1.7843813160530385e-05], [1.7784456937824093e-05], [1.7706840348412875e-05], [1.7615701128839736e-05], [1.751622620406918e-05], [1.7413607916140374e-05], [1.7312685763022644e-05], [1.7217705731750696e-05], [1.7132198219127227e-05], [1.7058954924611927e-05], [1.7000076254849206e-05], [1.6957056330276903e-05], [1.6930877348942566e-05], [1.692209177651962e-05]], "altitude": [[0.0], [40.52589877319137], [159.2555605690389], [348.00389351152285], [594.2509004974827], [882.5794158289319], [1196.2688990679685], [1518.7682195697425], [1834.846952809484], [2131.329891436744], [2397.4280146426436], [2624.7462162965476], [2807.07218477038], [2940.058498367663], [3020.889545251788], [3048.0]], "gravity": [[9.80665], [9.80665], [9.80665], [9.80665], [9.80665], [9.80665], [9.80665], [9.80665], [9.80665], [9.80665], [9.80665], [9.80665], [9.80665], [9.80665], [9.80665], [9.80665]], "reynolds_number": [[8804646.673886064], [8776677.998036647], [8695112.40660041], [8566590.696274145], [8401017.425379347], [8210144.092674482], [8006112.642318401], [7800250.152355091], [7602276.031334935], [7419945.351717917], [7259047.196717526], [7123634.549216953], [7016368.188926502], [6938878.994333064], [6892087.269104025], [6876445.362198798]], "dynamic_pressure": [[10131.250966166543], [10091.89317745089], [9977.261671173026], [9797.090503788542], [9565.803417783689], [9300.348171092313], [9018.01048151439], [8734.655622476199], [8463.628168694815], [8215.319956687206], [7997.259807806135], [7814.524332262999], [7670.289129847497], [7566.382138171231], [7503.756388769759], [7482.841346612139]], "stagnation_temperature": [[296.38184227810336], [296.1184256116697], [295.3467070096279], [294.11994052240806], [292.5195716756598], [290.6458706836691], [288.60755419543074], [286.51220165211197], [284.4587709274309], [282.5328309788593], [280.8044220168189], [279.3280177647146], [278.1439087380515], [277.280276937397], [276.75536637364183], [276.5793161596932]], "stagnation_pressure": [[111823.22288783126], [111296.88436720088], [109766.43229623481], [107368.64907680325], [104304.56841804378], [100807.53793153883], [97111.71138809975], [93427.61011700903], [89927.82841010895], [86742.55070448079], [83962.33503235258], [81645.02639001096], [79824.15620517777], [78516.95328049017], [77730.9495563959], [77468.76249814311]], "isentropic_expansion_factor": 1.4, "specific_heat_at_constant_pressure": 1007.5450000000002, "universal_gas_constant": 287.87}, "aerodynamics": {"angle_of_attack": [[0.045727446894151313], [0.0460091368837216], [0.046841912163712196], [0.048189231111105124], [0.04999120840168747], [0.05216671951072697], [0.054616873305762335], [0.05723003778265545], [0.05988775407902742], [0.06247128701529324], [0.06486783022252124], [0.06697549215949003], [0.06870745966777361], [0.06999461205967304], [0.07078698778537751], [0.07105446281237095]], "side_slip_angle": [[0.0], [0.0], [0.0], [0.0], [0.0], [0.0], [0.0], [0.0], [0.0], [0.0], [0.0], [0.0], [0.0], [0.0], [0.0], [0.0]], "roll_angle": [[0.0], [0.0], [0.0], [0.0], [0.0], [0.0], [0.0], [0.0], [0.0], [0.0], [0.0], [0.0], [0.0], [0.0], [0.0], [0.0]], "lift_coefficient": [[0.5175064698903244], [0.5195856253217918], [0.5257335696172222], [0.5356839636728801], [0.5489995136142157], [0.5650863235245056], [0.5832182448728878], [0.6025728547635646], [0.6222744441100059], [0.6414422437578833], [0.6592366743839233], [0.6748970702714582], [0.687773516920828], [0.6973473086856563], [0.7032428020134737], [0.7052332036338869]], "drag_coefficient": [[0.03187286921355298], [0.031980123587108875], [0.03229948645470587], [0.032823406440576186], [0.033538154849311004], [0.034422558927572025], [0.03544692062219702], [0.03657267072214673], [0.03775300627450842], [0.0389347938543195], [0.04006151283482384], [0.041076757534259066], [0.04192814755300144], [0.042570908207975586], [0.042970855937484106], [0.043106596860603856]], "lift_breakdown": {"inviscid_wings_lift": [[0.42028316956338946], [0.42193954463924227], [0.4268363754413129], [0.4347587923049374], [0.44535466145856445], [0.4581469597711558], [0.4725541940654723], [0.48791995312291164], [0.5035476828789947], [0.5187392044868567], [0.5328312013047496], [0.5452245373478382], [0.5554087395528369], [0.5629773689671048], [0.56763664494908], [0.5692094341305514]], "compressible_wings": [[0.45395304376344253], [0.4557768643173612], [0.4611697979098441], [0.46989821374814045], [0.48157852071422436], [0.49568975747763655], [0.511594951642884], [0.5285726796171619], [0.5458547755350929], [0.5626686348753362], [0.5782777845473012], [0.5920149739223318], [0.6033101025621299], [0.6117081655137336], [0.6168796508890121], [0.6186256172227078]]}, "drag_breakdown": {"parasite": {"main_wing": {"wetted_area": 184.0, "skin_friction_coefficient": [[0.0024476973958791936], [0.0024488101030264104], [0.002452079373031773], [0.002457305519038445], [0.0024641776072233464], [0.0024723027442616467], [0.002481240582896944], [0.00249053792721257], [0.0024997589721194226], [0.0025085081185854865], [0.0025164443504049755], [0.002523287758208454], [0.002528819736203319], [0.0025328791422890603], [0.002535356670317367], [0.002536189353832285]], "compressibility_factor": [[0.9838250985773414], [0.9838105381226693], [0.9837677297935334], [0.9836992113617636], [0.9836089518328047], [0.9835019980882853], [0.9833840514034851], [0.9832610334447376], [0.983138696544169], [0.9830223188116087], [0.9829165008613192], [0.9828250611284387], [0.9827510140219795], [0.9826966037145016], [0.9826633653922259], [0.9826521889476778]], "parasite_drag_coefficient": [[0.0061470063925450754], [0.006149891075942379], [0.006158367400416631], [0.0061719197641135135], [0.006189744857211292], [0.006210826774857037], [0.0062340256925763685], [0.006258167036155775], [0.006282119678091546], [0.00630485523048579], [0.006325485720134256], [0.006343281041163592], [0.006357670021311434], [0.0063682309563178165], [0.006374677399044067], [0.00637684416895115]], "form_factor": [[1.2556712285787106], [1.2556896650217824], [1.2557438939675047], [1.255830769982687], [1.2559453586192477], [1.2560813576073389], [1.2562316075972577], [1.2563886234729953], [1.2565450805773577], [1.25669420476921], [1.2568300425789836], [1.2569476114106288], [1.2570429458243264], [1.257113071443788], [1.2571559405576864], [1.2571703605875248]], "reynolds_factor": [[0.9932600767863089], [0.993254699971292], [0.9932388959522271], [0.9932136127449457], [0.9931803304404989], [0.9931409264063514], [0.9930975148464558], [0.993052283796304], [0.9930073503211092], [0.9929646488267941], [0.9929258581792393], [0.9928923658454105], [0.9928652626274789], [0.9928453575394242], [0.9928332022357715], [0.9928291157365328]], "reference_area": 92.0}, "horizontal_stabilizer": {"wetted_area": 52.0, "skin_friction_coefficient": [[0.002613634186965254], [0.0026148542936055403], [0.002618439243660492], [0.002624170419198407], [0.002631707329905498], [0.0026406195916249485], [0.0026504246345570013], [0.0026606255621943217], [0.002670744281312217], [0.002680346547299158], [0.0026890577971199195], [0.002696570391163419], [0.0027026439174591783], [0.0027071010571434965], [0.0027098214710447937], [0.0027107358113138847]], "compressibility_factor": [[0.9838250985773414], [0.9838105381226693], [0.9837677297935334], [0.9836992113617636], [0.9836089518328047], [0.9835019980882853], [0.9833840514034851], [0.9832610334447376], [0.983138696544169], [0.9830223188116087], [0.9829165008613192], [0.9828250611284387], [0.9827510140219795], [0.9826966037145016], [0.9826633653922259], [0.9826521889476778]], "parasite_drag_coefficient": [[0.0017685468910303512], [0.0017693885740743803], [0.0017718617633456601], [0.001775816007696155], [0.001781016903949862], [0.001787168015891762], [0.0017939367519487174], [0.0018009803878929725], [0.0018079688871419455], [0.0018146022034419423], [0.0018206212731742557], [0.0018258131044787344], [0.0018300110832849355], [0.0018330922055934873], [0.0018349729255080426], [0.0018356050686956814]], "form_factor": [[1.197171200179098], [1.1971820822418604], [1.1972140877908004], [1.1972653522511323], [1.1973329523315073], [1.1974131577032932], [1.1975017354651432], [1.1975942659189915], [1.1976864304551902], [1.1977742413489165], [1.1978541997371375], [1.197923382194686], [1.1979794658354002], [1.1980207109058734], [1.198045921181117], [1.1980544006308953]], "reynolds_factor": [[0.9932600767863089], [0.993254699971292], [0.9932388959522271], [0.9932136127449457], [0.9931803304404989], [0.9931409264063514], [0.9930975148464558], [0.993052283796304], [0.9930073503211093], [0.9929646488267941], [0.9929258581792393], [0.9928923658454105], [0.9928652626274789], [0.9928453575394242], [0.9928332022357715], [0.9928291157365328]], "reference_area": 26.0}, "vertical_stabilizer": {"wetted_area": 32.0, "skin_friction_coefficient": [[0.00248123245905946], [0.00248236664316549], [0.0024856990394164693], [0.0024910261722264192], [0.002498031193247658], [0.0025063137081704654], [0.0025154249238643076], [0.0025249029050693718], [0.00253430339217293], [0.0025432230621665886], [0.0025513141960162365], [0.0025582913454381346], [0.002563931550337411], [0.0025680704393125043], [0.002570596504266779], [0.0025714455053852375]], "compressibility_factor": [[0.9838250985773414], [0.9838105381226693], [0.9837677297935334], [0.9836992113617636], [0.9836089518328047], [0.9835019980882853], [0.9833840514034851], [0.9832610334447376], [0.983138696544169], [0.9830223188116087], [0.9829165008613192], [0.9828250611284387], [0.9827510140219795], [0.9826966037145016], [0.9826633653922259], [0.9826521889476778]], "parasite_drag_coefficient": [[0.001030842031629078], [0.0010313223682828733], [0.0010327337420189698], [0.0010349901831762484], [0.0010379577759979275], [0.001041467210727061], [0.0010453285924135055], [0.0010493463193519187], [0.0010533321154312981], [0.0010571148957345534], [0.00106054701790321], [0.0010635071583163797], [0.0010659004584470642], [0.001067656921018885], [0.0010687290220673185], [0.0010690893664561875]], "form_factor": [[1.1944349793235467], [1.1944455574186477], [1.1944766688253425], [1.1945265006879464], [1.1945922108820486], [1.1946701728037032], [1.1947562714660245], [1.194846210553145], [1.1949357923040422], [1.1950211408698543], [1.1950988558103584], [1.1951660961570225], [1.195220604712333], [1.195260691038923], [1.1952851928894803], [1.1952934340333483]], "reynolds_factor": [[0.9932600767863089], [0.993254699971292], [0.9932388959522271], [0.9932136127449457], [0.9931803304404989], [0.9931409264063514], [0.9930975148464558], [0.993052283796304], [0.9930073503211093], [0.9929646488267941], [0.9929258581792393], [0.9928923658454105], [0.9928652626274789], [0.9928453575394242], [0.9928332022357715], [0.9928291157365328]], "reference_area": 16.0}, "fuselage": {"wetted_area": 327.01, "skin_friction_coefficient": [[0.0017765500418329896], [0.0017772590898836214], [0.0017793420214381706], [0.0017826706780515336], [0.0017870457139476093], [0.0017922156207787674], [0.0017978990556493544], [0.0018038071215104457], [0.0018096627100690488], [0.001815214964377023], [0.0018202482569705744], [0.0018245861128698341], [0.0018280911006146052], [0.001830662184851201], [0.0018322309888664902], [0.0018327581915327704]], "compressibility_factor": [[0.9838250985773414], [0.9838105381226693], [0.9837677297935334], [0.9836992113617636], [0.9836089518328047], [0.9835019980882853], [0.9833840514034851], [0.9832610334447376], [0.983138696544169], [0.9830223188116087], [0.9829165008613192], [0.9828250611284387], [0.9827510140219795], [0.9826966037145016], [0.9826633653922259], [0.9826521889476778]], "parasite_drag_coefficient": [[0.007434892687238576], [0.007437814050524711], [0.007446395613308047], [0.007460108359072493], [0.007478129641999158], [0.007499421959043212], [0.00752282531352787], [0.0075471492683243015], [0.007571252731395917], [0.007594103471124753], [0.007614814914073133], [0.00763266205301796], [0.0076470807369322874], [0.0076576565353641424], [0.007664109164265187], [0.007666277522133407]], "form_factor": [[1.177400058231633], [1.1773927741255321], [1.1773713517364075], [1.1773370421464857], [1.1772918061306958], [1.1772381445316782], [1.177178893337389], [1.1771170115095895], [1.1770553879674184], [1.1769966879500904], [1.1769432478380524], [1.1768970179802634], [1.1768595467109844], [1.1768319927328188], [1.1768151522019787], [1.1768094881321303]], "reynolds_factor": [[0.9932600767863089], [0.993254699971292], [0.9932388959522271], [0.9932136127449456], [0.9931803304404989], [0.9931409264063514], [0.9930975148464558], [0.993052283796304], [0.9930073503211093], [0.9929646488267941], [0.9929258581792392], [0.9928923658454105], [0.9928652626274789], [0.9928453575394242], [0.9928332022357715], [0.9928291157365327]], "reference_area": 8.011}, "turbofan": {"wetted_area": 19.198429785719906, "skin_friction_coefficient": [[0.002563061149698648], [0.0025642482262850244], [0.002567736089402563], [0.0025733119392636365], [0.002580644370159057], [0.0025893145229450945], [0.0025988528097855277], [0.0026087757734651108], [0.0026186183287757927], [0.002627958121689241], [0.0026364309136893793], [0.0026437376018242946], [0.0026496444888232554], [0.0026539792382728215], [0.0026566249098744043], [0.002657514121952193]], "compressibility_factor": [[0.9838250985773414], [0.9838105381226693], [0.9837677297935334], [0.9836992113617636], [0.9836089518328047], [0.9835019980882853], [0.9833840514034851], [0.9832610334447376], [0.983138696544169], [0.9830223188116087], [0.9829165008613192], [0.9828250611284387], [0.9827510140219795], [0.9826966037145016], [0.9826633653922259], [0.9826521889476778]], "parasite_drag_coefficient": [[0.0013529290387963976], [0.0013535556451437227], [0.0013553967371112787], [0.001358339986902218], [0.00136221045978756], [0.0013667870581556521], [0.001371821906913868], [0.00137705980992473], [0.0013822552688381264], [0.0013871853412440985], [0.0013916577613960785], [0.0013955146457924254], [0.0013986326357595092], [0.0014009207623642587], [0.0014023172978848105], [0.0014027866744511207]], "form_factor": 1.264760147601476, "reynolds_factor": [[0.9932600767863089], [0.993254699971292], [0.9932388959522271], [0.9932136127449457], [0.9931803304404989], [0.9931409264063514], [0.9930975148464558], [0.993052283796304], [0.9930073503211092], [0.9929646488267941], [0.9929258581792393], [0.9928923658454105], [0.9928652626274789], [0.9928453575394242], [0.9928332022357715], [0.9928291157365327]], "reference_area": 3.300635781677776}, "pylon": {"wetted_area": 7.679371914287962, "skin_friction_coefficient": [[0.002563061149698648], [0.0025642482262850244], [0.002567736089402563], [0.0025733119392636365], [0.002580644370159057], [0.0025893145229450945], [0.0025988528097855277], [0.0026087757734651108], [0.0026186183287757927], [0.002627958121689241], [0.0026364309136893793], [0.0026437376018242946], [0.0026496444888232554], [0.0026539792382728215], [0.0026566249098744043], [0.002657514121952193]], "compressibility_factor": [[0.9838250985773414], [0.9838105381226693], [0.9837677297935334], [0.9836992113617636], [0.9836089518328047], [0.9835019980882853], [0.9833840514034851], [0.9832610334447376], [0.983138696544169], [0.9830223188116087], [0.9829165008613192], [0.9828250611284387], [0.9827510140219795], [0.9826966037145016], [0.9826633653922259], [0.9826521889476778]], "parasite_drag_coefficient": [[0.0002705858077592795], [0.00027071112902874453], [0.0002710793474222557], [0.0002716679973804436], [0.000272442091957512], [0.00027335741163113045], [0.00027436438138277365], [0.00027541196198494606], [0.0002764510537676253], [0.0002774370682488197], [0.0002783315522792157], [0.00027910292915848505], [0.0002797265271519019], [0.0002801841524728518], [0.0002804634595769621], [0.00028055733489022413]], "form_factor": 1.264760147601476, "reynolds_factor": [[0.9932600767863089], [0.993254699971292], [0.9932388959522271], [0.9932136127449457], [0.9931803304404989], [0.9931409264063514], [0.9930975148464558], [0.993052283796304], [0.9930073503211092], [0.9929646488267941], [0.9929258581792393], [0.9928923658454105], [0.9928652626274789], [0.9928453575394242], [0.9928332022357715], [0.9928291157365327]], "reference_area": 92.0}, "total": [[0.01800480284899876], [0.018012682842996813], [0.018035834603622843], [0.018072842298341073], [0.018121501730903315], [0.018179028430305853], [0.018242302638763107], [0.018308114783634644], [0.01837337973466646], [0.018435298210279956], [0.01849145823896015], [0.01853988093192758], [0.018579021462887133], [0.018607741533131442], [0.018625269268346387], [0.01863116013557777]]}, "compressible": {"main_wing": {"crest_critical": [[0.836242778505785], [0.8361604906656429], [0.8359172861306531], [0.8355240288522277], [0.8349984846652572], [0.8343646471926065], [0.8336516521837902], [0.8328922407206677], [0.8321209784969001], [0.8313723202370691], [0.8306788106502475], [0.8300696724506587], [0.8295696629545055], [0.8291983925417745], [0.8289699750917774], [0.8288928941165372]], "compressibility_drag": [[1.32139097165939e-08], [1.332185633350875e-08], [1.3644206949038934e-08], [1.4175995842344425e-08], [1.4907383530859297e-08], [1.5821705464903707e-08], [1.689345896236449e-08], [1.8086829603216833e-08], [1.935529834299756e-08], [2.0642750352232862e-08], [2.188619052497731e-08], [2.301982365011184e-08], [2.398005949119886e-08], [2.471072634108686e-08], [2.5167846815387308e-08], [2.532342267844362e-08]], "divergence_mach": [[0.8582858134540331], [0.8582013565383754], [0.8579517412262737], [0.8575481178386815], [0.8570087205109986], [0.856358175328673], [0.8556263860482632], [0.8548469567938343], [0.8540553643973109], [0.8532869717964369], [0.85257518156618], [0.8519499867201638], [0.8514367971678338], [0.8510557402111787], [0.8508213017658888], [0.8507421889660699]], "wing_sweep": 0.4014257279586958, "thickness_to_chord": 0.11949964151458259}, "horizontal_stabilizer": {"crest_critical": 0.9394647313812111, "compressibility_drag": [[4.87579025055884e-10], [4.90854419634556e-10], [5.00595063228707e-10], [5.165350292079644e-10], [5.382039385183909e-10], [5.648982676452773e-10], [5.956616372860969e-10], [6.292867727174932e-10], [6.6434747923543e-10], [6.992615797526305e-10], [7.323791392455458e-10], [7.620849215291388e-10], [7.869013718927617e-10], [8.05580969217923e-10], [8.171804047217633e-10], [8.211131721856976e-10]], "divergence_mach": 0.9714722054458921, "wing_sweep": 0.6021385919380436, "thickness_to_chord": 0.13347470511030118}, "vertical_stabilizer": {"crest_critical": 0.9441159452134248, "compressibility_drag": [[2.74095110575719e-10], [2.759363908463733e-10], [2.8141214481817573e-10], [2.9037288043873935e-10], [3.025541716516166e-10], [3.1756052901684613e-10], [3.348543188848892e-10], [3.5375686542723927e-10], [3.7346642579808376e-10], [3.9309357083537706e-10], [4.117107808972093e-10], [4.284100424760398e-10], [4.423607404285093e-10], [4.5286157420363524e-10], [4.5938225781318283e-10], [4.6159308370499064e-10]], "divergence_mach": 0.9766575792093745, "wing_sweep": 0.6108652381980153, "thickness_to_chord": 0.13428520476376016}, "total": [[1.3975583852225502e-08], [1.4088647143989678e-08], [1.4426214157085817e-08], [1.4982903751991127e-08], [1.5748141641029305e-08], [1.670416426156583e-08], [1.7823974918535475e-08], [1.9069873241361566e-08], [2.