{"numerics": {"tolerance_boundary_conditions": 1e-08, "solver_jacobian": "none", "time": {"integrate": [], "control_points": [], "differentiate": []}, "number_control_points": 16, "tag": "numerics", "tolerance_solution": 1e-08, "converged": null, "discretization_method": null, "dimensionless": {"integrate": [], "control_points": [], "differentiate": []}}, "segments": {"climb_250kcas": {"numerics": {"tolerance_boundary_conditions": 1e-08, "solver_jacobian": "none", "time": {"integrate": [[0.0, 0.0, 0.0, 0.0, 0.0, 0.0, 0.0, 0.0, 0.0, 0.0, 0.0, 0.0, 0.0, 0.0, 0.0, 0.0], [0.0, 0.6305151071571191, -0.38125958608441585, 0.3638469761394917, -0.3583331052303359, 0.35587446074798246, -0.3545670182392602, 0.3537925465284639, -0.35329999895257863, 0.35297162051345005, -0.35274634349203543, 0.35259015018303214, -0.3524831570886259, 0.3524134743905842, -0.35237410936780883, 0.17618068613051804], [0.0, 1.0662276489320373, 0.7223780542808275, -0.10587201388861084, 0.047183171683137036, -0.026096977590547587, 0.015878714262032873, -0.010117866815957976, 0.006560610401047921, -0.004233403762682476, 0.002656943674830811, -0.0015733625555481871, 0.0008355189026909994, -0.00035689044835210984, 8.716948308265568e-05, -8.507136986453196e-16], [0.0, 0.9997733120225696, 1.6313349501470518, 1.4450926953359973, -0.5145825913198889, 0.425318516288142, -0.39290200736170694, 0.376957563432503, -0.3678447454142576, 0.36216331770067994, -0.3584347727153431, 0.3559264572250078, -0.3542433485789059, 0.35316216742976325, -0.35255654116444146, 0.17618068613051732], [0.0, 1.028778547696491, 1.4705803142913214, 2.784866037278102, 1.4266241718157415, -0.21699324376068577, 0.09841504737621272, -0.05463172908338428, 0.03277679491268006, -0.02015602157596803, 0.012257867603128761, -0.00710673031683255, 0.0037207839022031517, -0.0015749107629753462, 0.00038270964352598756, -1.225826127237528e-15], [0.0, 1.012973878946364, 1.5458167721612754, 2.53615199964409, 3.132656074239774, 2.038565972664402, -0.6067749171760042, 0.46631715650067546, -0.4144641777633125, 0.38858562713273526, -0.3736936896672884, 0.36447667589343813, -0.3586199274826243, 0.35498818879195454, -0.35299672517431113, 0.1761806861305172], [0.0, 1.0225132964551626, 1.503195341412403, 2.655301697153466, 2.8109675111469237, 4.02946918866271, 1.8729777826757532, -0.2803846723674207, 0.12355007068125817, -0.06557246411908449, 0.03668092913656893, -0.020200555423665143, 0.010237084080902133, -0.004246532861533514, 0.0010205773659138157, -1.125394581298123e-15], [0.0, 1.0164451451368235, 1.5294221157756054, 2.5871622588154377, 2.9655381968948666, 3.654470372715494, 4.054614884371091, 2.323395002919715, -0.6410897627706255, 0.4757904170826737, -0.41504958420978, 0.38512277020556906, -0.36846064648110777, 0.3589191855245859, -0.353922195027188, 0.17618068613051738], [0.0, 1.0203980863155258, 1.5126693019719695, 2.628992983503998, 2.877740419319839, 3.832884493269266, 3.648892415958088, 4.5931682758247705, 1.9810448823954663, -0.2822934235913654, 0.11572590860502516, -0.055036379630495944, 0.02573145046848931, -0.01019500054008663, 0.0023921184125509165, -5.642285873628842e-16], [0.0, 1.017816686183462, 1.5234736480970517, 2.602656625203027, 2.9307023726880357, 3.7335153521839533, 3.8378939248988093, 4.1808898146339235, 4.232463185421566, 2.2517050503650085, -0.6116342796032299, 0.4518956783784849, -0.3947693601305786, 0.36839314608415324, -0.35603740516682697, 0.17618068613051818], [0.0, 1.0194726164626493, 1.5166002987046012, 2.619152264505514, 2.8983865136319698, 3.7915285987267744, 3.7360972059080284, 4.366542690817457, 3.838122728814507, 4.379096377955727, 1.7316303086561093, -0.2221542569754033, 0.07674170963983343, -0.02658965692575548, 0.00586338460300832, 1.9304920178973126e-16], [0.0, 1.0184545539058494, 1.5208020259984938, 2.6091729253817233, 2.9176085475812026, 3.757938413717392, 3.792477482355697, 4.271663090402501, 4.006710242137529, 4.026267785664543, 3.6348281528201563, 1.8362390177096666, -0.524333700255217, 0.4010081732052339, -0.3623026564081563, 0.17618068613051807], [0.0, 1.0190324324527777, 1.5184263200667911, 2.6147756856017907, 2.906936732300397, 3.7762696817748247, 3.762519515340082, 4.319923258468399, 3.927482321882676, 4.165223468141425, 3.3448777650323627, 3.4250844085842593, 1.167801013947929, -0.11210783491153693, 0.019063951526804707, -1.2838978167023652e-15], [0.0, 1.0187500940662892, 1.5195840056838683, 2.6120581903812274, 2.9120751798199147, 3.7675393376456823, 3.776554864542404, 4.297879274914125, 3.9621963798700985, 4.108804118778719, 3.443931886650013, 3.2156800178422666, 2.3664043509114974, 1.149210433215722, -0.3997517576437014, 0.17618068613051696], [0.0, 1.0188500006561423, 1.5191750131059705, 2.6130154941115045, 2.910273039342374, 3.7705812525515117, 3.77171121252731, 4.305378512006714, 3.9506473387867134, 4.126888479018976, 3.4143218205725203, 3.2688349224947024, 2.2490467331444344, 1.9004867013199276, 0.3883221563922539, -1.3591082345842843e-15], [0.0, 1.0188372635493703, 1.5192271152355181, 2.6128937092839157, 2.9105018172643695, 3.770196281320512, 3.7723214607797257, 4.304439885315172, 3.9520785130541416, 4.124682833040753, 3.417834909059467, 3.2628631895254037, 2.2605323370228896, 1.8715884874965483, 0.666475891288336, 0.17618068613051674]], "control_points": [[0.0], [0.43312170333556715], [1.7135573165579872], [3.7853456591576733], [6.557939639019558], [9.910163594841663], [13.695509253999338], [17.748538847083644], [21.892115532283015], [25.945145125367322], [29.73049078452499], [33.08271474034709], [35.85530872020899], [37.92709706280868], [39.20753267603109], [39.64065437936666]], "differentiate": [[-3.7924029178384027, 4.6176397640606615, -1.1671625925051567, 0.5283533341694999, -0.3049738347849461, 0.20181301558341777, -0.14603326995058352, 0.11268533242265352, -0.09135709141726014, 0.07708571258075339, -0.06727100519447259, 0.06045453088409446, -0.05577974563283422, 0.05273274663462711, -0.05101060595997842, 0.025226626947927218], [-1.1544099410151654, 0.5708286447625877, 0.7809842132423518, -0.29830942478148303, 0.16327015929304103, -0.10551815761163419, 0.07540120481171966, -0.05775200168140685, 0.04660050736633487, -0.03919720452813699, 0.03413275769673315, -0.030628253126046678, 0.028230893804599033, -0.026670951543881657, 0.025790204800382088, -0.012752651489994604], [0.2917906481262892, -0.7809842132423518, 0.13930373073381508, 0.48267478846087003, -0.2064246654033431, 0.12200171217805456, -0.08345885588767783, 0.06236365150133217, -0.04955755457397874, 0.04126844711498652, -0.03569269995745052, 0.031878446286913664, -0.029289651493773796, 0.027613981041539396, -0.026670951543881657, 0.013183186658656781], [-0.13208833354237498, 0.29830942478148303, -0.48267478846087003, 0.05907169856708359, 0.3606730762828152, -0.1632701592930411, 0.10090650779170887, -0.07161685629793507, 0.055227962083078806, -0.04512676215887464, 0.038542856290376695, -0.03413275769673316, 0.031181825750666085, -0.029289651493773796, 0.028230893804599033, -0.013944936408208555], [0.07624345869623653, -0.16327015929304103, 0.2064246654033431, -0.3606730762828152, 0.030564912987606264, 0.2983094247814832, -0.14010371231984586, 0.08936071977981193, -0.06521380783425837, 0.051580409600764175, -0.04315450611030201, 0.03770060240585984, -0.03413275769673314, 0.03187844628691366, -0.030628253126046667, 0.015113632721023609], [-0.05045325389585444, 0.10551815761163419, -0.12200171217805456, 0.1632701592930411, -0.2983094247814832, 0.01681775129861833, 0.2641766670847498, -0.12757745933559048, 0.08345885588767783, -0.06236365150133217, 0.05045325389585444, -0.04315450611030202, 0.038542856290376695, -0.03569269995745051, 0.03413275769673314, -0.016817751298618143], [0.03650831748764588, -0.07540120481171966, 0.08345885588767783, -0.10090650779170887, 0.14010371231984586, -0.2641766670847498, 0.008618444671228772, 0.24672901518071877, -0.12200171217805456, 0.08163507964652052, -0.06236365150133219, 0.0515804096007642, -0.04512676215887464, 0.04126844711498651, -0.03919720452813699, 0.019271428145188348], [-0.02817133310566338, 0.05775200168140685, -0.06236365150133217, 0.07161685629793507, -0.08936071977981193, 0.12757745933559048, -0.24672901518071877, 0.002666030125673825, 0.24133739423043513, -0.12200171217805454, 0.08345885588767787, -0.06521380783425838, 0.055227962083078806, -0.049557554573978715, 0.04660050736633487, -0.022839272854315036], [0.022839272854315036, -0.04660050736633487, 0.04955755457397874, -0.055227962083078806, 0.06521380783425837, -0.08345885588767783, 0.12200171217805456, -0.24133739423043513, -0.0026660301256737576, 0.24672901518071863, -0.12757745933559053, 0.08936071977981198, -0.07161685629793506, 0.062363651501332155, -0.057752001681406845, 0.028171333105663374], [-0.019271428145188348, 0.03919720452813699, -0.04126844711498652, 0.04512676215887464, -0.051580409600764175, 0.06236365150133217, -0.08163507964652052, 0.12200171217805454, -0.24672901518071863, -0.008618444671229221, 0.2641766670847503, -0.14010371231984603, 0.10090650779170887, -0.08345885588767783, 0.07540120481171966, -0.03650831748764588], [0.016817751298618146, -0.03413275769673315, 0.03569269995745052, -0.038542856290376695, 0.04315450611030201, -0.05045325389585444, 0.06236365150133219, -0.08345885588767787, 0.12757745933559053, -0.2641766670847503, -0.01681775129861822, 0.2983094247814834, -0.16327015929304092, 0.12200171217805444, -0.10551815761163413, 0.050453253895854415], [-0.015113632721023614, 0.030628253126046678, -0.031878446286913664, 0.03413275769673316, -0.03770060240585984, 0.04315450611030202, -0.0515804096007642, 0.06521380783425838, -0.08936071977981198, 0.14010371231984603, -0.2983094247814834, -0.030564912987605324, 0.3606730762828141, -0.20642466540334264, 0.1632701592930408, -0.07624345869623643], [0.013944936408208555, -0.028230893804599033, 0.029289651493773796, -0.031181825750666085, 0.03413275769673314, -0.038542856290376695, 0.04512676215887464, -0.055227962083078806, 0.07161685629793506, -0.10090650779170887, 0.16327015929304092, -0.3606730762828141, -0.05907169856708399, 0.4826747884608695, -0.29830942478148303, 0.13208833354237498], [-0.013183186658656778, 0.026670951543881657, -0.027613981041539396, 0.029289651493773796, -0.03187844628691366, 0.03569269995745051, -0.04126844711498651, 0.049557554573978715, -0.062363651501332155, 0.08345885588767783, -0.12200171217805444, 0.20642466540334264, -0.4826747884608695, -0.13930373073381627, 0.7809842132423531, -0.2917906481262896], [0.012752651489994604, -0.025790204800382088, 0.026670951543881657, -0.028230893804599033, 0.030628253126046667, -0.03413275769673314, 0.03919720452813699, -0.04660050736633487, 0.057752001681406845, -0.07540120481171966, 0.10551815761163413, -0.1632701592930408, 0.29830942478148303, -0.7809842132423531, -0.5708286447625865, 1.1544099410151654], [-0.025226626947927218, 0.05101060595997842, -0.052732746634627126, 0.05577974563283422, -0.060454530884094436, 0.06727100519447257, -0.07708571258075339, 0.09135709141726014, -0.1126853324226535, 0.14603326995058352, -0.20181301558341766, 0.3049738347849457, -0.5283533341694999, 1.1671625925051583, -4.6176397640606615, 3.7924029178384013]]}, "number_control_points": 16, "tag": "numerics", "tolerance_solution": 1e-08, "converged": null, "discretization_method": null, "dimensionless": {"integrate": [[0.0, 0.0, 0.0, 0.0, 0.0, 0.0, 0.0, 0.0, 0.0, 0.0, 0.0, 0.0, 0.0, 0.0, 0.0, 0.0], [0.0, 0.015905769393285, -0.009617893348472701, 0.009178631933202333, -0.00903953556873803, 0.00897751226158412, -0.008944529897160722, 0.008924992588230742, -0.008912567274279777, 0.008904283393898139, -0.00889860041451897, 0.008894660184180983, -0.008891961109302392, 0.00889020324987417, -0.008889210203129818, 0.004444444444444433], [0.0, 0.026897327141174012, 0.01822316169071195, -0.002670793798593755, 0.001190272270270501, -0.0006583387181451605, 0.0004005664011010347, -0.00025523965167498404, 0.00016550207113792708, -0.00010679449744114224, 6.702572690661172e-05, -3.969063024265153e-05, 2.1077323666127342e-05, -9.00314220185716e-06, 2.1989920309698075e-06, -2.1460637115216855e-17], [0.0, 0.025220908374887, 0.04115307821447512, 0.03645481433041584, -0.012981183065124528, 0.010729351544446864, -0.009911592366805534, 0.009509367827911362, -0.009279482167320737, 0.009136158909858699, -0.00904210029645504, 0.008978823957312646, -0.008936364803384602, 0.00890909024987205, -0.00889381234200691, 0.004444444444444415], [0.0, 0.025952612634769726, 0.03709778098559272, 0.07025277662236705, 0.03598891577729133, -0.005474007610571455, 0.0024826796862223014, -0.001378174249106761, 0.0008268479778108986, -0.0005084684370513175, 0.000309224653201212, -0.00017927883452225935, 9.386282745473181e-05, -3.972968629385448e-05, 9.654473406604297e-06, -3.092345841484348e-17], [0.0, 0.025553914152174707, 0.0389957430411615, 0.06397856037826109, 0.07902634614100497, 0.051426143301143264, -0.015306884476958493, 0.011763608946460733, -0.010455533195714475, 0.009802704653003856, -0.009427031302031168, 0.00919451713398434, -0.009046771126696874, 0.008955154609574995, -0.008904916699812335, 0.004444444444444412], [0.0, 0.025794561478969698, 0.03792054810767278, 0.0669843053482885, 0.07091122876644688, 0.10164991602056114, 0.04724891180531712, -0.007073159531729718, 0.00311675154246614, -0.0016541720903884875, 0.0009253361154315784, -0.0005095918758137284, 0.00025824710114348245, -0.00010712570032001982, 2.5745724481406038e-05, -2.83899092716265e-17], [0.0, 0.025641482489398383, 0.03858216116058075, 0.06526537715689378, 0.07481052579289553, 0.0921899607847463, 0.10228425710554255, 0.058611418991333916, -0.016172532285549726, 0.012002587357143307, -0.010470301025752422, 0.00971534845312819, -0.009295019273770997, 0.009054320397682607, -0.008928263182542414, 0.004444444444444417], [0.0, 0.025741201861860605, 0.03815954417642834, 0.06632062524357353, 0.07259568401115322, 0.09669074724619882, 0.09204924775049556, 0.11587014260328554, 0.049975080215290776, -0.007121310886792571, 0.00291937432458889, -0.0013883822175030215, 0.0006491177017976469, -0.0002571854753586819, 6.034507880868983e-05, -1.423358408675944e-17], [0.0, 0.025676081843725707, 0.03843210138554207, 0.065656247757548, 0.07393173545120624, 0.09418399899390369, 0.09681711830913846, 0.10546974766415856, 0.10677076984946555, 0.056802923302321735, -0.01542946980011489, 0.011399803697834537, -0.009958699378486039, 0.009293316466438188, -0.008981622799651558, 0.004444444444444437], [0.0, 0.025717855379130537, 0.03825870996453596, 0.0660723770964994, 0.07311651533029706, 0.09564747752247757, 0.09424913045463505, 0.11015314351345029, 0.09682289026016398, 0.1104698306957084, 0.04368319180819173, -0.005604202565612457, 0.001935934480430228, -0.0006707673559394027, 0.0001479134160323112, 4.8699801961446735e-18], [0.0, 0.025692173094800493, 0.038364705371515914, 0.06582063203123667, 0.07360142240991475, 0.09480011045613403, 0.0956714146558014, 0.10775965122881379, 0.10107578456684257, 0.10156915542141641, 0.09169445383101746, 0.04632211668699008, -0.013227170652564648, 0.010116083588518218, -0.009139673955451611, 0.004444444444444434], [0.0, 0.025706751021325063, 0.03830477432423887, 0.065961970773187, 0.07333220850696869, 0.09526254651690133, 0.09491567619778016, 0.10897709248505646, 0.09907713137871327, 0.10507453858555535, 0.08437998356488796, 0.08640332664051703, 0.029459680528275554, -0.0028281025292531533, 0.0004809191933200698, -3.2388411261208805e-17], [0.0, 0.02569962857617604, 0.038333978827423856, 0.06589341753502508, 0.07346183420563505, 0.09504230938242843, 0.09526974071619103, 0.10842099713548656, 0.09995284996941069, 0.10365126870653758, 0.08687878493859104, 0.0811207601940108, 0.0596963997683962, 0.028990702883398847, -0.010084388461855867, 0.004444444444444406], [0.0, 0.025702148882447904, 0.03832366132423676, 0.06591756707910464, 0.07341637228010038, 0.09511904663496512, 0.09514755171374067, 0.10861017759201534, 0.09966150661839385, 0.10410747611591045, 0.08613182284775066, 0.08246167914413044, 0.05673586292548906, 0.04794286903369459, 0.00979605817492204, -3.428571641571369e-17], [0.0, 0.025701827568206968, 0.03832497568522205, 0.06591449485869114, 0.07342214357539248, 0.09510933510933502, 0.09516294621874999, 0.10858649920662446, 0.09969761031773573, 0.10405183510763863, 0.08622044622044592, 0.0823110324642813, 0.057025605969802516, 0.04721386457411077, 0.016812938679318146, 0.0044444444444444]], "control_points": [[0.0], [0.010926199633097156], [0.04322727117869957], [0.09549150281252627], [0.16543469682057088], [0.24999999999999994], [0.3454915028125263], [0.4477357683661733], [0.5522642316338267], [0.6545084971874737], [0.7499999999999999], [0.8345653031794289], [0.9045084971874737], [0.9567727288213005], [0.9890738003669028], [1.0]], "differentiate": [[-150.33333333333377, 183.04626193554887, -46.26708893402249, 20.944271909999163, -12.089362379460118, 8.000000000000002, -5.788854381999832, 4.466920316190448, -3.6214548859758136, 3.0557280900008412, -2.666666666666667, 2.396457164443136, -2.211145618000168, 2.0903605838179637, -2.0220938005415654, 1.0], [-45.76156548388722, 22.628021016876005, 30.958725272881658, -11.825180805870444, 6.472135954999579, -4.182808816630328, 2.9889530997292173, -2.2893271383692513, 1.8472746064120107, -1.5538028373372241, 1.353044850870866, -1.2141239964133728, 1.1190911041287137, -1.0572539721198484, 1.0223405948650293, -0.5055234501353914], [11.566772233505622, -30.958725272881658, 5.522091043775521, 19.133544467011262, -8.18280881663033, 4.836227706141229, -3.3083636611408074, 2.472135954999579, -1.9644938927536926, 1.6359082488583518, -1.4148819828797312, 1.263682471410749, -1.1610609517567874, 1.0946362785060466, -1.0572539721198484, 0.522590145954491], [-5.236067977499791, 11.825180805870444, -19.133544467011262, 2.341640786499889, 14.297316760870023, -6.472135954999581, 4.0, -2.8389390482432124, 2.1892725570120937, -1.7888543819998317, 1.5278640450004208, -1.3530448508708661, 1.2360679774997896, -1.1610609517567874, 1.1190911041287137, -0.552786404500042], [3.0223405948650295, -6.472135954999579, 8.18280881663033, -14.297316760870023, 1.2116131518771152, 11.82518080587045, -5.553802837337225, 3.5423174078829587, -2.5851180171202697, 2.0446811897300585, -1.7106728616307487, 1.494476549864609, -1.3530448508708657, 1.2636824714107486, -1.2141239964133723, 0.5991142911107837], [-2.0000000000000004, 4.182808816630328, -4.836227706141229, 6.472135954999581, -11.82518080587045, 0.6666666666666741, 10.472135954999574, -5.057253972119846, 3.3083636611408074, -2.472135954999579, 2.0000000000000004, -1.710672861630749, 1.5278640450004206, -1.4148819828797308, 1.3530448508708657, -0.6666666666666666], [1.447213595499958, -2.9889530997292173, 3.3083636611408074, -4.0, 5.553802837337225, -10.472135954999574, 0.34164078649987406, 9.780499616140382, -4.836227706141229, 3.2360679774997894, -2.47213595499958, 2.0446811897300594, -1.7888543819998317, 1.6359082488583514, -1.5538028373372241, 0.7639320225002103], [-1.116730079047612, 2.2893271383692513, -2.472135954999579, 2.8389390482432124, -3.5423174078829587, 5.057253972119846, -9.780499616140382, 0.10568317877681555, 9.566772233505636, -4.836227706141228, 3.3083636611408087, -2.5851180171202706, 2.1892725570120937, -1.9644938927536917, 1.8472746064120107, -0.9053637214939534], [0.9053637214939534, -1.8472746064120107, 1.9644938927536926, -2.1892725570120937, 2.5851180171202697, -3.3083636611408074, 4.836227706141229, -9.566772233505636, -0.10568317877681288, 9.780499616140377, -5.057253972119849, 3.542317407882961, -2.838939048243212, 2.4721359549995787, -2.289327138369251, 1.1167300790476118], [-0.7639320225002103, 1.5538028373372241, -1.6359082488583518, 1.7888543819998317, -2.0446811897300585, 2.472135954999579, -3.2360679774997894, 4.836227706141228, -9.780499616140377, -0.3416407864998918, 10.472135954999594, -5.553802837337231, 4.0, -3.308363661140807, 2.9889530997292173, -1.447213595499958], [0.6666666666666667, -1.353044850870866, 1.4148819828797312, -1.5278640450004208, 1.7106728616307487, -2.0000000000000004, 2.47213595499958, -3.3083636611408087, 5.057253972119849, -10.472135954999594, -0.6666666666666696, 11.82518080587046, -6.472135954999574, 4.836227706141225, -4.182808816630326, 1.9999999999999991], [-0.599114291110784, 1.2141239964133728, -1.263682471410749, 1.3530448508708661, -1.494476549864609, 1.710672861630749, -2.0446811897300594, 2.5851180171202706, -3.542317407882961, 5.553802837337231, -11.82518080587046, -1.2116131518770779, 14.297316760869979, -8.182808816630311, 6.47213595499957, -3.0223405948650255], [0.552786404500042, -1.1190911041287137, 1.1610609517567874, -1.2360679774997896, 1.3530448508708657, -1.5278640450004206, 1.7888543819998317, -2.1892725570120937, 2.838939048243212, -4.0, 6.472135954999574, -14.297316760869979, -2.341640786499905, 19.13354446701124, -11.825180805870444, 5.236067977499791], [-0.5225901459544909, 1.0572539721198484, -1.0946362785060466, 1.1610609517567874, -1.2636824714107486, 1.4148819828797308, -1.6359082488583514, 1.9644938927536917, -2.4721359549995787, 3.308363661140807, -4.836227706141225, 8.182808816630311, -19.13354446701124, -5.522091043775568, 30.95872527288171, -11.566772233505636], [0.5055234501353914, -1.0223405948650293, 1.0572539721198484, -1.1190911041287137, 1.2141239964133723, -1.3530448508708657, 1.5538028373372241, -1.8472746064120107, 2.289327138369251, -2.9889530997292173, 4.182808816630326, -6.47213595499957, 11.825180805870444, -30.95872527288171, -22.628021016875962, 45.76156548388722], [-1.0, 2.0220938005415654, -2.090360583817964, 2.211145618000168, -2.396457164443135, 2.6666666666666665, -3.0557280900008412, 3.6214548859758136, -4.466920316190447, 5.788854381999832, -7.9999999999999964, 12.089362379460102, -20.944271909999163, 46.267088934022546, -183.04626193554887, 150.3333333333337]]}}, "unknowns": {"tag": "unknowns", "wind_angle": [[0.03914512789961559], [0.13084316822503064], [0.005360884929421867], [-0.1024905059617361], [-0.001262435506513423], [-0.07895438725158878], [-0.02491533807241133], [-0.03663101371090868], [-0.06153440435922802], [0.00718369253791404], [-0.014677095831063896], [-0.003328515817585447], [-0.06969277088767493], [-0.0406262248418049], [-0.021839174301918944], [-0.08539225664844792]], "body_angle": [[0.757061080203], [0.9035662211656776], [0.9293228730177935], [0.7068744353821004], [0.7672941399249305], [0.6612047001734598], [0.5784914750658946], [0.6132274499271038], [0.44359363646610983], [0.5262431879635932], [0.5734632887866197], [0.635074255113526], [0.558012795645091], [0.5193069637585844], [0.5468637904176461], [0.47599216784285203]]}, "conditions": {"freestream": {"stagnation_temperature": [[296.4017174877929], [296.1462040968279], [295.3454472800926], [293.9967893491358], [292.4034182163597], [290.4279368977493], [288.5154672301448], [286.5125763574042], [284.60773999486173], [283.00819733034297], [281.3296985427392], [279.7269041738093], [278.3332514761056], [277.3712741819888], [276.80154601377257], [276.6073496827626]], "reynolds_number": [[8804646.673886063], [8777502.61332308], [8692831.030863436], [8551574.264950229], [8386853.716285123], [8185860.459597863], [7994648.950672812], [7797912.277620798], [7614106.7872905], [7462218.886856451], [7305222.670795452], [7157569.3599792505], [7030962.38547663], [6944529.373236456], [6893706.56132764], [6876445.3621988]], "temperature": [[288.15], [287.89435853662275], [287.09320415575286], [285.74388969510466], [284.1497640825095], [282.17337931464135], [280.2600688616343], [278.2563333013564], [276.3507277763569], [274.7505650610527], [273.0714410704725], [271.4680741124463], [270.0739429918603], [269.11164604831083], [268.5417326533511], [268.34747388158985]], "mach_number": [[0.377941176440553], [0.3781089393607536], [0.37863614200889073], [0.3795290701330335], [0.3805921905350452], [0.3819227272391307], [0.3832241859515425], [0.3846015175848468], [0.38592526960639095], [0.3870474632667338], [0.38823562244222454], [0.3893804490182862], [0.3903841531311799], [0.39108150356769267], [0.3914962704965236], [0.39163794842058913]], "density": [[1.2250000002007604], [1.220381395108725], [1.205993403190184], [1.18205469481667], [1.1542430374569603], [1.1204605841964588], [1.0884819870073061], [1.055745446274721], [1.025316099118713], [1.0002864128376057], [0.9745270306937758], [0.9504064847440449], [0.929807225268098], [0.9157891298954017], [0.9075636027300183], [0.9047728342446282]], "speed_of_sound": [[340.29399051558636], [340.14300568652595], [339.6693998326531], [338.8702506135565], [337.9236734477044], [336.74641999135264], [335.60280333500026], [334.4009454740081], [333.2539256687774], [332.28769935763347], [331.27076362048774], [330.296786691186], [329.4475712693548], [328.8601223474883], [328.511714678654], [328.3928731364731]], "altitude": [[0.0], [39.3296986942797], [162.5881251863221], [370.19232522503427], [615.4803640773887], [919.6128264723811], [1214.0668699885118], [1522.4663031095472], [1815.7900181726193], [2062.1187646488615], [2320.623271187169], [2567.484404432512], [2782.1462500290595], [2930.3247065469304], [3018.0855727101143], [3048.0]], "dynamic_pressure": [[10131.25096616654], [10093.05321327401], [9974.058636129497], [9776.075728130969], [9546.061948171728], [9266.667244352266], [9002.191167930909], [8731.446588443892], [8479.7834433634], [8272.777701912992], [8059.737077268286], [7860.25029815186], [7689.885998205899], [7573.950616764943], [7505.922143272813], [7482.841346612143]], "gravity": [[1.5392638518285982e-06], [1.539244847520663e-06], [1.5391852907097895e-06], [1.5390849869712243e-06], [1.538966488963123e-06], [1.5388195823710007e-06], [1.538677370833666e-06], [1.5385284452711392e-06], [1.5383868198081093e-06], [1.5382679000278295e-06], [1.5381431170007337e-06], [1.5380239685331095e-06], [1.5379203724275461e-06], [1.537848867404266e-06], [1.537806519855922e-06], [1.5377920855456143e-06]], "pressure": [[101325.0], [100853.42059857832], [99387.03722670456], [96956.3871657122], [94146.99507632935], [90755.82781333104], [87567.7862134023], [84326.90763627525], [81335.5277432084], [78890.52817916576], [76389.21932606917], [74061.0819856717], [72083.77151379352], [70744.04311267952], [69960.15401167082], [69694.57330560466]], "specific_heat_at_constant_pressure": [[1004.7652106172491], [1004.7616326427548], [1004.7509885786266], [1004.735016730803], [1004.7193214026302], [1004.7046619597353], [1004.695562074871], [1004.6914360019512], [1004.6926730357516], [1004.6976209314696], [1004.7066710280515], [1004.7190192966183], [1004.7327135083274], [1004.7437772673147], [1004.7509520954991], [1004.7535036784124]], "gas_specific_constant": 287.0528742, "velocity": [[128.6111111111111], [128.61111111111111], [128.61111111111111], [128.61111111111111], [128.61111111111111], [128.61111111111111], [128.6111111111111], [128.61111111111111], [128.6111111111111], [128.61111111111111], [128.6111111111111], [128.61111111111111], [128.61111111111111], [128.6111111111111], [128.61111111111111], [128.61111111111111]], "dynamic_viscosity": [[1.789380278077583e-05], [1.788146516368162e-05], [1.7842766185868643e-05], [1.7777471490550408e-05], [1.7700139356354168e-05], [1.7603974731911132e-05], [1.751057221363776e-05], [1.741242912998188e-05], [1.73187803154903e-05], [1.7239905306313864e-05], [1.715690402243288e-05], [1.7077422217322563e-05], [1.7008132571991095e-05], [1.6960207266635018e-05], [1.6931785870594322e-05], [1.692209177651962e-05]], "isentropic_expansion_factor": [[1.4009657721330457], [1.4009719954015638], [1.4009913137568566], [1.4010232157136326], [1.4010598772430236], [1.4011037774649788], [1.4011446327376693], [1.4011856776220983], [1.4012230526072353], [1.4012531819884586], [1.4012835617238983], [1.4013113848564094], [1.4013346322834648], [1.4013501646234643], [1.401359165123581], [1.4013621992318264]], "stagnation_pressure": [[111830.45642114663], [111319.6442923154], [109731.03332838842], [107096.99131224141], [104051.25349520255], [100372.92956170095], [96912.99120032614], [93393.69573969475], [90143.45053093943], [87485.46875858126], [84764.91804778692], [82231.43965371954], [80078.72799984804], [78619.61653726568], [77765.66828236595], [77476.31651049765]]}, "energies": {"propulsion_power": [[0.0], [0.0], [0.0], [0.0], [0.0], [0.0], [0.0], [0.0], [0.0], [0.0], [0.0], [0.0], [0.0], [0.0], [0.0], [0.0]], "total_efficiency": [[0.0], [0.0], [0.0], [0.0], [0.0], [0.0], [0.0], [0.0], [0.0], [0.0], [0.0], [0.0], [0.0], [0.0], [0.0], [0.0]], "gravity_energy": [[0.0], [0.0], [0.0], [0.0], [0.0], [0.0], [0.0], [0.0], [0.0], [0.0], [0.0], [0.0], [0.0], [0.0], [0.0], [0.0]], "total_energy": [[0.0], [0.0], [0.0], [0.0], [0.0], [0.0], [0.0], [0.0], [0.0], [0.0], [0.0], [0.0], [0.0], [0.0], [0.0], [0.0]]}, "aerodynamics": {"drag_coefficient": [[0.02944511247677973], [0.07879464705893222], [0.021587227124163503], [0.03351314886228918], [0.020781348331645497], [0.026227124230403537], [0.019426762988440736], [0.01976911709174898], [0.02265962032623936], [0.022285047224376697], [0.019963239879554003], [0.02096009380164385], [0.02447902320208809], [0.02031926641416375], [0.019843953513998397], [0.028547265840587133]], "angle_of_attack": [[0.03914512789961562], [0.13084316822503056], [0.005360884929421849], [-0.10249050596173623], [-0.0012624355065134487], [-0.07895438725158883], [-0.024915338072411385], [-0.03663101371090872], [-0.06153440435922793], [0.007183692537914159], [-0.01467709583106391], [-0.0033285158175854774], [-0.06969277088767488], [-0.04062622484180487], [-0.021839174301918975], [-0.08539225664844799]], "lift_coefficient_wing": {"horizontal_stabilizer": [[0.0], [0.0], [0.0], [0.0], [0.0], [0.0], [0.0], [0.0], [0.0], [0.0], [0.0], [0.0], [0.0], [0.0], [0.0], [0.0]], "main_wing": [[0.0], [0.0], [0.0], [0.0], [0.0], [0.0], [0.0], [0.0], [0.0], [0.0], [0.0], [0.0], [0.0], [0.0], [0.0], [0.0]], "vertical_stabilizer": [[0.0], [0.0], [0.0], [0.0], [0.0], [0.0], [0.0], [0.0], [0.0], [0.0], [0.0], [0.0], [0.0], [0.0], [0.0], [0.0]]}, "roll_angle": [[0.0], [0.0], [0.0], [0.0], [0.0], [0.0], [0.0], [0.0], [0.0], [0.0], [0.0], [0.0], [0.0], [0.0], [0.0], [0.0]], "lift_coefficient": [[0.47517066061620583], [1.14514342093731], [0.22843436876023301], [-0.5599229091157005], [0.18018998021040733], [-0.38827572523515735], [0.007202225001340025], [-0.07863533264880462], [-0.2612615949485001], [0.242668682655123], [0.08235924952550448], [0.16573579343263684], [-0.32172958408072533], [-0.10822836860853094], [0.02983992227574375], [-0.43731813355805493]], "drag_breakdown": {"total": [[0.02944511247677973], [0.07879464705893222], [0.021587227124163503], [0.03351314886228918], [0.020781348331645497], [0.026227124230403537], [0.019426762988440736], [0.01976911709174898], [0.02265962032623936], [0.022285047224376697], [0.019963239879554003], [0.02096009380164385], [0.02447902320208809], [0.02031926641416375], [0.019843953513998397], [0.028547265840587133]], "spoiler_drag": 0.0, "compressible": {"horizontal_stabilizer": {"crest_critical": 0.9394647313812111, "compressibility_drag": [[4.875790250558821e-10], [4.90757383169038e-10], [5.008716159547823e-10], [5.184464103913794e-10], [5.401198554968975e-10], [5.684345739352271e-10], [5.974632651011093e-10], [6.296846467403554e-10], [6.621718834014682e-10], [6.909286024319478e-10], [7.226410479569917e-10], [7.544751749796367e-10], [7.834551779508209e-10], [8.041967960752037e-10], [8.167748687419573e-10], [8.211131721857009e-10]], "divergence_mach": 0.9714722054458921, "wing_sweep": 0.6021385919380436, "thickness_to_chord": 0.13347470511030118}, "total": [[6.913662593969505e-08], [3.374383957455008e-07], [2.7345196632667057e-08], [1.3411386337672722e-09], [2.4084877665747757e-08], [2.3690862241929155e-09], [1.2568827943279218e-08], [9.075795063124506e-09], [4.4080010229788714e-09], [4.0009786506183935e-08], [2.1145732602121712e-08], [3.163953617575309e-08], [4.131587511248343e-09], [1.0184020432823051e-08], [1.8984399233942137e-08], [2.926092137069389e-09]], "main_wing": {"crest_critical": [[0.7474366557301946], [0.6706276362713632], [0.798763868753626], [1.0458849270903101], [0.8102495295197276], [0.9812968731664992], [0.8553315305096618], [0.8799645928905995], [0.9373676416067049], [0.7954656622991031], [0.834996033610708], [0.813782988367968], [0.9578712681439797], [0.8888049567838999], [0.849085262487593], [0.9991382458696235]], "compressibility_drag": [[6.837495180406344e-08], [3.366717565210443e-07], [2.6562757406326184e-08], [5.312448499628904e-10], [2.324112659580394e-08], [1.4811031680809166e-09], [1.1635497564751625e-08], [8.092129883984611e-09], [3.3735857364075163e-09], [3.8930448759897195e-08], [2.0016855092447313e-08], [3.046092881730027e-08], [2.907708888899074e-09], [8.927740182748555e-09], [1.770847008156865e-08], [1.6433858811786953e-09]], "divergence_mach": [[0.7671387957633816], [0.6883051203747294], [0.8198189741929758], [1.0734540476761905], [0.8316073925172631], [1.0071634777289518], [0.8778777375490242], [0.9031601178898916], [0.9620762886819162], [0.8164338282969267], [0.8570062048476033], [0.8352339919687852], [0.9831203828536434], [0.9122335103429166], [0.8714668203271707], [1.0254751420891501]], "wing_sweep": 0.4014257279586958, "thickness_to_chord": 0.11949964151458259}, "vertical_stabilizer": {"crest_critical": 0.9441159452134248, "compressibility_drag": [[2.740951105757179e-10], [2.7588184128747267e-10], [2.8156761038609084e-10], [2.9144737341300235e-10], [3.0363121444692016e-10], [3.195484821767717e-10], [3.358671134264832e-10], [3.5398053239953974e-10], [3.722434031698863e-10], [3.884091438547946e-10], [4.062364617174067e-10], [4.241321834731846e-10], [4.404234443984481e-10], [4.5208345399929296e-10], [4.591542836315315e-10], [4.6159308370499265e-10]], "divergence_mach": 0.9766575792093745, "wing_sweep": 0.6108652381980153, "thickness_to_chord": 0.13428520476376016}}, "miscellaneous": {"total": [[0.0012710160018056212], [0.0012710160018056212], [0.0012710160018056212], [0.0012710160018056212], [0.0012710160018056212], [0.0012710160018056212], [0.0012710160018056212], [0.0012710160018056212], [0.0012710160018056212], [0.0012710160018056212], [0.0012710160018056212], [0.0012710160018056212], [0.0012710160018056212], [0.0012710160018056212], [0.0012710160018056212], [0.0012710160018056212]], "trim_correction_factor": 1.02, "total_wetted_area": 703.2331455285838, "reference_area": 92.0}, "trim_corrected_drag": [[0.02944511247677973], [0.07879464705893222], [0.021587227124163503], [0.03351314886228918], [0.020781348331645497], [0.026227124230403537], [0.019426762988440736], [0.01976911709174898], [0.02265962032623936], [0.022285047224376697], [0.019963239879554003], [0.02096009380164385], [0.02447902320208809], [0.02031926641416375], [0.019843953513998397], [0.028547265840587133]], "parasite": {"vertical_stabilizer": {"wetted_area": 32.704, "skin_friction_coefficient": [[0.002482167865313739], [0.0024832691310723576], [0.002486730603347827], [0.002492595733603941], [0.002499582694947692], [0.0025083331727556463], [0.002516898885846936], [0.00252597092840263], [0.002534696798829912], [0.002542099210825437], [0.0025499419194877477], [0.00255750362045883], [0.0025641372409222524], [0.002568748352273336], [0.0025714917928546994], [0.0025724290571674836]], "compressibility_factor": [[0.9838250985773414], [0.9838109682753747], [0.9837665249840194], [0.9836911188857264], [0.9836011238770908], [0.9834881602365934], [0.9833773091720313], [0.983259612312241], [0.9831461227363655], [0.9830496286223344], [0.982947177697681], [0.982848186432534], [0.9827611744678414], [0.9827005977821419], [0.9826645205301294], [0.9826521889476778]], "reference_area": 16.0, "form_factor": [[1.1944349793235467], [1.1944452448867806], [1.1944775446791664], [1.1945323890344404], [1.194597913311716], [1.1946802674311956], [1.1947611970815333], [1.1948472503783318], [1.1949303504376738], [1.1950011010889032], [1.1950763152300103], [1.1951490834694565], [1.1952131221972735], [1.195257747490144], [1.1952843411962004], [1.195293434033348]], "reynolds_factor": [[0.9932600767863089], [0.9932548588060238], [0.9932384512465225], [0.9932106276442997], [0.9931774452042124], [0.9931358309337043], [0.9930950346334062], [0.9930517615553398], [0.9930100765766658], [0.9929746656216448], [0.9929371001320572], [0.9929008337259271], [0.9928689806416102], [0.9928468183987718], [0.9928336246159171], [0.9928291157365327]], "parasite_drag_coefficient": [[0.0010539177257694007], [0.0010543943803485016], [0.0010558926714446938], [0.0010584316646828752], [0.0010614567615681216], [0.0010652461150741596], [0.001068956234627823], [0.001072886506275099], [0.001076667627488284], [0.0010798758976855406], [0.0010832756338929324], [0.0010865541795952467], [0.0010894308410327714], [0.0010914307233162457], [0.0010926206882542846], [0.001093027244487988]]}, "total": [[0.017536103723123024], [0.017543600720805737], [0.017567164585694746], [0.0176070894892481], [0.01765464797338999], [0.01771420586734056], [0.017772501534946285], [0.017834238168906644], [0.017893614313306282], [0.017943981256636824], [0.017997340500886055], [0.018048784468879704], [0.018093911792899615], [0.018125278883178386], [0.018143940574715745], [0.018150316026599844]], "main_wing": {"wetted_area": 188.048, "skin_friction_coefficient": [[0.002449840340925444], [0.002450921509648549], [0.00245431978901388], [0.0024600777605780387], [0.002466936928412342], [0.0024755271454651945], [0.0024839357536327275], [0.0024928411589774315], [0.002501406512722857], [0.0025086725709855848], [0.002516370632838631], [0.0025237926919648933], [0.0025303036658864972], [0.0025348294451571704], [0.0025375220856086794], [0.0025384419894059957]], "compressibility_factor": [[0.9838250985773414], [0.9838109682753747], [0.9837665249840194], [0.9836911188857264], [0.9836011238770908], [0.9834881602365934], [0.9833773091720313], [0.983259612312241], [0.9831461227363655], [0.9830496286223344], [0.982947177697681], [0.982848186432534], [0.9827611744678414], [0.9827005977821419], [0.9826645205301294], [0.9826521889476778]], "reference_area": 92.0, "form_factor": [[1.2556712285787106], [1.2556891203005813], [1.255745420743248], [1.255841036947571], [1.2559553044363938], [1.2560989705504326], [1.2562402050555872], [1.2563904391849543], [1.2565355743474493], [1.2566591852141888], [1.2567906388934036], [1.2569178614891092], [1.2570298576202137], [1.2571079216580283], [1.2571544503297276], [1.2571703605875248]], "reynolds_factor": [[0.9932600767863088], [0.9932548588060238], [0.9932384512465225], [0.9932106276442997], [0.9931774452042124], [0.9931358309337043], [0.9930950346334062], [0.9930517615553398], [0.9930100765766658], [0.9929746656216448], [0.9929371001320572], [0.9929008337259271], [0.9928689806416102], [0.9928468183987718], [0.9928336246159171], [0.9928291157365327]], "parasite_drag_coefficient": [[0.006287740598774387], [0.006290605149625278], [0.006299609708975551], [0.006314869742287868], [0.006333052992820789], [0.006355832510332457], [0.006378138399238457], [0.006401770796227995], [0.00642450921412352], [0.006443804900924912], [0.006464254357110588], [0.006483977031434672], [0.006501283873032486], [0.006513316734842808], [0.006520476881506096], [0.006522923239674789]]}, "horizontal_stabilizer": {"wetted_area": 53.144, "skin_friction_coefficient": [[0.002573253006571637], [0.0025744114589956475], [0.002578052751472421], [0.002584222820427164], [0.002591573457739858], [0.0026007800336527672], [0.0026097928920197537], [0.002619339241074521], [0.002628522026808457], [0.0026363125965901636], [0.002644567093949675], [0.0026525263576413645], [0.002659509173044199], [0.002664363248891604], [0.002667251335652795], [0.002668238032240349]], "compressibility_factor": [[0.9838250985773414], [0.9838109682753747], [0.9837665249840194], [0.9836911188857264], 