{"numerics": {"tolerance_boundary_conditions": 1e-08, "solver_jacobian": "none", "time": {"integrate": [], "control_points": [], "differentiate": []}, "number_control_points": 16, "tag": "numerics", "tolerance_solution": 1e-08, "converged": null, "discretization_method": null, "dimensionless": {"integrate": [], "control_points": [], "differentiate": []}}, "segments": {"climb_250kcas": {"numerics": {"tolerance_boundary_conditions": 1e-08, "solver_jacobian": "none", "time": {"integrate": [[0.0, 0.0, 0.0, 0.0, 0.0, 0.0, 0.0, 0.0, 0.0, 0.0, 0.0, 0.0, 0.0, 0.0, 0.0, 0.0], [0.0, 2.5242593223277794, -1.5263679703721922, 1.4566568048813087, -1.4345820918624494, 1.4247389395185615, -1.419504609835439, 1.416404022056232, -1.4144321140146876, 1.4131174550528125, -1.412215561323452, 1.4115902433701448, -1.4111618978588096, 1.4108829240512988, -1.4107253266764122, 0.7053371669146108], [0.0, 4.268629017749519, 2.892031478809576, -0.42385727954547797, 0.18889723596816435, -0.10447892242350866, 0.06357023336560189, -0.040506752879258805, 0.026265321444358388, -0.01694837886012115, 0.010637040673507956, -0.0062989372548916366, 0.0033449894461819295, -0.0014288064331471463, 0.00034898193206821216, -3.4058216211816694e-15], [0.0, 4.00257991353506, 6.531029009463003, 5.78541047854809, -2.060124949429848, 1.7027573447679918, -1.5729782579134008, 1.509144876649792, -1.4726618240248526, 1.4499162994413217, -1.4349891163633597, 1.4249471067620894, -1.4182088024103197, 1.4138803072420536, -1.4114556900858082, 0.7053371669146079], [0.0, 4.118702010714193, 5.88744984131927, 11.149176246908738, 5.711471976303736, -0.868729729434637, 0.39400340765321196, -0.21871744208541818, 0.13122148728109853, -0.0806943795424374, 0.049074219186546704, -0.02845170567667891, 0.014896111678991021, -0.006305135483905567, 0.0015321732571500174, -4.9075795236436965e-15], [0.0, 4.05542821762668, 6.188658056636191, 10.153452717107587, 12.541549297209745, 8.161373299808986, -2.429215769535112, 1.866894886572301, -1.65930213664056, 1.555697683811347, -1.496077998972758, 1.459177799947285, -1.4357303811515905, 1.4211907608599912, -1.4132179612476572, 0.7053371669146075], [0.0, 4.0936191559607895, 6.018023693275918, 10.630467036473657, 11.253673170125916, 16.13192935118645, 7.498443058326174, -1.1225165186801986, 0.4946311581614586, -0.2625185375603636, 0.14685163967301354, -0.08087267024306061, 0.04098403770400245, -0.017000941042679983, 0.004085868682322802, -4.505503089287684e-15], [0.0, 4.069325388276654, 6.12302225545058, 10.357671649827854, 11.872494971584535, 14.630626295523493, 16.232599828527572, 9.301682749543376, -2.566594823428068, 1.9048209664798366, -1.6616458040056596, 1.5418341795414827, -1.47512757622013, 1.4369284569686935, -1.4169230681945646, 0.7053371669146082], [0.0, 4.08515093869993, 6.055952575534868, 10.525140431394275, 11.520997670397433, 15.34490498913542, 14.608295015615058, 18.388691575603556, 7.931088336461333, -1.1301581802619034, 0.46330722343547737, -0.22033745547484695, 0.10301553917551723, -0.040815556776243135, 0.00957681605793607, -2.2588820718290586e-15], [0.0, 4.074816335652273, 6.099207639717015, 10.419703151299379, 11.733030186352748, 14.94708187928597, 15.364960185826032, 16.738139927843253, 16.94461327085569, 9.01467292376872, -2.4486701660567123, 1.8091586798130008, -1.5804541812995225, 1.4748573392276467, -1.4253912854554323, 0.7053371669146113], [0.0, 4.081445831753024, 6.071690271643572, 10.485743236325735, 11.603654049991627, 15.179337184102518, 14.957418298283555, 17.48139888881605, 15.365876199432414, 17.53165741780077, 6.932560219149953, -0.8893917811000561, 0.30723447189576814, -0.10645135796184836, 0.023473986707900886, 7.728700577577645e-16], [0.0, 4.077370031077443, 6.0885118341582425, 10.445791077324378, 11.680609221786364, 15.044859299772432, 15.183136027808123, 17.10154959872361, 16.040814194260903, 16.119112574441658, 14.551988914564335, 7.351359873635179, -2.0991633917346126, 1.6054311911842907, -1.45047414020884, 0.7053371669146109], [0.0, 4.079683560591167, 6.079000725261504, 10.468221657584444, 11.637884743176812, 15.118248301493104, 15.063199682653572, 17.294758576200326, 15.723626209354908, 16.675419906179044, 13.391176174190921, 13.712282465539534, 4.675276710455278, -0.4488223107886806, 0.07632229079952876, -5.1400688039654296e-15], [0.0, 4.078553222402511, 6.083635505107474, 10.457342199557155, 11.658456453364563, 15.083296478285439, 15.119390027125776, 17.20650576456032, 15.862603505054729, 16.449545748729253, 13.787738107553187, 12.873934613970732, 9.47387013471961, 4.600849553693963, -1.6004011472441608, 0.7053371669146066], [0.0, 4.078953197181761, 6.08199810845226, 10.46117475303291, 11.651241606568762, 15.095474746453172, 15.099998527042073, 17.236528866190135, 15.816367063948462, 16.52194625810107, 13.669194579440344, 13.086739607972122, 9.004030384122057, 7.608574669046502, 1.5546428820068046, -5.441172768516898e-15], [0.0, 4.078902204334573, 6.0822066986743355, 10.460687189003327, 11.652157516109682, 15.093933518958943, 15.102441648265671, 17.23277108600467, 15.822096752175474, 16.513115982094856, 13.683259185129684, 13.062831849938897, 9.050012855174144, 7.492881032503533, 2.6682278705053584, 0.7053371669146056]], "control_points": [[0.0], [1.733997306229251], [6.860205221992569], [15.15458386309636], [26.254629082079852], [39.67521563894695], [54.82979950204332], [71.05605263679013], [87.6448099189977], [103.87106305374452], [119.02564691684086], [132.44623347370796], [143.5462786926915], [151.84065733379526], [156.9668652495586], [158.70086255578784]], "differentiate": [[-0.9472748346310176, 1.1534043293003713, -0.2915364679745096, 0.13197327079830243, -0.0761770426749279, 0.05040930383845756, -0.036476514927351995, 0.028146792930127895, -0.022819377460552678, 0.019254640717070247, -0.016803101279485852, 0.015100467167282808, -0.013932788911105559, 0.013171702725201906, -0.012741542597670144, 0.006301162979807194], [-0.2883510823250928, 0.14258284833783821, 0.19507597359150328, -0.07451239152347744, 0.04078198347992242, -0.026356560066962163, 0.018833880620393702, -0.014425423412960268, 0.011639978363461267, -0.009790764916548695, 0.008525756124326246, -0.007650393179095507, 0.007051575436367408, -0.006661929589375695, 0.0064419347091175866, -0.003185385649417536], [0.0728841169936274, -0.19507597359150328, 0.03479559565616318, 0.12056358206802613, -0.051561211986190944, 0.030473858983854976, -0.020846538625319846, 0.015577331560693651, -0.01237859619107689, 0.010308124496067462, -0.008915401971317958, 0.007962669207084674, -0.007316034286509575, 0.006897481594476218, -0.006661929589375695, 0.0032929256813004773], [-0.03299331769957561, 0.07451239152347744, -0.12056358206802613, 0.014755060235899703, 0.0900897230841711, -0.04078198347992244, 0.025204651919228774, -0.0178886176327192, 0.013794963188952439, -0.011271863008123216, 0.009627320358535123, -0.008525756124326248, 0.0077886657803468255, -0.007316034286509575, 0.007051575436367408, -0.0034831972277763897], [0.019044260668731976, -0.04078198347992242, 0.051561211986190944, -0.0900897230841711, 0.007634571938455589, 0.07451239152347748, -0.034995416835777476, 0.02232071931327868, -0.01628924994791082, 0.012883869418235173, -0.010779228506268508, 0.009416940310196855, -0.008525756124326244, 0.007962669207084673, -0.007650393179095504, 0.003775116791820701], [-0.01260232595961439, 0.026356560066962163, -0.030473858983854976, 0.04078198347992244, -0.07451239152347748, 0.004200775319871509, 0.06598663539915117, -0.031866581508604455, 0.020846538625319846, -0.015577331560693651, 0.01260232595961439, -0.01077922850626851, 0.009627320358535123, -0.008915401971317955, 0.008525756124326244, -0.004200775319871462], [0.009119128731837999, -0.018833880620393702, 0.020846538625319846, -0.025204651919228774, 0.034995416835777476, -0.06598663539915117, 0.00215273427628522, 0.061628522105242244, -0.030473858983854976, 0.02039099173996121, -0.015577331560693656, 0.01288386941823518, -0.011271863008123216, 0.010308124496067458, -0.009790764916548695, 0.004813660179267562], [-0.007036698232531974, 0.014425423412960268, -0.015577331560693651, 0.0178886176327192, -0.02232071931327868, 0.031866581508604455, -0.061628522105242244, 0.0006659269336968155, 0.0602817910340131, -0.030473858983854973, 0.020846538625319856, -0.01628924994791083, 0.013794963188952439, -0.012378596191076886, 0.011639978363461267, -0.005704844365138169], [0.005704844365138169, -0.011639978363461267, 0.01237859619107689, -0.013794963188952439, 0.01628924994791082, -0.020846538625319846, 0.030473858983854976, -0.0602817910340131, -0.0006659269336967986, 0.061628522105242216, -0.031866581508604476, 0.022320719313278694, -0.017888617632719195, 0.015577331560693648, -0.014425423412960265, 0.007036698232531973], [-0.004813660179267562, 0.009790764916548695, -0.010308124496067462, 0.011271863008123216, -0.012883869418235173, 0.015577331560693651, -0.02039099173996121, 0.030473858983854973, -0.061628522105242216, -0.0021527342762853317, 0.0659866353991513, -0.03499541683577751, 0.025204651919228774, -0.020846538625319846, 0.018833880620393702, -0.009119128731837999], [0.004200775319871463, -0.008525756124326246, 0.008915401971317958, -0.009627320358535123, 0.010779228506268508, -0.01260232595961439, 0.015577331560693656, -0.020846538625319856, 0.031866581508604476, -0.0659866353991513, -0.004200775319871481, 0.07451239152347754, -0.040781983479922394, 0.03047385898385495, -0.026356560066962145, 0.012602325959614382], [-0.003775116791820702, 0.007650393179095507, -0.007962669207084674, 0.008525756124326248, -0.009416940310196855, 0.01077922850626851, -0.01288386941823518, 0.01628924994791083, -0.022320719313278694, 0.03499541683577751, -0.07451239152347754, -0.007634571938455354, 0.09008972308417082, -0.05156121198619083, 0.04078198347992237, -0.019044260668731952], [0.0034831972277763897, -0.007051575436367408, 0.007316034286509575, -0.0077886657803468255, 0.008525756124326244, -0.009627320358535123, 0.011271863008123216, -0.013794963188952439, 0.017888617632719195, -0.025204651919228774, 0.040781983479922394, -0.09008972308417082, -0.014755060235899804, 0.120563582068026, -0.07451239152347744, 0.03299331769957561], [-0.0032929256813004765, 0.006661929589375695, -0.006897481594476218, 0.007316034286509575, -0.007962669207084673, 0.008915401971317955, -0.010308124496067458, 0.012378596191076886, -0.015577331560693648, 0.020846538625319846, -0.03047385898385495, 0.05156121198619083, -0.120563582068026, -0.034795595656163476, 0.1950759735915036, -0.07288411699362748], [0.003185385649417536, -0.0064419347091175866, 0.006661929589375695, -0.007051575436367408, 0.007650393179095504, -0.008525756124326244, 0.009790764916548695, -0.011639978363461267, 0.014425423412960265, -0.018833880620393702, 0.026356560066962145, -0.04078198347992237, 0.07451239152347744, -0.1950759735915036, -0.14258284833783794, 0.2883510823250928], [-0.006301162979807194, 0.012741542597670144, -0.01317170272520191, 0.013932788911105559, -0.015100467167282803, 0.01680310127948585, -0.019254640717070247, 0.022819377460552678, -0.02814679293012789, 0.036476514927351995, -0.05040930383845753, 0.07617704267492781, -0.13197327079830243, 0.29153646797450994, -1.1534043293003713, 0.9472748346310172]]}, "number_control_points": 16, "tag": "numerics", "tolerance_solution": 1e-08, "converged": null, "discretization_method": null, "dimensionless": {"integrate": [[0.0, 0.0, 0.0, 0.0, 0.0, 0.0, 0.0, 0.0, 0.0, 0.0, 0.0, 0.0, 0.0, 0.0, 0.0, 0.0], [0.0, 0.015905769393285, -0.009617893348472701, 0.009178631933202333, -0.00903953556873803, 0.00897751226158412, -0.008944529897160722, 0.008924992588230742, -0.008912567274279777, 0.008904283393898139, -0.00889860041451897, 0.008894660184180983, -0.008891961109302392, 0.00889020324987417, -0.008889210203129818, 0.004444444444444433], [0.0, 0.026897327141174012, 0.01822316169071195, -0.002670793798593755, 0.001190272270270501, -0.0006583387181451605, 0.0004005664011010347, -0.00025523965167498404, 0.00016550207113792708, -0.00010679449744114224, 6.702572690661172e-05, -3.969063024265153e-05, 2.1077323666127342e-05, -9.00314220185716e-06, 2.1989920309698075e-06, -2.1460637115216855e-17], [0.0, 0.025220908374887, 0.04115307821447512, 0.03645481433041584, -0.012981183065124528, 0.010729351544446864, -0.009911592366805534, 0.009509367827911362, -0.009279482167320737, 0.009136158909858699, -0.00904210029645504, 0.008978823957312646, -0.008936364803384602, 0.00890909024987205, -0.00889381234200691, 0.004444444444444415], [0.0, 0.025952612634769726, 0.03709778098559272, 0.07025277662236705, 0.03598891577729133, -0.005474007610571455, 0.0024826796862223014, -0.001378174249106761, 0.0008268479778108986, -0.0005084684370513175, 0.000309224653201212, -0.00017927883452225935, 9.386282745473181e-05, -3.972968629385448e-05, 9.654473406604297e-06, -3.092345841484348e-17], [0.0, 0.025553914152174707, 0.0389957430411615, 0.06397856037826109, 0.07902634614100497, 0.051426143301143264, -0.015306884476958493, 0.011763608946460733, -0.010455533195714475, 0.009802704653003856, -0.009427031302031168, 0.00919451713398434, -0.009046771126696874, 0.008955154609574995, -0.008904916699812335, 0.004444444444444412], [0.0, 0.025794561478969698, 0.03792054810767278, 0.0669843053482885, 0.07091122876644688, 0.10164991602056114, 0.04724891180531712, -0.007073159531729718, 0.00311675154246614, -0.0016541720903884875, 0.0009253361154315784, -0.0005095918758137284, 0.00025824710114348245, -0.00010712570032001982, 2.5745724481406038e-05, -2.83899092716265e-17], [0.0, 0.025641482489398383, 0.03858216116058075, 0.06526537715689378, 0.07481052579289553, 0.0921899607847463, 0.10228425710554255, 0.058611418991333916, -0.016172532285549726, 0.012002587357143307, -0.010470301025752422, 0.00971534845312819, -0.009295019273770997, 0.009054320397682607, -0.008928263182542414, 0.004444444444444417], [0.0, 0.025741201861860605, 0.03815954417642834, 0.06632062524357353, 0.07259568401115322, 0.09669074724619882, 0.09204924775049556, 0.11587014260328554, 0.049975080215290776, -0.007121310886792571, 0.00291937432458889, -0.0013883822175030215, 0.0006491177017976469, -0.0002571854753586819, 6.034507880868983e-05, -1.423358408675944e-17], [0.0, 0.025676081843725707, 0.03843210138554207, 0.065656247757548, 0.07393173545120624, 0.09418399899390369, 0.09681711830913846, 0.10546974766415856, 0.10677076984946555, 0.056802923302321735, -0.01542946980011489, 0.011399803697834537, -0.009958699378486039, 0.009293316466438188, -0.008981622799651558, 0.004444444444444437], [0.0, 0.025717855379130537, 0.03825870996453596, 0.0660723770964994, 0.07311651533029706, 0.09564747752247757, 0.09424913045463505, 0.11015314351345029, 0.09682289026016398, 0.1104698306957084, 0.04368319180819173, -0.005604202565612457, 0.001935934480430228, -0.0006707673559394027, 0.0001479134160323112, 4.8699801961446735e-18], [0.0, 0.025692173094800493, 0.038364705371515914, 0.06582063203123667, 0.07360142240991475, 0.09480011045613403, 0.0956714146558014, 0.10775965122881379, 0.10107578456684257, 0.10156915542141641, 0.09169445383101746, 0.04632211668699008, -0.013227170652564648, 0.010116083588518218, -0.009139673955451611, 0.004444444444444434], [0.0, 0.025706751021325063, 0.03830477432423887, 0.065961970773187, 0.07333220850696869, 0.09526254651690133, 0.09491567619778016, 0.10897709248505646, 0.09907713137871327, 0.10507453858555535, 0.08437998356488796, 0.08640332664051703, 0.029459680528275554, -0.0028281025292531533, 0.0004809191933200698, -3.2388411261208805e-17], [0.0, 0.02569962857617604, 0.038333978827423856, 0.06589341753502508, 0.07346183420563505, 0.09504230938242843, 0.09526974071619103, 0.10842099713548656, 0.09995284996941069, 0.10365126870653758, 0.08687878493859104, 0.0811207601940108, 0.0596963997683962, 0.028990702883398847, -0.010084388461855867, 0.004444444444444406], [0.0, 0.025702148882447904, 0.03832366132423676, 0.06591756707910464, 0.07341637228010038, 0.09511904663496512, 0.09514755171374067, 0.10861017759201534, 0.09966150661839385, 0.10410747611591045, 0.08613182284775066, 0.08246167914413044, 0.05673586292548906, 0.04794286903369459, 0.00979605817492204, -3.428571641571369e-17], [0.0, 0.025701827568206968, 0.03832497568522205, 0.06591449485869114, 0.07342214357539248, 0.09510933510933502, 0.09516294621874999, 0.10858649920662446, 0.09969761031773573, 0.10405183510763863, 0.08622044622044592, 0.0823110324642813, 0.057025605969802516, 0.04721386457411077, 0.016812938679318146, 0.0044444444444444]], "control_points": [[0.0], [0.010926199633097156], [0.04322727117869957], [0.09549150281252627], [0.16543469682057088], [0.24999999999999994], [0.3454915028125263], [0.4477357683661733], [0.5522642316338267], [0.6545084971874737], [0.7499999999999999], [0.8345653031794289], [0.9045084971874737], [0.9567727288213005], [0.9890738003669028], [1.0]], "differentiate": [[-150.33333333333377, 183.04626193554887, -46.26708893402249, 20.944271909999163, -12.089362379460118, 8.000000000000002, -5.788854381999832, 4.466920316190448, -3.6214548859758136, 3.0557280900008412, -2.666666666666667, 2.396457164443136, -2.211145618000168, 2.0903605838179637, -2.0220938005415654, 1.0], [-45.76156548388722, 22.628021016876005, 30.958725272881658, -11.825180805870444, 6.472135954999579, -4.182808816630328, 2.9889530997292173, -2.2893271383692513, 1.8472746064120107, -1.5538028373372241, 1.353044850870866, -1.2141239964133728, 1.1190911041287137, -1.0572539721198484, 1.0223405948650293, -0.5055234501353914], [11.566772233505622, -30.958725272881658, 5.522091043775521, 19.133544467011262, -8.18280881663033, 4.836227706141229, -3.3083636611408074, 2.472135954999579, -1.9644938927536926, 1.6359082488583518, -1.4148819828797312, 1.263682471410749, -1.1610609517567874, 1.0946362785060466, -1.0572539721198484, 0.522590145954491], [-5.236067977499791, 11.825180805870444, -19.133544467011262, 2.341640786499889, 14.297316760870023, -6.472135954999581, 4.0, -2.8389390482432124, 2.1892725570120937, -1.7888543819998317, 1.5278640450004208, -1.3530448508708661, 1.2360679774997896, -1.1610609517567874, 1.1190911041287137, -0.552786404500042], [3.0223405948650295, -6.472135954999579, 8.18280881663033, -14.297316760870023, 1.2116131518771152, 11.82518080587045, -5.553802837337225, 3.5423174078829587, -2.5851180171202697, 2.0446811897300585, -1.7106728616307487, 1.494476549864609, -1.3530448508708657, 1.2636824714107486, -1.2141239964133723, 0.5991142911107837], [-2.0000000000000004, 4.182808816630328, -4.836227706141229, 6.472135954999581, -11.82518080587045, 0.6666666666666741, 10.472135954999574, -5.057253972119846, 3.3083636611408074, -2.472135954999579, 2.0000000000000004, -1.710672861630749, 1.5278640450004206, -1.4148819828797308, 1.3530448508708657, -0.6666666666666666], [1.447213595499958, -2.9889530997292173, 3.3083636611408074, -4.0, 5.553802837337225, -10.472135954999574, 0.34164078649987406, 9.780499616140382, -4.836227706141229, 3.2360679774997894, -2.47213595499958, 2.0446811897300594, -1.7888543819998317, 1.6359082488583514, -1.5538028373372241, 0.7639320225002103], [-1.116730079047612, 2.2893271383692513, -2.472135954999579, 2.8389390482432124, -3.5423174078829587, 5.057253972119846, -9.780499616140382, 0.10568317877681555, 9.566772233505636, -4.836227706141228, 3.3083636611408087, -2.5851180171202706, 2.1892725570120937, -1.9644938927536917, 1.8472746064120107, -0.9053637214939534], [0.9053637214939534, -1.8472746064120107, 1.9644938927536926, -2.1892725570120937, 2.5851180171202697, -3.3083636611408074, 4.836227706141229, -9.566772233505636, -0.10568317877681288, 9.780499616140377, -5.057253972119849, 3.542317407882961, -2.838939048243212, 2.4721359549995787, -2.289327138369251, 1.1167300790476118], [-0.7639320225002103, 1.5538028373372241, -1.6359082488583518, 1.7888543819998317, -2.0446811897300585, 2.472135954999579, -3.2360679774997894, 4.836227706141228, -9.780499616140377, -0.3416407864998918, 10.472135954999594, -5.553802837337231, 4.0, -3.308363661140807, 2.9889530997292173, -1.447213595499958], [0.6666666666666667, -1.353044850870866, 1.4148819828797312, -1.5278640450004208, 1.7106728616307487, -2.0000000000000004, 2.47213595499958, -3.3083636611408087, 5.057253972119849, -10.472135954999594, -0.6666666666666696, 11.82518080587046, -6.472135954999574, 4.836227706141225, -4.182808816630326, 1.9999999999999991], [-0.599114291110784, 1.2141239964133728, -1.263682471410749, 1.3530448508708661, -1.494476549864609, 1.710672861630749, -2.0446811897300594, 2.5851180171202706, -3.542317407882961, 5.553802837337231, -11.82518080587046, -1.2116131518770779, 14.297316760869979, -8.182808816630311, 6.47213595499957, -3.0223405948650255], [0.552786404500042, -1.1190911041287137, 1.1610609517567874, -1.2360679774997896, 1.3530448508708657, -1.5278640450004206, 1.7888543819998317, -2.1892725570120937, 2.838939048243212, -4.0, 6.472135954999574, -14.297316760869979, -2.341640786499905, 19.13354446701124, -11.825180805870444, 5.236067977499791], [-0.5225901459544909, 1.0572539721198484, -1.0946362785060466, 1.1610609517567874, -1.2636824714107486, 1.4148819828797308, -1.6359082488583514, 1.9644938927536917, -2.4721359549995787, 3.308363661140807, -4.836227706141225, 8.182808816630311, -19.13354446701124, -5.522091043775568, 30.95872527288171, -11.566772233505636], [0.5055234501353914, -1.0223405948650293, 1.0572539721198484, -1.1190911041287137, 1.2141239964133723, -1.3530448508708657, 1.5538028373372241, -1.8472746064120107, 2.289327138369251, -2.9889530997292173, 4.182808816630326, -6.47213595499957, 11.825180805870444, -30.95872527288171, -22.628021016875962, 45.76156548388722], [-1.0, 2.0220938005415654, -2.090360583817964, 2.211145618000168, -2.396457164443135, 2.6666666666666665, -3.0557280900008412, 3.6214548859758136, -4.466920316190447, 5.788854381999832, -7.9999999999999964, 12.089362379460102, -20.944271909999163, 46.267088934022546, -183.04626193554887, 150.3333333333337]]}}, "unknowns": {"tag": "unknowns", "wind_angle": [[0.04614283878239375], [0.046426636664972994], [0.04726565546062211], [0.04862294266479297], [0.0504380107386469], [0.05262892639265949], [0.055095921739302355], [0.05772639262415878], [0.060401041423109064], [0.06300028765290175], [0.06541071211417457], [0.06753006620889421], [0.06927119928017833], [0.07056493108520635], [0.07136123228699431], [0.0716300239244715]], "body_angle": [[0.22953591400967321], [0.2289687827402408], [0.22731731884795173], [0.22472409197659324], [0.22140367761303895], [0.2176121418225652], [0.21361287064840492], [0.20964620252684935], [0.20590865618950852], [0.2025434003086127], [0.19964246677585928], [0.19725706588056718], [0.19540685928957735], [0.19409334321403354], [0.19330996953996016], [0.19304979264647057]]}, "conditions": {"freestream": {"stagnation_temperature": [[296.4017174877929], [296.13810397753593], [295.36585046426234], [294.13835980241447], [292.5372860509732], [290.66311432306], [288.6247397750944], [286.5298444532667], [284.4774014981502], [282.5528998868275], [280.8262306283652], [279.3516716300776], [278.169293661235], [277.3070717090098], [276.7830806727598], [276.6073496827626]], "reynolds_number": [[8804646.673886064], [8776643.110035738], [8694981.020774864], [8566322.919341141], [8400602.941744782], [8209602.046733708], [8005485.497392744], [7799593.204176399], [7601646.565171437], [7419392.372578263], [7258604.950367788], [7123318.973399806], [7016175.728833237], [6938788.55054809], [6892063.9059762005], [6876445.3621988]], "temperature": [[288.15], [287.8862543668595], [287.11361739815135], [285.88552829419643], [284.2836944206556], [282.40866243380776], [280.3693885470446], [278.2736085225739], [276.2203378709965], [274.2950954492461], [272.5677907215945], [271.09271097374557], [269.9099300846282], [269.0474225501648], [268.52326135988716], [268.34747388158985]], "mach_number": [[0.3779411764405531], [0.37811426131937836], [0.3786226816080826], [0.37943504189388466], [0.3805025286115725], [0.38176359845421676], [0.3831494666103681], [0.3845895793714974], [0.38601634693741993], [0.38736867797188523], [0.3885941474942999], [0.3896499297208501], [0.3905027451297034], [0.3911281777251366], [0.39150973547179263], [0.39163794842058913]], "density": [[1.2250000002007604], [1.2202351974565453], [1.2063583870247714], [1.1845503353451872], [1.1565601733476931], [1.124442115623608], [1.0902900914518967], [1.0560244249558326], [1.0232588026215168], [0.9932482004793631], [0.966900413447457], [0.9448262312632824], [0.9274064681078817], [0.9148593555336018], [0.9072979567131827], [0.9047728342446282]], "speed_of_sound": [[340.4113440136162], [340.25629758117634], [339.80165589704427], [339.0776685746382], [338.130854930107], [337.0189434904748], [335.805168212826], [334.55286303662274], [333.321095003984], [332.1617143602368], [331.11785825878144], [330.22365405069723], [329.5047834297345], [328.9795184509739], [328.65987098949546], [328.552597335717]], "altitude": [[0.0], [40.57650968005056], [159.4474676106666], [348.39931367042203], [594.8717820434629], [883.4051787921195], [1197.2420907791854], [1519.807307502036], [1835.8615029962082], [2132.237152362951], [2398.165341196337], [2625.279657586926], [2807.4011476050487], [2940.2143512131433], [3020.9300044626816], [3048.0]], "dynamic_pressure": [[10131.250966166543], [10091.844098902864], [9977.0772017019], [9796.715695895544], [9565.22560958224], [9299.596137504523], [9017.144931113105], [8733.753856225188], [8462.768759998915], [8214.568807429036], [7996.661833731401], [7814.099319817845], [7670.030754699788], [7566.261002561062], [7503.725142077479], [7482.841346612141]], "gravity": [[9.80665], [9.80665], [9.80665], [9.80665], [9.80665], [9.80665], [9.80665], [9.80665], [9.80665], [9.80665], [9.80665], [9.80665], [9.80665], [9.80665], [9.80665], [9.80665]], "pressure": [[101325.0], [100838.50002865493], [99424.18475773014], [97209.24976969633], [94380.45865564367], [91154.26995531215], [87747.46111732023], [84354.42757916139], [81134.02868096999], [78205.57776864943], [75651.61081744597], [73524.43273195003], [71853.98896515112], [70655.3527945908], [69934.86579923936], [69694.57330560466]], "specific_heat_at_constant_pressure": [[1004.7652106172491], [1004.7615206513595], [1004.7512490651462], [1004.736577806423], [1004.7205073379342], [1004.7061275022845], [1004.6959465350291], [1004.6914478493693], [1004.6929423847855], [1004.6996844644053], [1004.7101589184049], [1004.7224352151047], [1004.7345060156695], [1004.7445626253742], [1004.751192395502], [1004.7535036784124]], "gas_specific_constant": 287.0528742, "velocity": [[128.61111111111111], [128.61111111111111], [128.61111111111111], [128.61111111111111], [128.61111111111111], [128.61111111111111], [128.61111111111111], [128.61111111111111], [128.6111111111111], [128.61111111111111], [128.61111111111111], [128.6111111111111], [128.61111111111111], [128.61111111111111], [128.61111111111111], [128.61111111111111]], "dynamic_viscosity": [[1.789380278077583e-05], [1.7881073958940243e-05], [1.7843752871083e-05], [1.7784332464494714e-05], [1.770664439119555e-05], [1.7615439706729496e-05], [1.7515917072204035e-05], [1.741327670542061e-05], [1.731236126687908e-05], [1.72174146153658e-05], [1.7131960942573302e-05], [1.7058782831916032e-05], [1.6999969915921824e-05], [1.6957005876231465e-05], [1.6930864239453872e-05], [1.692209177651962e-05]], "isentropic_expansion_factor": [[1.4009657721330457], [1.400972192221238], [1.4009908250094552], [1.4010199043861886], [1.401056840084124], [1.401098641610709], [1.401142342098022], [1.4011853313882996], [1.401225550645806], [1.4012615479549229], [1.4012924265440798], [1.401317730700492], [1.4013373093202541], [1.401351186274088], [1.4013594543638752], [1.4013621992318264]], "stagnation_pressure": [[111830.45642114663], [111303.48182443238], [109771.28160384217], [107371.05954734316], [104304.41027034888], [100805.21949547122], [97108.041372405], [93423.5886628538], [89924.44735251255], [86740.62023608842], [83962.38827312087], [81647.27837372782], [79828.5009123794], [78523.0073517358], [77738.11739219095], [77476.31651049765]]}, "energies": {"propulsion_power": [[0.0], [0.0], [0.0], [0.0], [0.0], [0.0], [0.0], [0.0], [0.0], [0.0], [0.0], [0.0], [0.0], [0.0], [0.0], [0.0]], "total_efficiency": [[0.0], [0.0], [0.0], [0.0], [0.0], [0.0], [0.0], [0.0], [0.0], [0.0], [0.0], [0.0], [0.0], [0.0], [0.0], [0.0]], "gravity_energy": [[0.0], [0.0], [0.0], [0.0], [0.0], [0.0], [0.0], [0.0], [0.0], [0.0], [0.0], [0.0], [0.0], [0.0], [0.0], [0.0]], "total_energy": [[0.0], [0.0], [0.0], [0.0], [0.0], [0.0], [0.0], [0.0], [0.0], [0.0], [0.0], [0.0], [0.0], [0.0], [0.0], [0.0]]}, "aerodynamics": {"drag_coefficient": [[0.03177191069949752], [0.03188195280428529], [0.0322096330526584], [0.032747188434660214], [0.03348051963087638], [0.03438786365575875], [0.035438711197334084], [0.03659341929856253], [0.037803940002194884], [0.039015708152637156], [0.04017075626627553], [0.04121132307082122], [0.04208375670759903], [0.04274229913892228], [0.043152007960839775], [0.04329105770389708]], "angle_of_attack": [[0.04614283878239378], [0.046426636664972994], [0.04726565546062208], [0.04862294266479298], [0.050438010738646906], [0.05262892639265947], [0.05509592173930238], [0.05772639262415878], [0.060401041423109036], [0.06300028765290176], [0.06541071211417454], [0.06753006620889417], [0.06927119928017832], [0.07056493108520635], [0.0713612322869943], [0.07163002392447149]], "lift_coefficient_wing": {"horizontal_stabilizer": [[0.0], [0.0], [0.0], [0.0], [0.0], [0.0], [0.0], [0.0], [0.0], [0.0], [0.0], [0.0], [0.0], [0.0], [0.0], [0.0]], "main_wing": [[0.0], [0.0], [0.0], [0.0], [0.0], [0.0], [0.0], [0.0], [0.0], [0.0], [0.0], [0.0], [0.0], [0.0], [0.0], [0.0]], "vertical_stabilizer": [[0.0], [0.0], [0.0], [0.0], [0.0], [0.0], [0.0], [0.0], [0.0], [0.0], [0.0], [0.0], [0.0], [0.0], [0.0], [0.0]]}, "roll_angle": [[0.0], [0.0], [0.0], [0.0], [0.0], [0.0], [0.0], [0.0], [0.0], [0.0], [0.0], [0.0], [0.0], [0.0], [0.0], [0.0]], "lift_coefficient": [[0.52629152157138], [0.5284051069159637], [0.5346549398027126], [0.5447692516099049], [0.5583023564088209], [0.5746490175298612], [0.5930700272352301], [0.6127283131582075], [0.6327339978623427], [0.6521920499750892], [0.6702507147450041], [0.6861397620252249], [0.6992008833299763], [0.7089102279352711], [0.7148882550592529], [0.7169064551677499]], "drag_breakdown": {"total": [[0.03177191069949752], [0.03188195280428529], [0.0322096330526584], [0.032747188434660214], [0.03348051963087638], [0.03438786365575875], [0.035438711197334084], [0.03659341929856253], [0.037803940002194884], [0.039015708152637156], [0.04017075626627553], [0.04121132307082122], [0.04208375670759903], [0.04274229913892228], [0.043152007960839775], [0.04329105770389708]], "spoiler_drag": 0.0, "compressible": {"horizontal_stabilizer": {"crest_critical": 0.9394647313812111, "compressibility_drag": [[4.87579025055884e-10], [4.908585257016085e-10], [5.006109839236636e-10], [5.165690218861094e-10], [5.382598622572392e-10], [5.649768468148358e-10], [5.957599906797934e-10], [6.293985385803155e-10], [6.644635304894677e-10], [6.993715681398165e-10], [7.324733439693681e-10], [7.621562209482647e-10], [7.869469682975342e-10], [8.056031539205778e-10], [8.171862579724673e-10], [8.211131721857009e-10]], "divergence_mach": 0.9714722054458921, "wing_sweep": 0.6021385919380436, "thickness_to_chord": 0.13347470511030118}, "total": [[8.254092991678663e-08], [8.369279101449377e-08], [8.717363741469443e-08], [9.304933206735028e-08], [1.0139720838733605e-07], [1.1225803903562942e-07], [1.255731605896273e-07], [1.4111560380992408e-07], [1.584308584549014e-07], [1.7680545319030403e-07], [1.9528147033730228e-07], [2.12721124779594e-07], [2.2791700499596493e-07], [2.397300945735743e-07], [2.472269908083088e-07], [2.497968356520128e-07]], "main_wing": {"crest_critical": [[0.7383533131816986], [0.7379892248419136], [0.736917946759769], [0.7352011216250888], [0.7329365819809666], [0.7302509944063759], [0.7272898521122564], [0.7242060726774339], [0.7211486266054692], [0.7182530946360485], [0.7156348170030893], [0.7133860515021676], [0.7115760373024375], [0.7102530340667029], [0.709448015954403], [0.7091778832741599]], "compressibility_drag": [[8.177925578115502e-08], [8.292599378969862e-08], [8.639160533605028e-08], [9.224237105586281e-08], [1.0055636291560358e-07], [1.1137545748610472e-07], [1.246424909901856e-07], [1.4013238557614953e-07], [1.573928632597917e-07], [1.7571292622077911e-07], [1.9413723325475528e-07], [2.1153051843482666e-07], [2.266876716549804e-07], [2.3847161737420294e-07], [2.459504190020875e-07], [2.485141293961221e-07]], "divergence_mach": [[0.757816019832153], [0.7574423342650981], [0.7563428177086599], [0.7545807377300319], [0.7522565057001575], [0.7495001270798503], [0.7464609302245988], [0.7432958635612326], [0.7401578243979444], [0.7371859673300759], [0.7344986729153268], [0.7321906308289429], [0.7303329053576934], [0.7289750282703554], [0.7281487901931847], [0.7278715369203764]], "wing_sweep": 0.4014257279586958, "thickness_to_chord": 0.11949964151458259}, "vertical_stabilizer": {"crest_critical": 0.9441159452134248, "compressibility_drag": [[2.7409511057571905e-10], [2.75938699093539e-10], [2.814210947204895e-10], [2.9039198960134913e-10], [3.0258560947522243e-10], [3.1760470270985213e-10], [3.349096087618845e-10], [3.53819695194219e-10], [3.7353166462025087e-10], [3.9315540138509015e-10], [4.117637385776382e-10], [4.2845012381909436e-10], [4.423863726870066e-10], [4.52874045450787e-10], [4.5938554824881737e-10], [4.6159308370499265e-10]], "divergence_mach": 0.9766575792093745, "wing_sweep": 0.6108652381980153, "thickness_to_chord": 0.13428520476376016}}, "miscellaneous": {"total": [[0.0012710160018056212], [0.0012710160018056212], [0.0012710160018056212], [0.0012710160018056212], [0.0012710160018056212], [0.0012710160018056212], [0.0012710160018056212], [0.0012710160018056212], [0.0012710160018056212], [0.0012710160018056212], [0.0012710160018056212], [0.0012710160018056212], [0.0012710160018056212], [0.0012710160018056212], [0.0012710160018056212], [0.0012710160018056212]], "trim_correction_factor": 1.02, "total_wetted_area": 703.2331455285838, "reference_area": 92.0}, "trim_corrected_drag": [[0.03177191069949752], [0.03188195280428529], [0.0322096330526584], [0.032747188434660214], [0.03348051963087638], [0.03438786365575875], [0.035438711197334084], [0.03659341929856253], [0.037803940002194884], [0.039015708152637156], [0.04017075626627553], [0.04121132307082122], [0.04208375670759903], [0.04274229913892228], [0.043152007960839775], [0.04329105770389708]], "parasite": {"vertical_stabilizer": {"wetted_area": 32.704, "skin_friction_coefficient": [[0.002482167865313739], [0.0024833040683735564], [0.0024866422128373557], [0.002491977974058759], [0.0024989932603576904], [0.0025072862857142874], [0.0025164069381314377], [0.0025258922644766837], [0.0025352974024521117], [0.002544218936286992], [0.002552309485993095], [0.0025592842847197506], [0.0025649212816737984], [0.0025690570423195142], [0.0025715808665942507], [0.0025724290571674836]], "compressibility_factor": [[0.9838250985773414], [0.9838105199225224], [0.9837676604189232], [0.983699067215498], [0.983608723000044], [0.9835016897859397], [0.9833836828791621], [0.9832606341589754], [0.983138301007444], [0.9830219602378302], [0.9829162058319972], [0.9828248454058293], [0.9827508798488035], [0.9826965397484879], [0.9826633487233372], [0.9826521889476778]], "reference_area": 16.0, "form_factor": [[1.1944349793235467], [1.1944455706421893], [1.194476719257861], [1.1945266055680983], [1.1945923775717262], [1.1946703976889204], [1.194756540684775], [1.1948465027037203], [1.1949360821653625], [1.1950214040359044], [1.1950990726336976], [1.1951662548823534], [1.1952207035287867], [1.1952607381818388], [1.1952852051796905], [1.195293434033348]], "reynolds_factor": [[0.9932600767863089], [0.9932546932508654], [0.9932388703453241], [0.9932135595713294], [0.9931802460942636], [0.9931408128743747], [0.9930973792765078], [0.9930521370652335], [0.9930072051190433], [0.9929645173230546], [0.9929257500756138], [0.9928922868610803], [0.9928652135315417], [0.9928453341437778], [0.9928331961407644], [0.9928291157365327]], "parasite_drag_coefficient": [[0.0010539177257694007], [0.0010544095022668196], [0.0010558544102504174], [0.0010581642220152832], [0.0010612015384472327], [0.0010647927233265729], [0.00106874313343337], [0.0010728524230474803], [0.001076927912627746], [0.001080794712798462], [0.0010843020797147121], [0.0010873263159826845], [0.0010897708706752115], [0.0010915646132884952], [0.001092659325275154], [0.001093027244487988]]}, "total": [[0.017536103723123024], [0.017543838559332316], [0.017566562879823996], [0.017602884404143884], [0.01765063596197556], [0.01770708075340985], [0.017769153610562697], [0.01783370287057731], [0.01789770101784203], [0.01795840353694067], [0.018013447948794184], [0.01806089825318208], [0.018099245315592656], [0.01812737870488633], [0.01814454647350526], [0.018150316026599844]], "main_wing": {"wetted_area": 188.048, "skin_friction_coefficient": [[0.0024498403409254446], [0.0024509558093164683], [0.0024542330126277696], [0.0024594712927903588], [0.0024663582805577646], [0.002474499444058351], [0.0024834528348985996], [0.0024927639410521236], [0.0025019960593694367], [0.0025107532198718687], [0.002518694496279742], [0.0025255404473527084], [0.0025310732019421], [0.002535132420350967], [0.0025376095095912352], [0.0025384419894059957]], "compressibility_factor": [[0.9838250985773414], [0.9838105199225224], [0.9837676604189232], [0.983699067215498], [0.983608723000044], [0.9835016897859397], [0.9833836828791621], [0.9832606341589754], [0.983138301007444], [0.9830219602378302], [0.9829162058319972], [0.9828248454058293], [0.9827508798488035], [0.9826965397484879], [0.9826633487233372], [0.9826521889476778]], "reference_area": 92.0, "form_factor": [[1.2556712285787106], [1.2556896880695083], [1.2557439818805747], [1.255830952850057], [1.255945649345117], [1.256081749974472], [1.256232077502395], [1.2563891336167976], [1.2565455869339612], [1.2566946646740382], [1.2568304216326638], [1.2569478889831398], [1.2570431186743218], [1.2571131539216478], [1.2571559620622021], [1.2571703605875248]], "reynolds_factor": [[0.9932600767863089], [0.9932546932508654], [0.993238870345324], [0.9932135595713294], [0.9931802460942637], [0.9931408128743747], [0.9930973792765078], [0.9930521370652335], [0.9930072051190433], [0.9929645173230546], [0.9929257500756138], [0.9928922868610803], [0.9928652135315417], [0.9928453341437778], [0.9928331961407644], [0.9928291157365327]], "parasite_drag_coefficient": [[0.006287740598774389], [0.0062906960285150915], [0.006299379758252467], [0.006313262282058376], [0.006331518830282141], [0.006353106822055505], [0.0063768571253509715], [0.006401565843660569], [0.006426074586558435], [0.006449331359184229], [0.006470428893538093], [0.006488622267972069], [0.006503329701384539], [0.006514122350865332], [0.006520709369408933], [0.006522923239674789]]}, "horizontal_stabilizer": {"wetted_area": 53.144, "skin_friction_coefficient": [[0.002573253006571637], [0.0025744482107074715], [0.0025779597677916552], [0.0025835729275972196], [0.0025909533254304283], [0.0025996785432213154], [0.0026092752456407966], [0.0026192564611999002], [0.0026291541055055282], [0.0026385435651155487], [0.0026470590814592575], [0.0026544007172302226], [0.0026603345121778694], [0.0026646882110264412], [0.0026673451068904576], [0.002668238032240349]], "compressibility_factor": [[0.9838250985773414], [0.9838105199225224], [0.9837676604189232], [0.983699067215498], [0.983608723000044], [0.9835016897859397], [0.9833836828791621], [0.9832606341589754], [0.983138301007444], [0.9830219602378302], [0.9829162058319972], [0.9828248454058293], [0.9827508798488035], [0.9826