{"numerics": {"tolerance_boundary_conditions": 1e-08, "solver_jacobian": "none", "time": {"integrate": [], "control_points": [], "differentiate": []}, "number_control_points": 16, "tag": "numerics", "tolerance_solution": 1e-08, "converged": null, "discretization_method": null, "dimensionless": {"integrate": [], "control_points": [], "differentiate": []}}, "segments": {"climb_250kcas": {"numerics": {"tolerance_boundary_conditions": 1e-08, "solver_jacobian": "none", "time": {"integrate": [[0.0, 0.0, 0.0, 0.0, 0.0, 0.0, 0.0, 0.0, 0.0, 0.0, 0.0, 0.0, 0.0, 0.0, 0.0, 0.0], [0.0, 2.5237944708157207, -1.5260868841728823, 1.4563885562460315, -1.4343179083656605, 1.424476568673987, -1.4192432029116653, 1.4161431861169467, -1.414171641209422, 1.4128572243467643, -1.411955496704406, 1.4113302939056687, -1.4109020272757133, 1.4106231048422413, -1.410465536489483, 0.7052072765164051], [0.0, 4.267842934229585, 2.891498900720647, -0.42377922468972246, 0.18886244985685366, -0.10445968225090149, 0.06355852667649885, -0.040499293413760164, 0.026260484590125494, -0.016945257754666418, 0.010635081823877424, -0.0062977772827440045, 0.003344373454240006, -0.0014285433132588633, 0.00034891766577933755, -3.4051944267740243e-15], [0.0, 4.001842823922877, 6.529826296776752, 5.784345074219364, -2.0597455699464087, 1.7024437758254574, -1.5726885882605413, 1.5088669621456752, -1.472390628007235, 1.4496492920945756, -1.4347248579115321, 1.4246846975827616, -1.4179476341141846, 1.4136199360540074, -1.4111957653998073, 0.7052072765164022], [0.0, 4.117943536796531, 5.886365646071698, 11.147123085654368, 5.710420188018443, -0.8685697497032655, 0.3939308504962733, -0.2186771644749652, 0.1311973223681525, -0.08067951937969059, 0.049065181991045356, -0.028446466191857575, 0.01489336850598319, -0.0063039743703315766, 0.001531891101886086, -4.9066757750700306e-15], [0.0, 4.0546813958075685, 6.187518392803003, 10.15158292195365, 12.53923972540672, 8.159870353306884, -2.428768420638112, 1.8665510911059628, -1.658996570132255, 1.5554111964389008, -1.4958024907815715, 1.4589090870616206, -1.435465986193163, 1.4209290434253892, -1.4129577120330286, 0.7052072765164018], [0.0, 4.0928653011418294, 6.016915452379794, 10.628509397402233, 11.251600765384026, 16.128958597870817, 7.497062192833109, -1.1223098031908652, 0.49454007003919276, -0.26247019381927134, 0.14682459641079937, -0.08085777724743445, 0.04097649034477177, -0.01699781025770864, 0.004085116254781681, -4.504673384548113e-15], [0.0, 4.0685760072431485, 6.121894678688305, 10.355764247016564, 11.87030860856286, 14.62793201261219, 16.22961053637831, 9.299969810919135, -2.5661221756798915, 1.90447018678829, -1.6613398059025066, 1.541550245183644, -1.4748559261253, 1.436663841380258, -1.4166621366710497, 0.7052072765164025], [0.0, 4.084398643333901, 6.054837349897473, 10.523202188599296, 11.518876036878982, 15.342079169211331, 14.605604845089967, 18.385305231336904, 7.92962779777069, -1.1299500575328663, 0.46322190372943256, -0.220296879533051, 0.10299656849024423, -0.040808040443386547, 0.009575052452514922, -2.258466090500451e-15], [0.0, 4.074065943440888, 6.0980844485026235, 10.417784325162046, 11.730869506277244, 14.944329319930835, 15.362130672664716, 16.735057538650633, 16.941492858847884, 9.013012839045148, -2.4482192345620137, 1.8088255166786007, -1.580163134928249, 1.4745857388979393, -1.4251287944789868, 0.7052072765164057], [0.0, 4.080694218695881, 6.070572147852343, 10.483812248667157, 11.601517195001003, 15.176541854090397, 14.954663835439364, 17.47817962578927, 15.363046517583866, 17.528428899483544, 6.931283563034709, -0.8892279963769097, 0.3071778935531414, -0.10643175455808093, 0.023469663888086495, 7.72727730932705e-16], [0.0, 4.076619168593782, 6.087390612615248, 10.443867447000823, 11.678458195221666, 15.042088734350585, 15.18033999822515, 17.09840028632167, 16.03786022013198, 16.11614418138196, 14.549309113012027, 7.350006094044183, -2.0987768231803936, 1.6051355452060319, -1.4502070301336925, 0.7052072765164052], [0.0, 4.078932272062652, 6.077881255223719, 10.466293896588157, 11.63574158447985, 15.115464221220341, 15.060425739783682, 17.291573683664236, 15.72073064654414, 16.67234906710596, 13.388710140516109, 13.709757298976218, 4.674415741287441, -0.4487396585318501, 0.07630823577278562, -5.1391222416473366e-15], [0.0, 4.077802142029874, 6.082515181558167, 10.455416442052535, 11.656309506312537, 15.080518834517722, 15.116605736600096, 17.20333712409967, 15.859682349070756, 16.44651650520172, 13.785199045559644, 12.871563832205753, 9.472125487163703, 4.60000229055706, -1.6001064275667423, 0.7052072765164008], [0.0, 4.078202043152317, 6.080878086435486, 10.459248289749663, 11.64909598815695, 15.092694860013191, 15.097217807531486, 17.233354696866396, 15.813454422572862, 16.51890368175707, 13.666677347667571, 13.084329637395454, 9.002372259260772, 7.607173522417772, 1.5543565888799376, -5.440170756811346e-15], [0.0, 4.078151059695647, 6.081086638244916, 10.458760815506764, 11.650011729029805, 15.091153916341597, 15.099660478845447, 17.229597608689787, 15.819183055657, 16.51007503187822, 13.68073936330875, 13.060426282062608, 9.048346262473991, 7.491501191277702, 2.667736506662844, 0.7052072765163999]], "control_points": [[0.0], [1.7336779843344772], [6.8589418903125505], [15.151793091498105], [26.249794196884263], [39.66790930404788], [54.819702395545995], [71.04296740691022], [87.62866980928132], [103.85193482064557], [119.00372791214365], [132.42184301930726], [143.51984412469346], [151.81269532587902], [156.9379592318571], [158.67163721619156]], "differentiate": [[-0.947449310858898, 1.1536167720141859, -0.2915901653613314, 0.1319975786312862, -0.07619107353753621, 0.050418588604464507, -0.03648323344715014, 0.028151977218866333, -0.022823580505705304, 0.019258187182107308, -0.016806196201488165, 0.015103248485284998, -0.01393535515731436, 0.013174128788813267, -0.01274388943114291, 0.006302323575558062], [-0.28840419300354647, 0.14260911032288096, 0.19511190415650725, -0.07452611577807398, 0.04078949501341084, -0.026361414617101436, 0.018837349586660793, -0.014428080396309405, 0.011642122302520154, -0.009792568253519396, 0.0085273264624309, -0.007651802286246771, 0.007052874248747694, -0.006663156633843327, 0.006443121233267927, -0.0031859723577857273], [0.07289754134033286, -0.19511190415650725, 0.03480200457156449, 0.12058578837843359, -0.05157070891933369, 0.030479471889180956, -0.020850378298127293, 0.015580200711178592, -0.012380876174341427, 0.010310023124229895, -0.008917044077335267, 0.00796413583159144, -0.007317381808916682, 0.006898752024689798, -0.006663156633843327, 0.0032935321972033175], [-0.03299939465782155, 0.07452611577807398, -0.12058578837843359, 0.014757777934246574, 0.09010631648925257, -0.04078949501341085, 0.025209294302232246, -0.017891912493315565, 0.0137975040493796, -0.011273939144917887, 0.009629093591053656, -0.0085273264624309, 0.007790100355589296, -0.007317381808916682, 0.007052874248747694, -0.00348383878932859], [0.019047768384384052, -0.04078949501341084, 0.05157070891933369, -0.09010631648925257, 0.007635978131531353, 0.07452611577807403, -0.03500186255575165, 0.022324830511810494, -0.016292250224896984, 0.012886242466535854, -0.010781213905922842, 0.0094186747933304, -0.008527326462430899, 0.007964135831591437, -0.007651802286246768, 0.003775812121321248], [-0.012604647151116127, 0.026361414617101436, -0.030479471889180956, 0.04078949501341085, -0.07452611577807403, 0.004201549050372088, 0.06599878931564306, -0.03187245093607556, 0.020850378298127293, -0.015580200711178592, 0.012604647151116127, -0.010781213905922843, 0.009629093591053654, -0.008917044077335266, 0.008527326462430899, -0.004201549050372041], [0.009120808361787535, -0.018837349586660793, 0.020850378298127293, -0.025209294302232246, 0.03500186255575165, -0.06599878931564306, 0.002153130783130355, 0.061639873311538106, -0.030479471889180956, 0.02039474750670542, -0.015580200711178598, 0.01288624246653586, -0.011273939144917887, 0.010310023124229893, -0.009792568253519396, 0.004814546795526827], [-0.007037994304716583, 0.014428080396309405, -0.015580200711178592, 0.017891912493315565, -0.022324830511810494, 0.03187245093607556, -0.061639873311538106, 0.000666049589145042, 0.06029289418921683, -0.03047947188918095, 0.020850378298127303, -0.01629225022489699, 0.0137975040493796, -0.012380876174341422, 0.011642122302520154, -0.005705895126426326], [0.005705895126426326, -0.011642122302520154, 0.012380876174341427, -0.0137975040493796, 0.016292250224896984, -0.020850378298127293, 0.030479471889180956, -0.06029289418921683, -0.0006660495891450252, 0.06163987331153807, -0.031872450936075575, 0.022324830511810508, -0.01789191249331556, 0.015580200711178589, -0.014428080396309403, 0.0070379943047165815], [-0.004814546795526827, 0.009792568253519396, -0.010310023124229895, 0.011273939144917887, -0.012886242466535854, 0.015580200711178592, -0.02039474750670542, 0.03047947188918095, -0.06163987331153807, -0.002153130783130467, 0.06599878931564318, -0.03500186255575168, 0.025209294302232246, -0.02085037829812729, 0.018837349586660793, -0.009120808361787535], [0.004201549050372041, -0.0085273264624309, 0.008917044077335267, -0.009629093591053656, 0.010781213905922842, -0.012604647151116127, 0.015580200711178598, -0.020850378298127303, 0.031872450936075575, -0.06599878931564318, -0.0042015490503720596, 0.07452611577807408, -0.04078949501341081, 0.030479471889180928, -0.026361414617101418, 0.012604647151116118], [-0.0037758121213212494, 0.007651802286246771, -0.00796413583159144, 0.0085273264624309, -0.0094186747933304, 0.010781213905922843, -0.01288624246653586, 0.01629225022489699, -0.022324830511810508, 0.03500186255575168, -0.07452611577807408, -0.007635978131531118, 0.0901063164892523, -0.051570708919333574, 0.04078949501341078, -0.019047768384384028], [0.00348383878932859, -0.007052874248747694, 0.007317381808916682, -0.007790100355589296, 0.008527326462430899, -0.009629093591053654, 0.011273939144917887, -0.0137975040493796, 0.01789191249331556, -0.025209294302232246, 0.04078949501341081, -0.0901063164892523, -0.014757777934246675, 0.12058578837843345, -0.07452611577807398, 0.03299939465782155], [-0.0032935321972033167, 0.006663156633843327, -0.006898752024689798, 0.007317381808916682, -0.007964135831591437, 0.008917044077335266, -0.010310023124229893, 0.012380876174341422, -0.015580200711178589, 0.02085037829812729, -0.030479471889180928, 0.051570708919333574, -0.12058578837843345, -0.034802004571564786, 0.1951119041565076, -0.07289754134033295], [0.0031859723577857273, -0.006443121233267927, 0.006663156633843327, -0.007052874248747694, 0.007651802286246768, -0.008527326462430899, 0.009792568253519396, -0.011642122302520154, 0.014428080396309403, -0.018837349586660793, 0.026361414617101418, -0.04078949501341078, 0.07452611577807398, -0.1951119041565076, -0.14260911032288068, 0.28840419300354647], [-0.006302323575558062, 0.01274388943114291, -0.01317412878881327, 0.01393535515731436, -0.015103248485284992, 0.016806196201488165, -0.019258187182107308, 0.022823580505705304, -0.028151977218866326, 0.03648323344715014, -0.05041858860446447, 0.07619107353753611, -0.1319975786312862, 0.2915901653613318, -1.1536167720141859, 0.9474493108588977]]}, "number_control_points": 16, "tag": "numerics", "tolerance_solution": 1e-08, "converged": null, "discretization_method": null, "dimensionless": {"integrate": [[0.0, 0.0, 0.0, 0.0, 0.0, 0.0, 0.0, 0.0, 0.0, 0.0, 0.0, 0.0, 0.0, 0.0, 0.0, 0.0], [0.0, 0.015905769393285, -0.009617893348472701, 0.009178631933202333, -0.00903953556873803, 0.00897751226158412, -0.008944529897160722, 0.008924992588230742, -0.008912567274279777, 0.008904283393898139, -0.00889860041451897, 0.008894660184180983, -0.008891961109302392, 0.00889020324987417, -0.008889210203129818, 0.004444444444444433], [0.0, 0.026897327141174012, 0.01822316169071195, -0.002670793798593755, 0.001190272270270501, -0.0006583387181451605, 0.0004005664011010347, -0.00025523965167498404, 0.00016550207113792708, -0.00010679449744114224, 6.702572690661172e-05, -3.969063024265153e-05, 2.1077323666127342e-05, -9.00314220185716e-06, 2.1989920309698075e-06, -2.1460637115216855e-17], [0.0, 0.025220908374887, 0.04115307821447512, 0.03645481433041584, -0.012981183065124528, 0.010729351544446864, -0.009911592366805534, 0.009509367827911362, -0.009279482167320737, 0.009136158909858699, -0.00904210029645504, 0.008978823957312646, -0.008936364803384602, 0.00890909024987205, -0.00889381234200691, 0.004444444444444415], [0.0, 0.025952612634769726, 0.03709778098559272, 0.07025277662236705, 0.03598891577729133, -0.005474007610571455, 0.0024826796862223014, -0.001378174249106761, 0.0008268479778108986, -0.0005084684370513175, 0.000309224653201212, -0.00017927883452225935, 9.386282745473181e-05, -3.972968629385448e-05, 9.654473406604297e-06, -3.092345841484348e-17], [0.0, 0.025553914152174707, 0.0389957430411615, 0.06397856037826109, 0.07902634614100497, 0.051426143301143264, -0.015306884476958493, 0.011763608946460733, -0.010455533195714475, 0.009802704653003856, -0.009427031302031168, 0.00919451713398434, -0.009046771126696874, 0.008955154609574995, -0.008904916699812335, 0.004444444444444412], [0.0, 0.025794561478969698, 0.03792054810767278, 0.0669843053482885, 0.07091122876644688, 0.10164991602056114, 0.04724891180531712, -0.007073159531729718, 0.00311675154246614, -0.0016541720903884875, 0.0009253361154315784, -0.0005095918758137284, 0.00025824710114348245, -0.00010712570032001982, 2.5745724481406038e-05, -2.83899092716265e-17], [0.0, 0.025641482489398383, 0.03858216116058075, 0.06526537715689378, 0.07481052579289553, 0.0921899607847463, 0.10228425710554255, 0.058611418991333916, -0.016172532285549726, 0.012002587357143307, -0.010470301025752422, 0.00971534845312819, -0.009295019273770997, 0.009054320397682607, -0.008928263182542414, 0.004444444444444417], [0.0, 0.025741201861860605, 0.03815954417642834, 0.06632062524357353, 0.07259568401115322, 0.09669074724619882, 0.09204924775049556, 0.11587014260328554, 0.049975080215290776, -0.007121310886792571, 0.00291937432458889, -0.0013883822175030215, 0.0006491177017976469, -0.0002571854753586819, 6.034507880868983e-05, -1.423358408675944e-17], [0.0, 0.025676081843725707, 0.03843210138554207, 0.065656247757548, 0.07393173545120624, 0.09418399899390369, 0.09681711830913846, 0.10546974766415856, 0.10677076984946555, 0.056802923302321735, -0.01542946980011489, 0.011399803697834537, -0.009958699378486039, 0.009293316466438188, -0.008981622799651558, 0.004444444444444437], [0.0, 0.025717855379130537, 0.03825870996453596, 0.0660723770964994, 0.07311651533029706, 0.09564747752247757, 0.09424913045463505, 0.11015314351345029, 0.09682289026016398, 0.1104698306957084, 0.04368319180819173, -0.005604202565612457, 0.001935934480430228, -0.0006707673559394027, 0.0001479134160323112, 4.8699801961446735e-18], [0.0, 0.025692173094800493, 0.038364705371515914, 0.06582063203123667, 0.07360142240991475, 0.09480011045613403, 0.0956714146558014, 0.10775965122881379, 0.10107578456684257, 0.10156915542141641, 0.09169445383101746, 0.04632211668699008, -0.013227170652564648, 0.010116083588518218, -0.009139673955451611, 0.004444444444444434], [0.0, 0.025706751021325063, 0.03830477432423887, 0.065961970773187, 0.07333220850696869, 0.09526254651690133, 0.09491567619778016, 0.10897709248505646, 0.09907713137871327, 0.10507453858555535, 0.08437998356488796, 0.08640332664051703, 0.029459680528275554, -0.0028281025292531533, 0.0004809191933200698, -3.2388411261208805e-17], [0.0, 0.02569962857617604, 0.038333978827423856, 0.06589341753502508, 0.07346183420563505, 0.09504230938242843, 0.09526974071619103, 0.10842099713548656, 0.09995284996941069, 0.10365126870653758, 0.08687878493859104, 0.0811207601940108, 0.0596963997683962, 0.028990702883398847, -0.010084388461855867, 0.004444444444444406], [0.0, 0.025702148882447904, 0.03832366132423676, 0.06591756707910464, 0.07341637228010038, 0.09511904663496512, 0.09514755171374067, 0.10861017759201534, 0.09966150661839385, 0.10410747611591045, 0.08613182284775066, 0.08246167914413044, 0.05673586292548906, 0.04794286903369459, 0.00979605817492204, -3.428571641571369e-17], [0.0, 0.025701827568206968, 0.03832497568522205, 0.06591449485869114, 0.07342214357539248, 0.09510933510933502, 0.09516294621874999, 0.10858649920662446, 0.09969761031773573, 0.10405183510763863, 0.08622044622044592, 0.0823110324642813, 0.057025605969802516, 0.04721386457411077, 0.016812938679318146, 0.0044444444444444]], "control_points": [[0.0], [0.010926199633097156], [0.04322727117869957], [0.09549150281252627], [0.16543469682057088], [0.24999999999999994], [0.3454915028125263], [0.4477357683661733], [0.5522642316338267], [0.6545084971874737], [0.7499999999999999], [0.8345653031794289], [0.9045084971874737], [0.9567727288213005], [0.9890738003669028], [1.0]], "differentiate": [[-150.33333333333377, 183.04626193554887, -46.26708893402249, 20.944271909999163, -12.089362379460118, 8.000000000000002, -5.788854381999832, 4.466920316190448, -3.6214548859758136, 3.0557280900008412, -2.666666666666667, 2.396457164443136, -2.211145618000168, 2.0903605838179637, -2.0220938005415654, 1.0], [-45.76156548388722, 22.628021016876005, 30.958725272881658, -11.825180805870444, 6.472135954999579, -4.182808816630328, 2.9889530997292173, -2.2893271383692513, 1.8472746064120107, -1.5538028373372241, 1.353044850870866, -1.2141239964133728, 1.1190911041287137, -1.0572539721198484, 1.0223405948650293, -0.5055234501353914], [11.566772233505622, -30.958725272881658, 5.522091043775521, 19.133544467011262, -8.18280881663033, 4.836227706141229, -3.3083636611408074, 2.472135954999579, -1.9644938927536926, 1.6359082488583518, -1.4148819828797312, 1.263682471410749, -1.1610609517567874, 1.0946362785060466, -1.0572539721198484, 0.522590145954491], [-5.236067977499791, 11.825180805870444, -19.133544467011262, 2.341640786499889, 14.297316760870023, -6.472135954999581, 4.0, -2.8389390482432124, 2.1892725570120937, -1.7888543819998317, 1.5278640450004208, -1.3530448508708661, 1.2360679774997896, -1.1610609517567874, 1.1190911041287137, -0.552786404500042], [3.0223405948650295, -6.472135954999579, 8.18280881663033, -14.297316760870023, 1.2116131518771152, 11.82518080587045, -5.553802837337225, 3.5423174078829587, -2.5851180171202697, 2.0446811897300585, -1.7106728616307487, 1.494476549864609, -1.3530448508708657, 1.2636824714107486, -1.2141239964133723, 0.5991142911107837], [-2.0000000000000004, 4.182808816630328, -4.836227706141229, 6.472135954999581, -11.82518080587045, 0.6666666666666741, 10.472135954999574, -5.057253972119846, 3.3083636611408074, -2.472135954999579, 2.0000000000000004, -1.710672861630749, 1.5278640450004206, -1.4148819828797308, 1.3530448508708657, -0.6666666666666666], [1.447213595499958, -2.9889530997292173, 3.3083636611408074, -4.0, 5.553802837337225, -10.472135954999574, 0.34164078649987406, 9.780499616140382, -4.836227706141229, 3.2360679774997894, -2.47213595499958, 2.0446811897300594, -1.7888543819998317, 1.6359082488583514, -1.5538028373372241, 0.7639320225002103], [-1.116730079047612, 2.2893271383692513, -2.472135954999579, 2.8389390482432124, -3.5423174078829587, 5.057253972119846, -9.780499616140382, 0.10568317877681555, 9.566772233505636, -4.836227706141228, 3.3083636611408087, -2.5851180171202706, 2.1892725570120937, -1.9644938927536917, 1.8472746064120107, -0.9053637214939534], [0.9053637214939534, -1.8472746064120107, 1.9644938927536926, -2.1892725570120937, 2.5851180171202697, -3.3083636611408074, 4.836227706141229, -9.566772233505636, -0.10568317877681288, 9.780499616140377, -5.057253972119849, 3.542317407882961, -2.838939048243212, 2.4721359549995787, -2.289327138369251, 1.1167300790476118], [-0.7639320225002103, 1.5538028373372241, -1.6359082488583518, 1.7888543819998317, -2.0446811897300585, 2.472135954999579, -3.2360679774997894, 4.836227706141228, -9.780499616140377, -0.3416407864998918, 10.472135954999594, -5.553802837337231, 4.0, -3.308363661140807, 2.9889530997292173, -1.447213595499958], [0.6666666666666667, -1.353044850870866, 1.4148819828797312, -1.5278640450004208, 1.7106728616307487, -2.0000000000000004, 2.47213595499958, -3.3083636611408087, 5.057253972119849, -10.472135954999594, -0.6666666666666696, 11.82518080587046, -6.472135954999574, 4.836227706141225, -4.182808816630326, 1.9999999999999991], [-0.599114291110784, 1.2141239964133728, -1.263682471410749, 1.3530448508708661, -1.494476549864609, 1.710672861630749, -2.0446811897300594, 2.5851180171202706, -3.542317407882961, 5.553802837337231, -11.82518080587046, -1.2116131518770779, 14.297316760869979, -8.182808816630311, 6.47213595499957, -3.0223405948650255], [0.552786404500042, -1.1190911041287137, 1.1610609517567874, -1.2360679774997896, 1.3530448508708657, -1.5278640450004206, 1.7888543819998317, -2.1892725570120937, 2.838939048243212, -4.0, 6.472135954999574, -14.297316760869979, -2.341640786499905, 19.13354446701124, -11.825180805870444, 5.236067977499791], [-0.5225901459544909, 1.0572539721198484, -1.0946362785060466, 1.1610609517567874, -1.2636824714107486, 1.4148819828797308, -1.6359082488583514, 1.9644938927536917, -2.4721359549995787, 3.308363661140807, -4.836227706141225, 8.182808816630311, -19.13354446701124, -5.522091043775568, 30.95872527288171, -11.566772233505636], [0.5055234501353914, -1.0223405948650293, 1.0572539721198484, -1.1190911041287137, 1.2141239964133723, -1.3530448508708657, 1.5538028373372241, -1.8472746064120107, 2.289327138369251, -2.9889530997292173, 4.182808816630326, -6.47213595499957, 11.825180805870444, -30.95872527288171, -22.628021016875962, 45.76156548388722], [-1.0, 2.0220938005415654, -2.090360583817964, 2.211145618000168, -2.396457164443135, 2.6666666666666665, -3.0557280900008412, 3.6214548859758136, -4.466920316190447, 5.788854381999832, -7.9999999999999964, 12.089362379460102, -20.944271909999163, 46.267088934022546, -183.04626193554887, 150.3333333333337]]}}, "unknowns": {"tag": "unknowns", "wind_angle": [[0.0461414073254507], [0.0464252492522363], [0.04726439247208707], [0.04862186299341302], [0.0504371431208681], [0.05262826707929052], [0.05509543817535258], [0.05772603301831196], [0.060400745974634365], [0.06299999962019012], [0.06541038638311615], [0.06752967455684294], [0.06927073195689064], [0.07056439587727735], [0.07136065077621447], [0.07162942588719197]], "body_angle": [[0.22958700439436538], [0.22901907498570065], [0.22736532664667486], [0.22476862867997843], [0.2214439699273867], [0.21764785958342608], [0.2136440695959114], [0.20967321725287855], [0.20593199251011798], [0.2025636391846379], [0.199660196766478], [0.19727284096751285], [0.1954211823081584], [0.1941066666370576], [0.19332271136969786], [0.19306234371113393]]}, "conditions": {"freestream": {"stagnation_temperature": [[296.4017174877929], [296.1380783144392], [295.36575444988773], [294.1381664886864], [292.5369917158178], [290.66273727787495], [288.6243137824635], [286.52940973402065], [284.476996110664], [282.5525533946471], [280.8259607249131], [279.3514834758987], [278.1691811122126], [277.3070195784684], [276.7830673280758], [276.6073496827626]], "reynolds_number": [[8804646.673886063], [8776640.387023335], [8694970.902330793], [8566302.767481796], [8400572.693297848], [8209563.943175893], [8005443.230951573], [7799550.884100149], [7601607.833778738], [7419359.849023845], [7258580.017487768], [7123301.829154185], [7016165.586313289], [6938783.890573773], [6892062.7189517915], [6876445.3621988]], "temperature": [[288.15], [287.8862286909308], [287.1135213364354], [285.8853348872922], [284.2833999478956], [282.4082852187676], [280.3689623704275], [278.2731736239155], [276.2199323238601], [274.2947488267724], [272.56752072097305], [271.0925227544112], [269.90981749787386], [269.0473704025673], [268.52324801090253], [268.34747388158985]], "mach_number": [[0.377941176440553], [0.3781142781809605], [0.37862274494738696], [0.3794351702413993], [0.3805027256818214], [0.3817638534165011], [0.3831497578146443], [0.3845898798988974], [0.3860166303126372], [0.3873689227280236], [0.38859433996153714], [0.3896500649876531], [0.3905028265743734], [0.39112821562997424], [0.39150974520327286], [0.39163794842058913]], "density": [[1.2250000002007604], [1.2202347342890612], [1.2063566692666627], [1.1845469248127023], [1.1565550747584663], [1.1244357236276343], [1.0902830382005444], [1.0560174010569068], [1.023252408815067], [0.9932428587126725], [0.9668963371992358], [0.9448234394447174], [0.9274048217372541], [0.9148586008776308], [0.90729776475547], [0.9047728342446282]], "speed_of_sound": [[340.29399051558636], [340.13820300528175], [339.6814185819258], [338.95411179013223], [338.0031269964054], [336.88655947947353], [335.6679953151089], [334.4110644432998], [333.17505260576], [332.01194924304895], [330.96496239199206], [330.06823985820824], [329.3474524610552], [328.8208469030097], [328.50040819376255], [328.3928731364731]], "altitude": [[0.0], [40.58045987323899], [159.4622470759736], [348.4290718332975], [594.9170940058615], [883.4632279706377], [1197.3076810578416], [1519.8742469141307], [1835.9239308267072], [2132.2905145982945], [2398.206911031445], [2625.3086382769525], [2807.4184839127283], [2940.2223813271257], [3020.932060100683], [3048.0]], "dynamic_pressure": [[10131.25096616654], [10091.840268318358], [9977.06299513986], [9796.687489397153], [9565.18344216426], [9299.54327308381], [9017.086597839989], [8733.695765708644], [8462.715880604828], [8214.524628833986], [7996.628121491628], [7814.076230336598], [7670.017138541413], [7566.254761247564], [7503.723554508694], [7482.841346612141]], "gravity": [[9.80665], [9.80665], [9.80665], [9.80665], [9.80665], [9.80665], [9.80665], [9.80665], [9.80665], [9.80665], [9.80665], [9.80665], [9.80665], [9.80665], [9.80665], [9.80665]], "pressure": [[101325.0], [100838.45275959725], [99424.00992058853], [97208.90412317756], [94379.9448253305], [91153.63002572756], [87746.76008571652], [84353.73468339823], [81133.40259670271], [78205.05834627234], [75651.21694743678], [73524.16443060328], [71853.83143475922], [70655.2808172532], [69934.84752642506], [69694.57330560466]], "specific_heat_at_constant_pressure": [[1004.7652106172491], [1004.7615202966845], [1004.7512478380208], [1004.7365756562846], [1004.7205047036712], [1004.706125092072], [1004.6959450042914], [1004.6914475460399], [1004.6929432595175], [1004.6996861455973], [1004.7101608841466], [1004.7224369780314], [1004.7345072592783], [1004.7445632654521], [1004.7511925693402], [1004.7535036784124]], "gas_specific_constant": 287.0528742, "velocity": [[128.6111111111111], [128.61111111111111], [128.6111111111111], [128.61111111111111], [128.6111111111111], [128.61111111111111], [128.61111111111111], [128.61111111111111], [128.61111111111111], [128.61111111111111], [128.61111111111111], [128.61111111111111], [128.61111111111111], [128.61111111111111], [128.61111111111111], [128.61111111111111]], "dynamic_viscosity": [[1.789380278077583e-05], [1.7881072719502587e-05], [1.7843748227966417e-05], [1.7784323096975472e-05], [1.7706630090178617e-05], [1.761542132928824e-05], [1.751589623750319e-05], [1.7413255368262907e-05], [1.731234129969684e-05], [1.7217397492725737e-05], [1.7131947565068892e-05], [1.7058773482470176e-05], [1.6999964311860568e-05], [1.6957003276650422e-05], [1.6930863573391215e-05], [1.692209177651962e-05]], "isentropic_expansion_factor": [[1.4009657721330457], [1.4009721928447636], [1.400990827309855], [1.4010199089137862], [1.4010568467705813], [1.4010986498642775], [1.4011423510382446], [1.4011853401062664], [1.401225558403497], [1.4012615542861107], [1.4012924312657153], [1.4013177338665124], [1.4013373111537153], [1.4013511871028763], [1.4013594545728496], [1.4013621992318264]], "stagnation_pressure": [[111830.45642114663], [111303.43062092664], [109771.09217339275], [107370.68492157428], [104303.85310783747], [100804.5252271381], [97107.28036372902], [93422.83602218845], [89923.76686725982], [86740.05535159785], [83961.95970297983], [81646.98630132986], [79828.32936154354], [78522.92894698073], [77738.0974843474], [77476.31651049765]]}, "energies": {"propulsion_power": [[0.0], [0.0], [0.0], [0.0], [0.0], [0.0], [0.0], [0.0], [0.0], [0.0], [0.0], [0.0], [0.0], [0.0], [0.0], [0.0]], "total_efficiency": [[0.0], [0.0], [0.0], [0.0], [0.0], [0.0], [0.0], [0.0], [0.0], [0.0], [0.0], [0.0], [0.0], [0.0], [0.0], [0.0]], "gravity_energy": [[0.0], [0.0], [0.0], [0.0], [0.0], [0.0], [0.0], [0.0], [0.0], [0.0], [0.0], [0.0], [0.0], [0.0], [0.0], [0.0]], "total_energy": [[0.0], [0.0], [0.0], [0.0], [0.0], [0.0], [0.0], [0.0], [0.0], [0.0], [0.0], [0.0], [0.0], [0.0], [0.0], [0.0]]}, "aerodynamics": {"drag_coefficient": [[0.03177141043629811], [0.031881466955903145], [0.03220918832873404], [0.032746805434320576], [0.03348020984050243], [0.034387627803444815], [0.03543853921449304], [0.0365932925232474], [0.03780383466871746], [0.03901559978227288], [0.040170623941840365], [0.04121115286134928], [0.042083543554793226], [0.042742047283505245], [0.04315172951197819], [0.04329076973504496]], "angle_of_attack": [[0.04614140732545074], [0.046425249252236296], [0.04726439247208707], [0.04862186299341302], [0.050437143120868076], [0.05262826707929054], [0.055095438175352576], [0.05772603301831194], [0.06040074597463438], [0.06299999962019014], [0.06541038638311615], [0.06752967455684294], [0.06927073195689064], [0.07056439587727734], [0.07136065077621444], [0.07162942588719194]], "lift_coefficient_wing": {"horizontal_stabilizer": [[0.0], [0.0], [0.0], [0.0], [0.0], [0.0], [0.0], [0.0], [0.0], [0.0], [0.0], [0.0], [0.0], [0.0], [0.0], [0.0]], "main_wing": [[0.0], [0.0], [0.0], [0.0], [0.0], [0.0], [0.0], [0.0], [0.0], [0.0], [0.0], [0.0], [0.0], [0.0], [0.0], [0.0]], "vertical_stabilizer": [[0.0], [0.0], [0.0], [0.0], [0.0], [0.0], [0.0], [0.0], [0.0], [0.0], [0.0], [0.0], [0.0], [0.0], [0.0], [0.0]]}, "roll_angle": [[0.0], [0.0], [0.0], [0.0], [0.0], [0.0], [0.0], [0.0], [0.0], [0.0], [0.0], [0.0], [0.0], [0.0], [0.0], [0.0]], "lift_coefficient": [[0.5262810642500396], [0.5283949745108565], [0.5346457253963782], [0.5447613899927798], [0.558296059897602], [0.5746442582986515], [0.5930665639821924], [0.6127257614130456], [0.6327319130251781], [0.6521900096291471], [0.6702483827881257], [0.6861369283809907], [0.6991974762126064], [0.7089063071142665], [0.7148839840147966], [0.7169020591716498]], "drag_breakdown": {"total": [[0.03177141043629811], [0.031881466955903145], [0.03220918832873404], [0.032746805434320576], [0.03348020984050243], [0.034387627803444815], [0.03543853921449304], [0.0365932925232474], [0.03780383466871746], [0.03901559978227288], [0.040170623941840365], [0.04121115286134928], [0.042083543554793226], [0.042742047283505245], [0.04315172951197819], [0.04329076973504496]], "spoiler_drag": 0.0, "compressible": {"horizontal_stabilizer": {"crest_critical": 0.9394647313812111, "compressibility_drag": [[4.875790250558821e-10], [4.908588461827475e-10], [5.006122100586156e-10], [5.165715801781964e-10], [5.38263943832309e-10], [5.649823712107488e-10], [5.957666200740657e-10], [6.294057394565569e-10], [6.644706721669609e-10], [6.993780379222448e-10], [7.324786555599129e-10], [7.621600947054181e-10], [7.869493713065583e-10], [8.056042969771418e-10], [8.171865553637313e-10], [8.211131721857009e-10]], "divergence_mach": 0.9714722054458921, "wing_sweep": 0.6021385919380436, "thickness_to_chord": 0.13347470511030118}, "total": [[8.253800513179469e-08], [8.368997776631946e-08], [8.71711500519672e-08], [9.304735647963577e-08], [1.0139587831458797e-07], [1.1225740842992266e-07], [1.255731773355393e-07], [1.4111609873996038e-07], [1.5843155670034238e-07], [1.7680601576716606e-07], [1.9528156058318463e-07], [2.1272048481960885e-07], [2.2791551985519256e-07], [2.397278275009352e-07], [2.4722417468255526e-07], [2.4979382148073837e-07]], "main_wing": {"crest_critical": [[0.7383551168329838], [0.7379909680891906], [0.7369195203351049], [0.7352024479795625], [0.732937626921303], [0.7302517683764486], [0.7272904023262465], [0.7242064678585056], [0.7211489409806064], [0.7182533942140586], [0.7156351508181537], [0.7133864479603155], [0.7115765049299672], [0.7102535644447278], [0.7094485885064061], [0.7091784707690545]], "compressibility_drag": [[8.177633099616307e-08], [8.292318004088301e-08], [8.638911605790989e-08], [9.22403914716989e-08], [1.0055502646680157e-07], [1.1137481825043387e-07], [1.2464249737995454e-07], [1.401328692572992e-07], [1.5739355034882365e-07], [1.7571347869083654e-07], [1.9413731520310857e-07], [2.115298724234314e-07], [2.2668618276033486e-07], [2.38469348515932e-07], [2.459476024117626e-07], [2.4851111522484766e-07]], "divergence_mach": [[0.7578178710269857], [0.7574441234636965], [0.7563444327628307], [0.7545820990466945], [0.7522575781847155], [0.7495009214514735], [0.7464614949420161], [0.743296269159124], [0.7401581470598882], [0.7371862748048461], [0.7344990155296266], [0.7321910377375737], [0.7303333853117031], [0.7289755726289391], [0.7281493778374363], [0.7278721399014084]], "wing_sweep": 0.4014257279586958, "thickness_to_chord": 0.11949964151458259}, "vertical_stabilizer": {"crest_critical": 0.9441159452134248, "compressibility_drag": [[2.740951105757179e-10], [2.759388792536948e-10], [2.814217839986951e-10], [2.9039342775868624e-10], [3.025879039540916e-10], [3.176078082780384e-10], [3.3491333551070467e-10], [3.5382374320463044e-10], [3.735356793517745e-10], [3.931590384072727e-10], [4.1176672451616847e-10], [4.284523014720293e-10], [4.4238772355115424e-10], [4.5287468802603936e-10], [4.5938571542887985e-10], [4.6159308370499265e-10]], "divergence_mach": 0.9766575792093745, "wing_sweep": 0.6108652381980153, "thickness_to_chord": 0.13428520476376016}}, "miscellaneous": {"total": [[0.0012710160018056212], [0.0012710160018056212], [0.0012710160018056212], [0.0012710160018056212], [0.0012710160018056212], [0.0012710160018056212], [0.0012710160018056212], [0.0012710160018056212], [0.0012710160018056212], [0.0012710160018056212], [0.0012710160018056212], [0.0012710160018056212], [0.0012710160018056212], [0.0012710160018056212], [0.0012710160018056212], [0.0012710160018056212]], "trim_correction_factor": 1.02, "total_wetted_area": 703.2331455285838, "reference_area": 92.0}, "trim_corrected_drag": [[0.03177141043629811], [0.031881466955903145], [0.03220918832873404], [0.032746805434320576], [0.03348020984050243], [0.034387627803444815], [0.03543853921449304], [0.0365932925232474], [0.03780383466871746], [0.03901559978227288], [0.040170623941840365], [0.04121115286134928], [0.042083543554793226], [0.042742047283505245], [0.04315172951197819], [0.04329076973504496]], "parasite": {"vertical_stabilizer": {"wetted_area": 32.704, "skin_friction_coefficient": [[0.002482167865313739], [0.002483304179065714], [0.0024866426287664125], [0.0024919788172709455], [0.0024989945558577995], [0.0025072879630006054], [0.002516408855362237], [0.002525894244721612], [0.002535299271200561], [0.002544220551603287], [0.00255231075710507], [0.0025592851785990007], [0.0025649218201425883], [0.0025690572930150094], [0.0025715809309703555], [0.0025724290571674836]], "compressibility_factor": [[0.9838250985773414], [0.983810518501995], [0.9837676550761056], [0.9836990563673699], [0.9836087062995709], [0.9835016681125855], [0.983383658041115], [0.9832606084358124], [0.9831382766684703], [0.9830219391471794], [0.9829161891981973], [0.9828248336859412], [0.9827508727778334], [0.9826965364527099], [0.9826633478764292], [0.9826521889476778]], "reference_area": 16.0, "form_factor": [[1.1944349793235467], [1.194445571674291], [1.1944767231418738], [1.1945266134611539], [1.1945923897369464], [1.1946704134981654], [1.1947565588298048], [1.1948465215249706], [1.1949361000017495], [1.1950214195148856], [1.1950990848582566], [1.1951662635056772], [1.195220708736451], [1.1952607406108264], [1.1952852058041281], [1.195293434033348]], "reynolds_factor": [[0.9932600767863089], [0.9932546927263339], [0.9932388683732342], [0.9932135555696038], [0.9931802399385868], [0.9931408048931991], [0.9930973701392899], [0.9930521276124037], [0.9930071961841891], [0.9929645095882585], [0.9929257439807222], [0.9928922825699834], [0.9928652109441714], [0.9928453329383435], [0.992833195831091], [0.9928291157365327]], "parasite_drag_coefficient": [[0.0010539177257694007], [0.0010544095501777459], [0.001055854590291528], [0.0010581645870590085], [0.0010612020993902842], [0.0010647934497260098], [0.0010687439639316682], [0.001072853281040196], [0.0010769287224980596], [0.0010807954129909202], [0.001084302630814656], [0.0010873267035975526], [0.001089771104205339], [0.0010915647220245642], [0.0010926593531992502], [0.001093027244487988]]}, "total": [[0.017536103723123024], [0.01754383931287808], [0.0175665657112033], [0.01760289014390047], [0.017650644779876132], [0.017707092169076982], [0.017769166658205514], [0.017833716345904835], [0.01789771373338724], [0.017958414527198936], [0.018013456596561006], [0.018060904334159574], [0.018099248978573384], [0.01812738041020589], [0.01814454691140525], [0.018150316026599844]], "main_wing": {"wetted_area": 188.048, "skin_friction_coefficient": [[0.002449840340925444], [0.0024509559179884005], [0.0024542334209614845], [0.002459472120590639], [0.002466359552351214], [0.0024745010906088013], [0.0024834547169428718], [0.002492765884896415], [0.002501997893712932], [0.0025107548054050005], [0.002518695743923584], [0.0025255413247095397], [0.0025310737304486152], [0.0025351326664051583], [0.0025376095727750055], [0.0025384419894059957]], "compressibility_factor": [[0.9838250985773414], [0.983810518501995], [0.9837676550761056], [0.9836990563673699], [0.9836087062995709], [0.9835016681125855], [0.983383658041115], [0.9832606084358124], [0.9831382766684703], [0.9830219391471794], [0.9829161891981973], [0.9828248336859412], [0.9827508727778334], [0.9826965364527099], [0.9826633478764292], [0.9826521889476778]], "reference_area": 92.0, "form_factor": [[1.2556712285787106], [1.2556896898683914], [1.255743988651118], [1.255830966612267], [1.2559456705626615], [1.256081777557573], [1.256232109173474], [1.2563891664818747], [1.256545618092236], [1.2566946917248782], [1.2568304430038246], [1.2569479040632692], [1.2570431277835836], [1.2571131581712303], [1.2571559631547975], [1.2571703605875248]], "reynolds_factor": [[0.9932600767863088], [0.9932546927263339], [0.9932388683732342], [0.9932135555696038], [0.9931802399385868], [0.9931408048931991], [0.9930973701392899], [0.9930521276124037], [0.9930071961841891], [0.9929645095882587], [0.9929257439807221], [0.9928922825699834], [0.9928652109441712], [0.9928453329383435], [0.992833195831091], [0.9928291157365327]], "parasite_drag_coefficient": [[0.006287740598774387], [0.006290696316447664], [0.0062993808403033445], [0.006313264476139048], [0.006331522202133101], [0.006353111188972354], [0.0063768621187164], [0.006401571003022735], [0.0064260794571941015], [0.006449335570742096], [0.006470432208710253], [0.006488624599925286], [0.006503331106454036], [0.006514123005131778], [0.006520709537434796], [0.006522923239674789]]}, "horizontal_stabilizer": {"wetted_area": 53.144, "skin_friction_coefficient": [[0.002573253006571637], [0.0025744483271482595], [0.0025779602053340985], [0.0025835738146674178], [0.0025909546883966226], [0.002599680307983292], [0.002609277263020776], [0.0026192585450568974], [0.0026291560721922362], [0.002638545265219111], [0.002647060419384718], [0.002654401658150995], [0.0026603350790117535], [0.002664688474937287], [0.0026673451746616027], [0.002668238032240349]], "compressibility_factor": [[0.9838250985773414], [0.983810518501995], [0.9837676550761056], [0.9836990563673699], [0.9836087062995709], [0.9835016681125855], [0.983383658041115], [0.9832606084358124], [0.9831382766684703], [0.9830219391471794], [0.9829161891981973], [0.9828248336859412], [0.9827508727778334], [0.982696536452709