{"numerics": {"tolerance_boundary_conditions": 1e-08, "solver_jacobian": "none", "time": {"integrate": [], "control_points": [], "differentiate": []}, "number_control_points": 16, "tag": "numerics", "tolerance_solution": 1e-08, "converged": null, "discretization_method": null, "dimensionless": {"integrate": [], "control_points": [], "differentiate": []}}, "segments": {"climb_250kcas": {"numerics": {"tolerance_boundary_conditions": 1e-08, "solver_jacobian": "none", "time": {"integrate": [[0.0, 0.0, 0.0, 0.0, 0.0, 0.0, 0.0, 0.0, 0.0, 0.0, 0.0, 0.0, 0.0, 0.0, 0.0, 0.0], [0.0, 2.5237872612374126, -1.5260825246883745, 1.456384395864723, -1.4343138110323006, 1.4244724994538154, -1.4192391486413483, 1.416139140702269, -1.4141676014267432, 1.4128531883189044, -1.4119514632524595, 1.411326262239703, -1.4108979968331523, 1.410619075196462, -1.41046150729382, 0.7052052619913944], [0.0, 4.26783074252848, 2.8914906407422714, -0.42377801410401866, 0.1888619103443706, -0.1044593838469435, 0.06355834511251632, -0.04049917772176121, 0.026260409573311626, -0.016945209348124546, 0.010635051443251699, -0.006297759292246359, 0.0033443639005609773, -0.0014285392324214568, 0.0003489166690463375, -3.405184699351226e-15], [0.0, 4.001831392088967, 6.529807643398053, 5.784328550413937, -2.059739685989869, 1.7024389125523745, -1.5726840956516293, 1.508862651852327, -1.4723864219137297, 1.4496451509649348, -1.434720759415663, 1.4246806277680402, -1.4179435835448442, 1.4136158978473528, -1.4111917341181415, 0.7052052619913916], [0.0, 4.1179317733044005, 5.886348830829979, 11.147091242309862, 5.71040387538998, -0.8685672685100864, 0.39392972517670094, -0.21867653979250407, 0.13119694758431794, -0.08067928890715428, 0.04906504182936585, -0.028446384930475965, 0.014893325960955156, -0.006303956362131067, 0.0015318867258210039, -4.906661758451942e-15], [0.0, 4.054669813032753, 6.1875007172755785, 10.151553922511393, 12.539203905282788, 8.159847043475208, -2.428761482515249, 1.8665457590369638, -1.6589918309723024, 1.555406753185319, -1.4957982178087461, 1.4589049194800567, -1.435461885580155, 1.4209249843392284, -1.4129536757181114, 0.7052052619913911], [0.0, 4.09285360928925, 6.016898264203963, 10.628479035551582, 11.25156862358415, 16.12891252320373, 7.497040776407332, -1.1223065971530894, 0.49453865731505753, -0.2624694440357855, 0.1468241769854311, -0.08085754626567916, 0.040976373289591826, -0.016997761701043057, 0.0040851045850653555, -4.5046605163071e-15], [0.0, 4.068564384776397, 6.121877190624364, 10.355734664301275, 11.870274699335923, 14.627890225841298, 16.229564174184627, 9.299943244231004, -2.566114845186467, 1.9044647463979947, -1.6613350600487673, 1.5415458415258434, -1.4748517129893195, 1.4366597373454062, -1.4166580897739158, 0.7052052619913918], [0.0, 4.0843869756675355, 6.054820053392341, 10.523172127573682, 11.518843131569232, 15.34203534237739, 14.60556312209981, 18.385252711094342, 7.9296051456596635, -1.1299468296696158, 0.46322058047009923, -0.22029625022364313, 0.10299627426587907, -0.04080792386940773, 0.009575025100014052, -2.2584596388704455e-15], [0.0, 4.074054305291352, 6.098067028455996, 10.417754565277573, 11.73083599537796, 14.94428662932598, 15.362086788550798, 16.735009732575612, 16.941444463060968, 9.012987092090471, -2.4482122408751303, 1.8088203495109256, -1.5801586209672303, 1.4745815265337872, -1.4251247233956392, 0.705205261991395], [0.0, 4.080682561611733, 6.07055480639852, 10.483782300164515, 11.601484053615017, 15.176498500137368, 14.954621115312493, 17.47812969688018, 15.363002630853707, 17.52837882703025, 6.931263762836159, -0.8892254561705072, 0.30717701605574466, -0.10643145052061757, 0.02346959684364939, 7.727255235259009e-16], [0.0, 4.076607523150593, 6.087373223117086, 10.443837612606197, 11.678424834042755, 15.04204576448204, 15.180296633422182, 17.09835144230635, 16.03781440570038, 16.11609814332108, 14.549267550838646, 7.349985097705094, -2.098770827725521, 1.605130959907767, -1.4502028874107935, 0.7052052619913945], [0.0, 4.078920620011755, 6.07786389289039, 10.466263998129184, 11.635708345327021, 15.115421041744268, 15.06038271753287, 17.29152428782159, 15.72068573803833, 16.672301440166617, 13.388671893758966, 13.709718135102149, 4.674402388153214, -0.44873837664311256, 0.07630801778744342, -5.139107561012814e-15], [0.0, 4.077790493207354, 6.082497805987367, 10.455386574666559, 11.65627620840451, 15.080475754868123, 15.116562553863123, 17.203287980317324, 15.85963704362962, 16.44646952338525, 13.785159666175483, 12.871527062750685, 9.472098428688367, 4.599989149995452, -1.600101856634868, 0.7052052619913901], [0.0, 4.078190393187422, 6.080860715541282, 10.459218411417469, 11.649062710855365, 15.092651745581042, 15.097174680178892, 17.23330546733458, 15.813409249188382, 16.51885649315632, 13.666638306857518, 13.084292260144565, 9.002346542702426, 7.607151791443302, 1.5543521486389926, -5.44015521618887e-15], [0.0, 4.0781394098763935, 6.0810692667549535, 10.45873093856711, 11.649978449112275, 15.091110806311372, 15.099617344515014, 17.22954838989063, 15.819137865907864, 16.51002786849777, 13.680700282328546, 13.060388973095057, 9.04832041458436, 7.491479790737719, 2.667728885893612, 0.7052052619913891]], "control_points": [[0.0], [1.7336730318364297], [6.858922296768291], [15.15174980824344], [26.249719210609022], [39.66779598701603], [54.81954579525947], [71.04276446255692], [87.62841948550721], [103.85163815280467], [119.00338796104809], [132.42146473745507], [143.5194341398207], [151.81226165129587], [156.93751091622772], [158.67118394806414]], "differentiate": [[-0.9474520173905081, 1.1536200674941905, -0.2915909983325423, 0.1319979557022439, -0.07619129118880955, 0.050418732632754176, -0.03648333766699961, 0.028152057639227984, -0.02282364570469947, 0.01925824219601862, -0.016806244210918055, 0.01510329162998833, -0.013935394965754556, 0.013174166422695727, -0.012743925835981863, 0.00630234157909427], [-0.28840501687354764, 0.14260951770727667, 0.19511246152303868, -0.07452632867314479, 0.04078961153474485, -0.02636148992245142, 0.01883740339838615, -0.014428121612293435, 0.011642155559995418, -0.009792596227465039, 0.008527350822022864, -0.007651824144772102, 0.007052894396344908, -0.006663175668153495, 0.006443139639013844, -0.003185981458995466], [0.07289774958313558, -0.19511246152303868, 0.03480210398873054, 0.1205861328498942, -0.051570856238828504, 0.030479558958381576, -0.02085043786037226, 0.01558024521836777, -0.012380911542178357, 0.010310052576363287, -0.008917069550214278, 0.00796415858234457, -0.007317402712119568, 0.006898771732013673, -0.006663175668153495, 0.0032935416056739325], [-0.032999488925560976, 0.07452632867314479, -0.1205861328498942, 0.014757820092061261, 0.09010657389151257, -0.04078961153474486, 0.02520936631637708, -0.017891963604257512, 0.01379754346402735, -0.011273971350622525, 0.009629121098009312, -0.008527350822022866, 0.007790122609183885, -0.007317402712119568, 0.007052894396344908, -0.003483848741438639], [0.019047822797202386, -0.04078961153474485, 0.051570856238828504, -0.09010657389151257, 0.007635999944852604, 0.07452632867314483, -0.03500196254384212, 0.02232489428605021, -0.016292296766162808, 0.012886279278027688, -0.010781244704083648, 0.009418701699193078, -0.008527350822022862, 0.007964158582344567, -0.0076518241447720995, 0.0037758229074970812], [-0.012604683158188544, 0.02636148992245142, -0.030479558958381576, 0.04078961153474486, -0.07452632867314483, 0.004201561052729561, 0.0659989778511219, -0.031872541984530565, 0.02085043786037226, -0.01558024521836777, 0.012604683158188544, -0.010781244704083648, 0.00962912109800931, -0.008917069550214275, 0.008527350822022862, -0.004201561052729513], [0.009120834416749903, -0.01883740339838615, 0.02085043786037226, -0.02520936631637708, 0.03500196254384212, -0.0659989778511219, 0.0021531369338726246, 0.06164004939511708, -0.030479558958381576, 0.020394805767372425, -0.015580245218367775, 0.012886279278027693, -0.011273971350622525, 0.010310052576363285, -0.009792596227465039, 0.004814560549004655], [-0.007038014409806996, 0.014428121612293435, -0.01558024521836777, 0.017891963604257512, -0.02232489428605021, 0.031872541984530565, -0.06164004939511708, 0.0006660514918159778, 0.06029306642494713, -0.03047955895838157, 0.020850437860372266, -0.016292296766162815, 0.01379754346402735, -0.012380911542178352, 0.011642155559995418, -0.005705911426174867], [0.005705911426174867, -0.011642155559995418, 0.012380911542178357, -0.01379754346402735, 0.016292296766162808, -0.02085043786037226, 0.030479558958381576, -0.06029306642494713, -0.000666051491815961, 0.061640049395117046, -0.03187254198453058, 0.022324894286050223, -0.01789196360425751, 0.015580245218367768, -0.014428121612293432, 0.007038014409806995], [-0.004814560549004655, 0.009792596227465039, -0.010310052576363287, 0.011273971350622525, -0.012886279278027688, 0.01558024521836777, -0.020394805767372425, 0.03047955895838157, -0.061640049395117046, -0.002153136933872737, 0.06599897785112202, -0.03500196254384216, 0.02520936631637708, -0.020850437860372256, 0.01883740339838615, -0.009120834416749903], [0.004201561052729514, -0.008527350822022864, 0.008917069550214278, -0.009629121098009312, 0.010781244704083648, -0.012604683158188544, 0.015580245218367775, -0.020850437860372266, 0.03187254198453058, -0.06599897785112202, -0.004201561052729532, 0.07452632867314489, -0.04078961153474482, 0.030479558958381548, -0.026361489922451402, 0.012604683158188535], [-0.0037758229074970825, 0.007651824144772102, -0.00796415858234457, 0.008527350822022866, -0.009418701699193078, 0.010781244704083648, -0.012886279278027693, 0.016292296766162815, -0.022324894286050223, 0.03500196254384216, -0.07452632867314489, -0.007635999944852369, 0.09010657389151228, -0.05157085623882839, 0.040789611534744794, -0.019047822797202362], [0.003483848741438639, -0.007052894396344908, 0.007317402712119568, -0.007790122609183885, 0.008527350822022862, -0.00962912109800931, 0.011273971350622525, -0.01379754346402735, 0.01789196360425751, -0.02520936631637708, 0.04078961153474482, -0.09010657389151228, -0.014757820092061362, 0.12058613284989407, -0.07452632867314479, 0.032999488925560976], [-0.0032935416056739317, 0.006663175668153495, -0.006898771732013673, 0.007317402712119568, -0.007964158582344567, 0.008917069550214275, -0.010310052576363285, 0.012380911542178352, -0.015580245218367768, 0.020850437860372256, -0.030479558958381548, 0.05157085623882839, -0.12058613284989407, -0.03480210398873084, 0.19511246152303902, -0.07289774958313568], [0.003185981458995466, -0.006443139639013844, 0.006663175668153495, -0.007052894396344908, 0.0076518241447720995, -0.008527350822022862, 0.009792596227465039, -0.011642155559995418, 0.014428121612293432, -0.01883740339838615, 0.026361489922451402, -0.040789611534744794, 0.07452632867314479, -0.19511246152303902, -0.1426095177072764, 0.28840501687354764], [-0.00630234157909427, 0.012743925835981863, -0.01317416642269573, 0.013935394965754556, -0.015103291629988325, 0.016806244210918052, -0.01925824219601862, 0.02282364570469947, -0.02815205763922798, 0.03648333766699961, -0.05041873263275414, 0.07619129118880945, -0.1319979557022439, 0.2915909983325427, -1.1536200674941905, 0.9474520173905077]]}, "offset": [0.0001, 0.0001, 0.0001, 0.0001, 0.0001, 0.0001, 0.0001, 0.0001, 0.0001, 0.0001, 0.0001, 0.0001, 0.0001, 0.0001, 0.0001, 0.0001, 0.0, 0.0, 0.0, 0.0, 0.0, 0.0, 0.0, 0.0, 0.0, 0.0, 0.0, 0.0, 0.0, 0.0, 0.0, 0.0], "number_control_points": 16, "tag": "numerics", "tolerance_solution": 1e-08, "converged": null, "discretization_method": null, "dimensionless": {"integrate": [[0.0, 0.0, 0.0, 0.0, 0.0, 0.0, 0.0, 0.0, 0.0, 0.0, 0.0, 0.0, 0.0, 0.0, 0.0, 0.0], [0.0, 0.015905769393285, -0.009617893348472701, 0.009178631933202333, -0.00903953556873803, 0.00897751226158412, -0.008944529897160722, 0.008924992588230742, -0.008912567274279777, 0.008904283393898139, -0.00889860041451897, 0.008894660184180983, -0.008891961109302392, 0.00889020324987417, -0.008889210203129818, 0.004444444444444433], [0.0, 0.026897327141174012, 0.01822316169071195, -0.002670793798593755, 0.001190272270270501, -0.0006583387181451605, 0.0004005664011010347, -0.00025523965167498404, 0.00016550207113792708, -0.00010679449744114224, 6.702572690661172e-05, -3.969063024265153e-05, 2.1077323666127342e-05, -9.00314220185716e-06, 2.1989920309698075e-06, -2.1460637115216855e-17], [0.0, 0.025220908374887, 0.04115307821447512, 0.03645481433041584, -0.012981183065124528, 0.010729351544446864, -0.009911592366805534, 0.009509367827911362, -0.009279482167320737, 0.009136158909858699, -0.00904210029645504, 0.008978823957312646, -0.008936364803384602, 0.00890909024987205, -0.00889381234200691, 0.004444444444444415], [0.0, 0.025952612634769726, 0.03709778098559272, 0.07025277662236705, 0.03598891577729133, -0.005474007610571455, 0.0024826796862223014, -0.001378174249106761, 0.0008268479778108986, -0.0005084684370513175, 0.000309224653201212, -0.00017927883452225935, 9.386282745473181e-05, -3.972968629385448e-05, 9.654473406604297e-06, -3.092345841484348e-17], [0.0, 0.025553914152174707, 0.0389957430411615, 0.06397856037826109, 0.07902634614100497, 0.051426143301143264, -0.015306884476958493, 0.011763608946460733, -0.010455533195714475, 0.009802704653003856, -0.009427031302031168, 0.00919451713398434, -0.009046771126696874, 0.008955154609574995, -0.008904916699812335, 0.004444444444444412], [0.0, 0.025794561478969698, 0.03792054810767278, 0.0669843053482885, 0.07091122876644688, 0.10164991602056114, 0.04724891180531712, -0.007073159531729718, 0.00311675154246614, -0.0016541720903884875, 0.0009253361154315784, -0.0005095918758137284, 0.00025824710114348245, -0.00010712570032001982, 2.5745724481406038e-05, -2.83899092716265e-17], [0.0, 0.025641482489398383, 0.03858216116058075, 0.06526537715689378, 0.07481052579289553, 0.0921899607847463, 0.10228425710554255, 0.058611418991333916, -0.016172532285549726, 0.012002587357143307, -0.010470301025752422, 0.00971534845312819, -0.009295019273770997, 0.009054320397682607, -0.008928263182542414, 0.004444444444444417], [0.0, 0.025741201861860605, 0.03815954417642834, 0.06632062524357353, 0.07259568401115322, 0.09669074724619882, 0.09204924775049556, 0.11587014260328554, 0.049975080215290776, -0.007121310886792571, 0.00291937432458889, -0.0013883822175030215, 0.0006491177017976469, -0.0002571854753586819, 6.034507880868983e-05, -1.423358408675944e-17], [0.0, 0.025676081843725707, 0.03843210138554207, 0.065656247757548, 0.07393173545120624, 0.09418399899390369, 0.09681711830913846, 0.10546974766415856, 0.10677076984946555, 0.056802923302321735, -0.01542946980011489, 0.011399803697834537, -0.009958699378486039, 0.009293316466438188, -0.008981622799651558, 0.004444444444444437], [0.0, 0.025717855379130537, 0.03825870996453596, 0.0660723770964994, 0.07311651533029706, 0.09564747752247757, 0.09424913045463505, 0.11015314351345029, 0.09682289026016398, 0.1104698306957084, 0.04368319180819173, -0.005604202565612457, 0.001935934480430228, -0.0006707673559394027, 0.0001479134160323112, 4.8699801961446735e-18], [0.0, 0.025692173094800493, 0.038364705371515914, 0.06582063203123667, 0.07360142240991475, 0.09480011045613403, 0.0956714146558014, 0.10775965122881379, 0.10107578456684257, 0.10156915542141641, 0.09169445383101746, 0.04632211668699008, -0.013227170652564648, 0.010116083588518218, -0.009139673955451611, 0.004444444444444434], [0.0, 0.025706751021325063, 0.03830477432423887, 0.065961970773187, 0.07333220850696869, 0.09526254651690133, 0.09491567619778016, 0.10897709248505646, 0.09907713137871327, 0.10507453858555535, 0.08437998356488796, 0.08640332664051703, 0.029459680528275554, -0.0028281025292531533, 0.0004809191933200698, -3.2388411261208805e-17], [0.0, 0.02569962857617604, 0.038333978827423856, 0.06589341753502508, 0.07346183420563505, 0.09504230938242843, 0.09526974071619103, 0.10842099713548656, 0.09995284996941069, 0.10365126870653758, 0.08687878493859104, 0.0811207601940108, 0.0596963997683962, 0.028990702883398847, -0.010084388461855867, 0.004444444444444406], [0.0, 0.025702148882447904, 0.03832366132423676, 0.06591756707910464, 0.07341637228010038, 0.09511904663496512, 0.09514755171374067, 0.10861017759201534, 0.09966150661839385, 0.10410747611591045, 0.08613182284775066, 0.08246167914413044, 0.05673586292548906, 0.04794286903369459, 0.00979605817492204, -3.428571641571369e-17], [0.0, 0.025701827568206968, 0.03832497568522205, 0.06591449485869114, 0.07342214357539248, 0.09510933510933502, 0.09516294621874999, 0.10858649920662446, 0.09969761031773573, 0.10405183510763863, 0.08622044622044592, 0.0823110324642813, 0.057025605969802516, 0.04721386457411077, 0.016812938679318146, 0.0044444444444444]], "control_points": [[0.0], [0.010926199633097156], [0.04322727117869957], [0.09549150281252627], [0.16543469682057088], [0.24999999999999994], [0.3454915028125263], [0.4477357683661733], [0.5522642316338267], [0.6545084971874737], [0.7499999999999999], [0.8345653031794289], [0.9045084971874737], [0.9567727288213005], [0.9890738003669028], [1.0]], "differentiate": [[-150.33333333333377, 183.04626193554887, -46.26708893402249, 20.944271909999163, -12.089362379460118, 8.000000000000002, -5.788854381999832, 4.466920316190448, -3.6214548859758136, 3.0557280900008412, -2.666666666666667, 2.396457164443136, -2.211145618000168, 2.0903605838179637, -2.0220938005415654, 1.0], [-45.76156548388722, 22.628021016876005, 30.958725272881658, -11.825180805870444, 6.472135954999579, -4.182808816630328, 2.9889530997292173, -2.2893271383692513, 1.8472746064120107, -1.5538028373372241, 1.353044850870866, -1.2141239964133728, 1.1190911041287137, -1.0572539721198484, 1.0223405948650293, -0.5055234501353914], [11.566772233505622, -30.958725272881658, 5.522091043775521, 19.133544467011262, -8.18280881663033, 4.836227706141229, -3.3083636611408074, 2.472135954999579, -1.9644938927536926, 1.6359082488583518, -1.4148819828797312, 1.263682471410749, -1.1610609517567874, 1.0946362785060466, -1.0572539721198484, 0.522590145954491], [-5.236067977499791, 11.825180805870444, -19.133544467011262, 2.341640786499889, 14.297316760870023, -6.472135954999581, 4.0, -2.8389390482432124, 2.1892725570120937, -1.7888543819998317, 1.5278640450004208, -1.3530448508708661, 1.2360679774997896, -1.1610609517567874, 1.1190911041287137, -0.552786404500042], [3.0223405948650295, -6.472135954999579, 8.18280881663033, -14.297316760870023, 1.2116131518771152, 11.82518080587045, -5.553802837337225, 3.5423174078829587, -2.5851180171202697, 2.0446811897300585, -1.7106728616307487, 1.494476549864609, -1.3530448508708657, 1.2636824714107486, -1.2141239964133723, 0.5991142911107837], [-2.0000000000000004, 4.182808816630328, -4.836227706141229, 6.472135954999581, -11.82518080587045, 0.6666666666666741, 10.472135954999574, -5.057253972119846, 3.3083636611408074, -2.472135954999579, 2.0000000000000004, -1.710672861630749, 1.5278640450004206, -1.4148819828797308, 1.3530448508708657, -0.6666666666666666], [1.447213595499958, -2.9889530997292173, 3.3083636611408074, -4.0, 5.553802837337225, -10.472135954999574, 0.34164078649987406, 9.780499616140382, -4.836227706141229, 3.2360679774997894, -2.47213595499958, 2.0446811897300594, -1.7888543819998317, 1.6359082488583514, -1.5538028373372241, 0.7639320225002103], [-1.116730079047612, 2.2893271383692513, -2.472135954999579, 2.8389390482432124, -3.5423174078829587, 5.057253972119846, -9.780499616140382, 0.10568317877681555, 9.566772233505636, -4.836227706141228, 3.3083636611408087, -2.5851180171202706, 2.1892725570120937, -1.9644938927536917, 1.8472746064120107, -0.9053637214939534], [0.9053637214939534, -1.8472746064120107, 1.9644938927536926, -2.1892725570120937, 2.5851180171202697, -3.3083636611408074, 4.836227706141229, -9.566772233505636, -0.10568317877681288, 9.780499616140377, -5.057253972119849, 3.542317407882961, -2.838939048243212, 2.4721359549995787, -2.289327138369251, 1.1167300790476118], [-0.7639320225002103, 1.5538028373372241, -1.6359082488583518, 1.7888543819998317, -2.0446811897300585, 2.472135954999579, -3.2360679774997894, 4.836227706141228, -9.780499616140377, -0.3416407864998918, 10.472135954999594, -5.553802837337231, 4.0, -3.308363661140807, 2.9889530997292173, -1.447213595499958], [0.6666666666666667, -1.353044850870866, 1.4148819828797312, -1.5278640450004208, 1.7106728616307487, -2.0000000000000004, 2.47213595499958, -3.3083636611408087, 5.057253972119849, -10.472135954999594, -0.6666666666666696, 11.82518080587046, -6.472135954999574, 4.836227706141225, -4.182808816630326, 1.9999999999999991], [-0.599114291110784, 1.2141239964133728, -1.263682471410749, 1.3530448508708661, -1.494476549864609, 1.710672861630749, -2.0446811897300594, 2.5851180171202706, -3.542317407882961, 5.553802837337231, -11.82518080587046, -1.2116131518770779, 14.297316760869979, -8.182808816630311, 6.47213595499957, -3.0223405948650255], [0.552786404500042, -1.1190911041287137, 1.1610609517567874, -1.2360679774997896, 1.3530448508708657, -1.5278640450004206, 1.7888543819998317, -2.1892725570120937, 2.838939048243212, -4.0, 6.472135954999574, -14.297316760869979, -2.341640786499905, 19.13354446701124, -11.825180805870444, 5.236067977499791], [-0.5225901459544909, 1.0572539721198484, -1.0946362785060466, 1.1610609517567874, -1.2636824714107486, 1.4148819828797308, -1.6359082488583514, 1.9644938927536917, -2.4721359549995787, 3.308363661140807, -4.836227706141225, 8.182808816630311, -19.13354446701124, -5.522091043775568, 30.95872527288171, -11.566772233505636], [0.5055234501353914, -1.0223405948650293, 1.0572539721198484, -1.1190911041287137, 1.2141239964133723, -1.3530448508708657, 1.5538028373372241, -1.8472746064120107, 2.289327138369251, -2.9889530997292173, 4.182808816630326, -6.47213595499957, 11.825180805870444, -30.95872527288171, -22.628021016875962, 45.76156548388722], [-1.0, 2.0220938005415654, -2.090360583817964, 2.211145618000168, -2.396457164443135, 2.6666666666666665, -3.0557280900008412, 3.6214548859758136, -4.466920316190447, 5.788854381999832, -7.9999999999999964, 12.089362379460102, -20.944271909999163, 46.267088934022546, -183.04626193554887, 150.3333333333337]]}, "scaling_factor": [10000.0, 10000.0, 10000.0, 10000.0, 10000.0, 10000.0, 10000.0, 10000.0, 10000.0, 10000.0, 10000.0, 10000.0, 10000.0, 10000.0, 10000.0, 10000.0, 11.459155902616464, 11.459155902616464, 11.459155902616464, 11.459155902616464, 11.459155902616464, 11.459155902616464, 11.459155902616464, 11.459155902616464, 11.459155902616464, 11.459155902616464, 11.459155902616464, 11.459155902616464, 11.459155902616464, 11.459155902616464, 11.459155902616464, 11.459155902616464]}, "unknowns": {"tag": "unknowns", "wind_angle": [[10002.877149156626], [10002.877433810843], [10002.878273509856], [10002.879630799383], [10002.881446182173], [10002.883637271589], [10002.886104448975], [10002.888735035234], [10002.891409744048], [10002.894008995037], [10002.896419382732], [10002.898538648878], [10002.900279750742], [10002.901573695735], [10002.90236900494], [10002.902636676909]], "body_angle": [[12.79595638829377], [12.79538863908624], [12.793736133160552], [12.791139612558593], [12.787814720260524], [12.784018914222482], [12.780014986265886], [12.776044361632032], [12.772303019768342], [12.768934823503134], [12.76603123110594], [12.763644002106147], [12.761791965733618], [12.760478657792133], [12.75969328331253], [12.759430673182454]]}, "conditions": {"freestream": {"stagnation_temperature": [[296.4017174877929], [296.13807877013926], [295.36575938323676], [294.13817098255424], [292.53699969619055], [290.6627461688102], [288.62432449630705], [286.52941975730675], [284.4770057721372], [282.5525608829807], [280.8259670770188], [279.35148755828044], [278.16918536245794], [277.3070224920853], [276.78306700483137], [276.6073496827626]], "reynolds_number": [[8804646.673886064], [8776640.43537592], [8694971.422230002], [8566303.235941634], [8400573.51342949], [8209564.841677498], [8005444.293963357], [7799551.859868802], [7601608.756850242], [7419360.551916608], [7258580.604275728], [7123302.201132606], [7016165.969330172], [6938784.151023345], [6892062.690198845], [6876445.3621988]], "temperature": [[288.15], [287.8862291468588], [287.1135262722169], [285.8853393833261], [284.2834079319992], [282.4082941137081], [280.3689730888983], [278.27318365133834], [276.21994198913825], [274.29475631792184], [272.56752707536566], [271.0925268382066], [269.9098217495441], [269.0473733171375], [268.5232476875539], [268.34747388158985]], "mach_number": [[0.3779411764405531], [0.378114277881549], [0.37862274169292665], [0.37943516725776716], [0.38050272033860916], [0.3817638474043426], [0.38314975049076044], [0.3845898729696538], [0.386016623559037], [0.38736891743838814], [0.3885943354318688], [0.3896500620527674], [0.3905028234987364], [0.3911282135114428], [0.39150974543899564], [0.39163794842058913]], "density": [[1.2250000002007604], [1.220234742513535], [1.2063567575273642], [1.1845470040955655], [1.1565552129973926], [1.1244358743541352], [1.0902832155915212], [1.0560175630059678], [1.0232525611963021], [0.9932429741578482], [0.9668964331324992], [0.9448235000187447], [0.927404883909935], [0.9148586430559346], [0.9072977601057345], [0.9047728342446282]], "speed_of_sound": [[340.29399051558636], [340.13820327462173], [339.68142150166517], [338.9541144554476], [338.0031317428169], [336.8865647848878], [335.6680017313819], [334.41107046846037], [333.1750584348642], [332.01195377676885], [330.9649662499009], [330.0682423443173], [329.3474550550267], [328.8208486840556], [328.5004079959768], [328.3928731364731]], "altitude": [[0.0], [40.580389729579736], [159.46148768695494], [348.42838006011664], [594.9158654528176], [883.4618591387034], [1197.3060314424804], [1519.8727034975595], [1835.9224430037189], [2132.289361342186], [2398.205932696457], [2625.3080094828483], [2807.4178292330225], [2940.2219325177402], [3020.9321098938053], [3048.0]], "dynamic_pressure": [[10131.250966166543], [10091.840336338117], [9977.063725091957], [9796.688145098855], [9565.184585456715], [9299.54451965361], [9017.088064935911], [8733.697105093608], [8462.717140859957], [8214.525583612802], [7996.628914898949], [7814.076731308576], [7670.0176527349095], [7566.255110079384], [7503.723516053478], [7482.841346612141]], "gravity": [[9.80665], [9.80665], [9.80665], [9.80665], [9.80665], [9.80665], [9.80665], [9.80665], [9.80665], [9.80665], [9.80665], [9.80665], [9.80665], [9.80665], [9.80665], [9.80665]], "pressure": [[101325.0], [100838.45359895473], [99424.01890395248], [97208.91215823857], [94379.95875689307], [91153.64511558128], [87746.77771681779], [84353.75065938733], [81133.41751792787], [78205.0695719162], [75651.2262170433], [73524.17025192986], [71853.83738365353], [70655.28484012166], [69934.84708380802], [69694.57330560466]], "specific_heat_at_constant_pressure": [[1004.7652106172491], [1004.7615203029825], [1004.7512479010719], [1004.7365757062671], [1004.720504775093], [1004.706125148904], [1004.6959450427868], [1004.6914475530307], [1004.6929432386676], [1004.6996861092618], [1004.7101608378822], [1004.7224369397807], [1004.734507212315], [1004.7445632296776], [1004.7511925735511], [1004.7535036784124]], "gas_specific_constant": 287.0528742, "velocity": [[128.61111111111111], [128.61111111111111], [128.61111111111111], [128.61111111111111], [128.61111111111111], [128.6111111111111], [128.61111111111111], [128.61111111111111], [128.61111111111111], [128.61111111111111], [128.61111111111111], [128.61111111111111], [128.61111111111111], [128.61111111111111], [128.6111111111111], [128.61111111111111]], "dynamic_viscosity": [[1.789380278077583e-05], [1.7881072741511308e-05], [1.7843748466536072e-05], [1.7784323314737556e-05], [1.7706630477925275e-05], [1.7615421762638662e-05], [1.75158967615024e-05], [1.7413255860232192e-05], [1.7312341775568614e-05], [1.7217397862777607e-05], [1.7131947879904967e-05], [1.705877368532516e-05], [1.6999964523489575e-05], [1.695700342194306e-05], [1.693086355725737e-05], [1.692209177651962e-05]], "isentropic_expansion_factor": [[1.4009657721330457], [1.4009721928336916], [1.4009908271916574], [1.4010199088085356], [1.4010568465892903], [1.4010986496696545], [1.4011423508133962], [1.4011853399052578], [1.401225558218611], [1.4012615541492826], [1.4012924311545933], [1.4013177337978193], [1.4013373110844776], [1.4013511870565547], [1.4013594545779116], [1.4013621992318264]], "stagnation_pressure": [[111830.45642114663], [111303.43153014814], [109771.10190658028], [107370.69363030074], [104303.86821427342], [100804.54159832708], [97107.29950326824], [93422.85337570742], [89923.78308500366], [86740.06755975967], [83961.96978924339], [81646.99263841646], [79828.33583989863], [78522.93332908249], [77738.09700212552], [77476.31651049765]]}, "energies": {"propulsion_power": [[0.0], [0.0], [0.0], [0.0], [0.0], [0.0], [0.0], [0.0], [0.0], [0.0], [0.0], [0.0], [0.0], [0.0], [0.0], [0.0]], "total_efficiency": [[0.0], [0.0], [0.0], [0.0], [0.0], [0.0], [0.0], [0.0], [0.0], [0.0], [0.0], [0.0], [0.0], [0.0], [0.0], [0.0]], "gravity_energy": [[0.0], [0.0], [0.0], [0.0], [0.0], [0.0], [0.0], [0.0], [0.0], [0.0], [0.0], [0.0], [0.0], [0.0], [0.0], [0.0]], "total_energy": [[0.0], [0.0], [0.0], [0.0], [0.0], [0.0], [0.0], [0.0], [0.0], [0.0], [0.0], [0.0], [0.0], [0.0], [0.0], [0.0]]}, "aerodynamics": {"drag_coefficient": [[0.031770962902171504], [0.03188130259449291], [0.032209219202934423], [0.03274677137814774], [0.03348021289972753], [0.03438761769353379], [0.0354385311746566], [0.03659328072737095], [0.037803820737905454], [0.03901558435512131], [0.04017060854783006], [0.04121112707274534], [0.042083538108654985], [0.042742175607710736], [0.04315140509937755], [0.043289913173183085]], "angle_of_attack": [[0.04614012672377487], [0.046424780941841895], [0.04726447995403317], [0.04862176948211697], [0.05043715227093503], [0.052628241686936555], [0.055095419074075516], [0.057726005332988835], [0.060400714146516606], [0.06299996513538722], [0.06541035283117136], [0.06752961897597577], [0.06927072084063905], [0.07056466583362118], [0.07135997503765963], [0.07162764700671875]], "lift_coefficient_wing": {"horizontal_stabilizer": [[0.0], [0.0], [0.0], [0.0], [0.0], [0.0], [0.0], [0.0], [0.0], [0.0], [0.0], [0.0], [0.0], [0.0], [0.0], [0.0]], "main_wing": [[0.0], [0.0], [0.0], [0.0], [0.0], [0.0], [0.0], [0.0], [0.0], [0.0], [0.0], [0.0], [0.0], [0.0], [0.0], [0.0]], "vertical_stabilizer": [[0.0], [0.0], [0.0], [0.0], [0.0], [0.0], [0.0], [0.0], [0.0], [0.0], [0.0], [0.0], [0.0], [0.0], [0.0], [0.0]]}, "roll_angle": [[0.0], [0.0], [0.0], [0.0], [0.0], [0.0], [0.0], [0.0], [0.0], [0.0], [0.0], [0.0], [0.0], [0.0], [0.0], [0.0]], "lift_coefficient": [[0.5262717089821088], [0.5283915529995564], [0.5346463639075585], [0.5447607056864607], [0.5582961254908647], [0.5746440709391298], [0.5930664221659293], [0.6127255566444451], [0.6327316777293659], [0.6521897550656126], [0.6702481351132049], [0.6861365192715129], [0.6991973935522551], [0.7089082903229825], [0.7148790172319047], [0.7168889831446359]], "drag_breakdown": {"total": [[0.031770962902171504], [0.03188130259449291], [0.032209219202934423], [0.03274677137814774], [0.03348021289972753], [0.03438761769353379], [0.0354385311746566], [0.03659328072737095], [0.037803820737905454], [0.03901558435512131], [0.04017060854783006], [0.04121112707274534], [0.042083538108654985], [0.042742175607710736], [0.04315140509937755], [0.043289913173183085]], "spoiler_drag": 0.0, "compressible": {"horizontal_stabilizer": {"crest_critical": 0.9394647313812111, "compressibility_drag": [[4.87579025055884e-10], [4.908588404919552e-10], [5.006121470580517e-10], [5.165715207066934e-10], [5.382638331672185e-10], [5.649822409417103e-10], [5.95766453341766e-10], [6.29405573425488e-10], [6.644705019605789e-10], [6.993778980976211e-10], [7.324785305525427e-10], [7.621600106562612e-10], [7.86949280560367e-10], [8.05604233090763e-10], [8.171865625673537e-10], [8.211131721857009e-10]], "divergence_mach": 0.9714722054458921, "wing_sweep": 0.6021385919380436, "thickness_to_chord": 0.13347470511030118}, "total": [[8.253538864176257e-08], [8.368900838253962e-08], [8.717132623657743e-08], [9.304713369459697e-08], [1.0139587933349111e-07], [1.1225731450886307e-07], [1.255730856592499e-07], [1.4111597167463957e-07], [1.5843140274098972e-07], [1.7680584654342367e-07], [1.952813864384217e-07], [2.1272021287076976e-07], [2.2791544065755943e-07], [2.397291272588284e-07], [2.4722079739422866e-07], [2.4978485584607685e-07]], "main_wing": {"crest_critical": [[0.7383567304238761], [0.737991556753783], [0.7369194112938333], [0.7352025634313094], [0.7329376160357021], [0.7302517988458889], [0.7272904248569341], [0.7242064995704584], [0.7211489764612043], [0.7182534315909352], [0.7156351862723992], [0.7133865051993884], [0.7115765162751461], [0.7102532961713596], [0.7094492543298331], [0.7091802183141482]], "compressibility_drag": [[8.177371450613096e-08], [8.292221066599309e-08], [8.638929234093678e-08], [9.22401687795638e-08], [1.0055502765858076e-07], [1.1137472453287476e-07], [1.2464240596412686e-07], [1.4013274245134467e-07], [1.5739339665535976e-07], [1.7571330968552194e-07], [1.9413714125362654e-07], [2.1152960060589013e-07], [2.2668610370446137e-07], [2.3847064837362566e-07], [2.4594422511218286e-07], [2.4850214959018614e-07]], "divergence_mach": [[0.7578195271515074], [0.7574447276452589], [0.7563443208472735], [0.7545822175417046], [0.7522575670121743], [0.7495009527240765], [0.7464615180666039], [0.7432963017069913], [0.7401581834757409], [0.7371863131669626], [0.7344990519184323], [0.7321910964854463], [0.7303333969559366], [0.7289752972839891], [0.7281500612117103], [0.7278739335111123]], "wing_sweep": 0.4014257279586958, "thickness_to_chord": 0.11949964151458259}, "vertical_stabilizer": {"crest_critical": 0.9441159452134248, "compressibility_drag": [[2.7409511057571905e-10], [2.759388760545863e-10], [2.814217485825971e-10], [2.903933943264684e-10], [3.0258784174312947e-10], [3.176077350466142e-10], [3.3491324178126603e-10], [3.538236498693921e-10], [3.7353558366936223e-10], [3.931589598041266e-10], [4.1176665424261896e-10], [4.28452254223355e-10], [4.423876725377057e-10], [4.5287465211197625e-10], [4.593857194784339e-10], [4.6159308370499265e-10]], "divergence_mach": 0.9766575792093745, "wing_sweep": 0.6108652381980153, "thickness_to_chord": 0.13428520476376016}}, "miscellaneous": {"total": [[0.0012710160018056212], [0.0012710160018056212], [0.0012710160018056212], [0.0012710160018056212], [0.0012710160018056212], [0.0012710160018056212], [0.0012710160018056212], [0.0012710160018056212], [0.0012710160018056212], [0.0012710160018056212], [0.0012710160018056212], [0.0012710160018056212], [0.0012710160018056212], [0.0012710160018056212], [0.0012710160018056212], [0.0012710160018056212]], "trim_correction_factor": 1.02, "total_wetted_area": 703.2331455285838, "reference_area": 92.0}, "trim_corrected_drag": [[0.031770962902171504], [0.03188130259449291], [0.032209219202934423], [0.03274677137814774], [0.03348021289972753], [0.03438761769353379], [0.0354385311746566], [0.03659328072737095], [0.037803820737905454], [0.03901558435512131], [0.04017060854783006], [0.04121112707274534], [0.042083538108654985], [0.042742175607710736], [0.04315140509937755], [0.043289913173183085]], "parasite": {"vertical_stabilizer": {"wetted_area": 32.704, "skin_friction_coefficient": [[0.002482167865313739], [0.0024833041771001505], [0.002486642607395407], [0.0024919787976692013], [0.0024989945207325955], [0.0025072879234492185], [0.0025164088071432454], [0.00252589419906321], [0.0025352992266632116], [0.0025442205166932947], [0.0025523107271897645], [0.002559285159204489], [0.0025649217998081134], [0.002569057279003438], [0.002571580932529719], [0.0025724290571674836]], "compressibility_factor": [[0.9838250985773414], [0.9838105185272192], [0.9837676553506267], [0.9836990566195508], [0.9836087067523747], [0.9835016686236561], [0.9833836586658004], [0.98326060902891], [0.9831382772485343], [0.9830219396029877], [0.9829161895896695], [0.9828248339402278], [0.9827508730448579], [0.9826965366369136], [0.9826633478559148], [0.9826521889476778]], "reference_area": 16.0, "form_factor": [[1.1944349793235467], [1.1944455716559639], [1.1944767229423077], [1.1945266132776677], [1.1945923894071075], [1.194670413125374], [1.194756558373451], [1.19484652109101], [1.19493609957666], [1.195021419180356], [1.1950990845705545], [1.1951662633185767], [1.1952207085397912], [1.1952607404750684], [1.1952852058192536], [1.195293434033348]], "reynolds_factor": [[0.9932600767863089], [0.993254692735648], [0.9932388684745629], [0.9932135556626299], [0.9931802401054871], [0.9931408050813998], [0.9930973703690941], [0.993052127830357], [0.9930071963971309], [0.992964509755422], [0.9929257441241638], [0.9928922826630873], [0.9928652110418794], [0.9928453330057162], [0.9928331958235899], [0.9928291157365327]], "parasite_drag_coefficient": [[0.0010539177257694007], [0.0010544095493269902], [0.0010558545810407684], [0.001058164578573014], [0.0010612020841813008], [0.0010647934325970882], [0.0010687439430443594], [0.0010728532612575032], [0.0010769287031966509], [0.0010807953978584574], [0.0010843026178446553], [0.0010873266951874666], [0.0010897710953864201], [0.0010915647159472186], [0.0010926593538756473], [0.001093027244487988]]}, "total": [[0.017536103723123024], [0.017543839299497346], [0.017566565565723134], [0.017602890010471144], [0.017650644540794284], [0.01770709189988892], [0.017769166330052977], [0.017833716035204922], [0.017897713430341276], [0.01795841428967899], [0.018013456393037953], [0.01806090420222051], [0.018099248840246343], [0.018127380314894227], [0.018144546922012384], [0.018150316026599844]], "main_wing": {"wetted_area": 188.048, "skin_friction_coefficient": [[0.0024498403409254446], [0.00245095591605871], [0.002454233399980736], [0.0024594721013471675], [0.002466359517868774], [0.002474501051782186], [0.0024834546696088336], [0.0024927658400773003], [0.0025019978499955455], [0.0025107547711386772], [0.0025186957145605948], [0.002525541305673515], [0.0025310737104903515], [0.002535132652652995], [0.002537609574305489], [0.0025384419894059957]], "compressibility_factor": [[0.9838250985773414], [0.9838105185272192], [0.9837676553506267], [0.9836990566195508], [0.9836087067523747], [0.9835016686236561], [0.9833836586658004], [0.98326060902891], [0.9831382772485343], [0.9830219396029877], [0.9829161895896695], [0.9828248339402278], [0.9827508730448579], [0.9826965366369136], [0.9826633478559148], [0.9826521889476778]], "reference_area": 92.0, "form_factor": [[1.2556712285787106], [1.2556896898364485], [1.2557439883032382], [1.2558309662923435], [1.255945669987385], [1.256081776907147], [1.2562321083769357], [1.2563891657241057], [1.2565456173496494], [1.2566946911402592], [1.2568304425008598], [1.2569479037360753], [1.2570431274395857], [1.2571131579337176], [1.2571559631812632], [1.2571703605875248]], "reynolds_factor": [[0.9932600767863089], [0.993254692735648], [0.9932388684745628], [0.9932135556626299], [0.9931802401054871], [0.9931408050813998], [0.9930973703690941], [0.993052127830357], [0.9930071963971309], [0.9929645097554219], [0.9929257441241638], [0.9928922826630873], [0.9928652110418794], [0.9928453330057162], [0.99283319582359], [0.9928291157365327]], "parasite_drag_coefficient": [[0.006287740598774389], [0.006290696311334837], [0.006299380784706081], [0.006313264425134318], [0.006331522110711299], [0.006353111085997916], [0.006376861993131597], [0.00640157088406359], [0.006426079341113623], [0.006449335479722487], [0.006470432130688497], [0.0064886245493288594], [0.006503331053393671], [0.006514122968564307], [0.006520709541504842], [0.006522923239674789]]}, "horizontal_stabilizer": {"wetted_area": 53.144, "skin_friction_coefficient": [[0.002573253006571637], [0.002574448