{"numerics": {"tolerance_boundary_conditions": 1e-08, "solver_jacobian": "none", "time": {"integrate": [], "control_points": [], "differentiate": []}, "number_control_points": 16, "tag": "numerics", "tolerance_solution": 1e-08, "converged": null, "discretization_method": null, "dimensionless": {"integrate": [], "control_points": [], "differentiate": []}}, "segments": {"climb_250kcas": {"numerics": {"tolerance_boundary_conditions": 1e-08, "solver_jacobian": "none", "time": {"integrate": [[0.0, 0.0, 0.0, 0.0, 0.0, 0.0, 0.0, 0.0, 0.0, 0.0, 0.0, 0.0, 0.0, 0.0, 0.0, 0.0], [0.0, 2.5125907721239686, -1.5193122367816587, 1.4499233156129292, -1.427950644367218, 1.4181529926247334, -1.4129428589654398, 1.4098566038515836, -1.4078938110811237, 1.4065852292144063, -1.4056875045465076, 1.4050650771654343, -1.404638711708637, 1.4043610274753888, -1.4042041586044534, 0.7020767007374805], [0.0, 4.248897007034743, 2.878662878284665, -0.42189797215503705, 0.1880240464104359, -0.10399596192069692, 0.06327637589504291, -0.0403195078227051, 0.026143908315690526, -0.01687003389458895, 0.010587870272503354, -0.006269820014464152, 0.00332952701847549, -0.0014222016840037763, 0.00034736874076155656, -3.380996849192951e-15], [0.0, 3.984077731824675, 6.5008389100523045, 5.758667048496557, -2.0506018900571847, 1.6948862400100173, -1.5657070652868756, 1.5021687579118033, -1.465854350531593, 1.4432139685905696, -1.4283557873713342, 1.4183601976018605, -1.4116530414930408, 1.4073445550705905, -1.4049311458622653, 0.7020767007374776], [0.0, 4.099663047180834, 5.860234727785496, 11.09763846645273, 5.68507033170896, -0.8647139706844216, 0.392182101695458, -0.2177064067171997, 0.13061490756140998, -0.08032136461068108, 0.04884737046889579, -0.028320185847025357, 0.0148272534497954, -0.006275989591767681, 0.001525090688250102, -4.715734186037263e-15], [0.0, 4.036681741249724, 6.160050588857684, 10.106517732368243, 12.483575183253377, 8.123646829616911, -2.41798656423439, 1.8582650455268181, -1.6516319063621494, 1.548506371744121, -1.4891622827127924, 1.4524326572179374, -1.4290936256156634, 1.4146212156489995, -1.406685270812931, 0.7020767007374759], [0.0, 4.074696139528166, 5.990204993758165, 10.581327022526649, 11.201652345957266, 16.057358475740482, 7.463781025585496, -1.1173276142610389, 0.49234469398945285, -0.2613050288261709, 0.14617280857395512, -0.08049883115114527, 0.04079458636780063, -0.01692235310510261, 0.004066981492947543, -7.377101526787746e-15], [0.0, 4.050514671339312, 6.094718193362022, 10.309792650007354, 11.81761360405028, 14.562995289496317, 16.157563597359825, 9.258685125969999, -2.5547305746620594, 1.8960158097037583, -1.6539647399749438, 1.5347069524096173, -1.4683087046296173, 1.4302861632506374, -1.4103732506659477, 0.7020767007374755], [0.0, 4.066267067143338, 6.027958547332419, 10.476487296417385, 11.467741121624524, 15.273972184151933, 14.540767237357882, 18.303688672401638, 7.89442637324454, -1.124933951773157, 0.4611655561556266, -0.21931893149111023, 0.10253934325537606, -0.04062688425392622, 0.009532546613040548, -4.933645426345318e-15], [0.0, 4.055980236459411, 6.071013662213195, 10.371537406894936, 11.678793503710313, 14.877988037078001, 15.293934674412844, 16.66076680522509, 16.866285712000618, 8.973002021476148, -2.4373510315635096, 1.8007957280768785, -1.5731484307388928, 1.4680397168248955, -1.4188023230507834, 0.7020767007374787], [0.0, 4.062579087290325, 6.043623494934063, 10.437272217403434, 11.550015416816208, 15.109169726889792, 14.88827667531752, 17.400590004101726, 15.294846453687741, 17.45061620982105, 6.900514016035005, -0.8852805106941988, 0.3058142608944755, -0.10595927974958255, 0.02336547670262126, -1.897892338739411e-15], [0.0, 4.0585221272641085, 6.060367298699868, 10.39750473981294, 11.626614858406201, 14.975313475183075, 15.112951010197342, 17.02249659165312, 15.966664504456814, 16.04460094536617, 14.484721414861363, 7.317377742325193, -2.089459874664971, 1.5980099827975691, -1.443769230703449, 0.7020767007374782], [0.0, 4.0608249623396535, 6.050900155512472, 10.419831633280806, 11.584087876432285, 15.048363231548324, 14.993569078471054, 17.214812448271157, 15.650942741302758, 16.598336710873518, 13.329274605641883, 13.648896562616372, 4.653664944766188, -0.4467476009442131, 0.07596948612768037, -7.754575844348973e-15], [0.0, 4.059699849211587, 6.055513510792103, 10.409002466244251, 11.60456449257364, 15.013572975379443, 15.049499679481235, 17.126967590898833, 15.7892776055623, 16.373506671166552, 13.724003406097628, 12.81442402762371, 9.430076563942825, 4.579581832298389, -1.5930031905573558, 0.7020767007374743], [0.0, 4.060097975081834, 6.053883683107679, 10.412817303496388, 11.597382996868715, 15.025694948723487, 15.030197817847217, 17.156851908820688, 15.743254895362966, 16.44557250455206, 13.606007853027172, 13.026245316926396, 8.962408677649822, 7.57340354588974, 1.5474564458283842, -7.704959542297194e-15], [0.0, 4.060047217952342, 6.054091309108106, 10.412331993262717, 11.598294672559184, 15.02416084565194, 15.032629645586654, 17.153111499214525, 15.748958097739594, 16.436783047061585, 13.620007444176945, 13.002448074034143, 9.008178591787793, 7.4582447105830445, 2.655893816477389, 0.7020767007374731]], "control_points": [[0.0], [1.7259817927508871], [6.828493484480819], [15.08453082969356], [26.13326537954072], [39.491814416483386], [54.57634524617695], [70.72759148775404], [87.23966617817952], [103.39091241975662], [118.47544324945017], [131.83399228639283], [142.88272683624], [151.13876418145276], [156.24127587318267], [157.96725766593357]], "differentiate": [[-0.9516740086180144, 1.1587607751136122, -0.292890372458496, 0.13258615879938707, -0.07653081124587535, 0.05064340622357491, -0.03664591300459239, 0.02827750751764656, -0.022925351363852906, 0.019344059871337655, -0.0168811354078583, 0.01517059420953627, -0.013997493218982509, 0.01323287252500529, -0.012800714720374867, 0.006330425777946862], [-0.28969019377840305, 0.14324500754915523, 0.19598191251982505, -0.07485842940236472, 0.040971376287906064, -0.02647896075702004, 0.018921345751600017, -0.014492415530886031, 0.011694034787377237, -0.00983623353532654, 0.008565350002671198, -0.007685921844519079, 0.007084323173447426, -0.0066928677989442015, 0.006471851255575111, -0.0032001786800937167], [0.073222593114624, -0.19598191251982505, 0.034957187491686054, 0.12112348311746066, -0.051800663868807495, 0.03061538053897726, -0.020943350603308427, 0.01564967317611862, -0.012436082779307155, 0.010355995748928822, -0.008956805377174422, 0.007999648092158205, -0.007350010178768685, 0.0069295137149304985, -0.0066928677989442015, 0.0033082181312513235], [-0.033146539699846767, 0.07485842940236472, -0.12112348311746066, 0.014823583197550663, 0.09050810257848334, -0.040971376287906085, 0.02532170311178745, -0.017971692933018764, 0.013859027429861, -0.011324209892804938, 0.00967202993566883, -0.0085653500026712, 0.00782483658805931, -0.007350010178768685, 0.007084323173447426, -0.0034993733047456272], [0.019132702811468838, -0.040971376287906064, 0.051800663868807495, -0.09050810257848334, 0.007670027129542336, 0.07485842940236476, -0.03515793664711399, 0.022424377432532193, -0.016364897734613033, 0.012943702511150222, -0.010829287580901417, 0.00946067287580001, -0.008565350002671196, 0.007999648092158203, -0.007685921844519076, 0.003792648552384066], [-0.012660851555893728, 0.02647896075702004, -0.03061538053897726, 0.040971376287906085, -0.07485842940236476, 0.004220283851964622, 0.06629307939969349, -0.032014570910731635, 0.020943350603308427, -0.01564967317611862, 0.012660851555893728, -0.010829287580901419, 0.009672029935668828, -0.008956805377174418, 0.008565350002671196, -0.004220283851964574], [0.009161478251148098, -0.018921345751600017, 0.020943350603308427, -0.02532170311178745, 0.03515793664711399, -0.06629307939969349, 0.0021627316416568433, 0.06191472689121447, -0.03061538053897726, 0.020485688143953032, -0.015649673176118626, 0.012943702511150228, -0.011324209892804938, 0.010355995748928818, -0.00983623353532654, 0.004836014967834414], [-0.00706937687941164, 0.014492415530886031, -0.01564967317611862, 0.017971692933018764, -0.022424377432532193, 0.032014570910731635, -0.06191472689121447, 0.0006690195192241198, 0.06056174155873036, -0.030615380538977253, 0.020943350603308434, -0.01636489773461304, 0.013859027429861, -0.01243608277930715, 0.011694034787377237, -0.0057313378409632266], [0.0057313378409632266, -0.011694034787377237, 0.012436082779307155, -0.013859027429861, 0.016364897734613033, -0.020943350603308427, 0.03061538053897726, -0.06056174155873036, -0.000669019519224103, 0.06191472689121443, -0.032014570910731656, 0.022424377432532207, -0.01797169293301876, 0.01564967317611862, -0.01449241553088603, 0.007069376879411639], [-0.004836014967834414, 0.00983623353532654, -0.010355995748928822, 0.011324209892804938, -0.012943702511150222, 0.01564967317611862, -0.020485688143953032, 0.030615380538977253, -0.06191472689121443, -0.0021627316416569556, 0.06629307939969362, -0.03515793664711403, 0.02532170311178745, -0.020943350603308424, 0.018921345751600017, -0.009161478251148098], [0.004220283851964575, -0.008565350002671198, 0.008956805377174422, -0.00967202993566883, 0.010829287580901417, -0.012660851555893728, 0.015649673176118626, -0.020943350603308434, 0.032014570910731656, -0.06629307939969362, -0.0042202838519645935, 0.07485842940236481, -0.040971376287906036, 0.030615380538977232, -0.026478960757020026, 0.012660851555893719], [-0.0037926485523840673, 0.007685921844519079, -0.007999648092158205, 0.0085653500026712, -0.00946067287580001, 0.010829287580901419, -0.012943702511150228, 0.01636489773461304, -0.022424377432532207, 0.03515793664711403, -0.07485842940236481, -0.0076700271295421, 0.09050810257848305, -0.051800663868807384, 0.04097137628790601, -0.01913270281146881], [0.0034993733047456272, -0.007084323173447426, 0.007350010178768685, -0.00782483658805931, 0.008565350002671196, -0.009672029935668828, 0.011324209892804938, -0.013859027429861, 0.01797169293301876, -0.02532170311178745, 0.040971376287906036, -0.09050810257848305, -0.014823583197550765, 0.12112348311746052, -0.07485842940236472, 0.033146539699846767], [-0.0033082181312513227, 0.0066928677989442015, -0.0069295137149304985, 0.007350010178768685, -0.007999648092158203, 0.008956805377174418, -0.010355995748928818, 0.01243608277930715, -0.01564967317611862, 0.020943350603308424, -0.030615380538977232, 0.051800663868807384, -0.12112348311746052, -0.03495718749168635, 0.19598191251982539, -0.07322259311462409], [0.0032001786800937167, -0.006471851255575111, 0.0066928677989442015, -0.007084323173447426, 0.007685921844519076, -0.008565350002671196, 0.00983623353532654, -0.011694034787377237, 0.01449241553088603, -0.018921345751600017, 0.026478960757020026, -0.04097137628790601, 0.07485842940236472, -0.19598191251982539, -0.14324500754915498, 0.28969019377840305], [-0.006330425777946862, 0.012800714720374867, -0.013232872525005294, 0.013997493218982509, -0.015170594209536264, 0.016881135407858298, -0.019344059871337655, 0.022925351363852906, -0.028277507517646554, 0.03664591300459239, -0.050643406223574876, 0.07653081124587524, -0.13258615879938707, 0.29289037245849636, -1.1587607751136122, 0.951674008618014]]}, "number_control_points": 16, "tag": "numerics", "tolerance_solution": 1e-08, "converged": null, "discretization_method": null, "dimensionless": {"integrate": [[0.0, 0.0, 0.0, 0.0, 0.0, 0.0, 0.0, 0.0, 0.0, 0.0, 0.0, 0.0, 0.0, 0.0, 0.0, 0.0], [0.0, 0.01590576939328498, -0.00961789334847272, 0.009178631933202272, -0.00903953556873807, 0.008977512261584098, -0.008944529897160759, 0.008924992588230683, -0.008912567274279795, 0.008904283393898173, -0.008898600414519009, 0.008894660184180963, -0.008891961109302427, 0.008890203249874143, -0.008889210203129817, 0.004444444444444431], [0.0, 0.02689732714117401, 0.018223161690711955, -0.002670793798593754, 0.0011902722702705007, -0.00065833871814516, 0.00040056640110103513, -0.00025523965167498257, 0.00016550207113792665, -0.0001067944974411432, 6.70257269066125e-05, -3.969063024265104e-05, 2.10773236661278e-05, -9.003142201856944e-06, 2.1989920309698986e-06, -2.1403149609288176e-17], [0.0, 0.02522090837488699, 0.04115307821447509, 0.03645481433041578, -0.01298118306512456, 0.010729351544446847, -0.009911592366805569, 0.0095093678279113, -0.009279482167320753, 0.009136158909858735, -0.009042100296455082, 0.008978823957312624, -0.008936364803384637, 0.008909090249872024, -0.008893812342006908, 0.004444444444444413], [0.0, 0.025952612634769733, 0.037097780985592715, 0.07025277662236705, 0.035988915777291325, -0.00547400761057145, 0.002482679686222305, -0.001378174249106745, 0.0008268479778108962, -0.0005084684370513244, 0.00030922465320121825, -0.00017927883452225523, 9.386282745473634e-05, -3.972968629385233e-05, 9.654473406605168e-06, -2.9852605253235555e-17], [0.0, 0.025553914152174676, 0.038995743041161435, 0.063978560378261, 0.0790263461410049, 0.0514261433011432, -0.015306884476958549, 0.01176360894646057, -0.010455533195714468, 0.00980270465300395, -0.009427031302031255, 0.00919451713398429, -0.009046771126696938, 0.008955154609574953, -0.00890491669981234, 0.004444444444444402], [0.0, 0.025794561478969667, 0.03792054810767271, 0.06698430534828842, 0.07091122876644682, 0.10164991602056109, 0.047248911805317095, -0.007073159531729948, 0.003116751542466192, -0.0016541720903883402, 0.0009253361154314576, -0.0005095918758138019, 0.00025824710114340476, -0.00010712570032006069, 2.574572448138794e-05, -4.6700193671708306e-17], [0.0, 0.02564148248939834, 0.03858216116058067, 0.06526537715689365, 0.07481052579289542, 0.09218996078474621, 0.10228425710554248, 0.05861141899133367, -0.016172532285549702, 0.012002587357143464, -0.010470301025752563, 0.00971534845312811, -0.009295019273771094, 0.00905432039768255, -0.008928263182542426, 0.0044444444444444], [0.0, 0.02574120186186057, 0.03815954417642827, 0.06632062524357345, 0.07259568401115316, 0.09669074724619874, 0.09204924775049551, 0.11587014260328532, 0.0499750802152908, -0.007121310886792426, 0.00291937432458878, -0.0013883822175030861, 0.0006491177017975743, -0.00025718547535871804, 6.0345078808671935e-05, -3.123207618618604e-17], [0.0, 0.025676081843725666, 0.038432101385542, 0.06565624775754786, 0.07393173545120613, 0.09418399899390362, 0.09681711830913842, 0.10546974766415831, 0.10677076984946555, 0.056802923302321916, -0.015429469800115017, 0.01139980369783446, -0.009958699378486141, 0.00929331646643813, -0.00898162279965157, 0.00444444444444442], [0.0, 0.025717855379130506, 0.0382587099645359, 0.06607237709649931, 0.073116515330297, 0.0956474775224775, 0.09424913045463504, 0.11015314351345007, 0.09682289026016402, 0.11046983069570855, 0.04368319180819162, -0.005604202565612519, 0.001935934480430155, -0.0006707673559394403, 0.00014791341603229046, -1.2014466584923826e-17], [0.0, 0.02569217309480045, 0.03836470537151584, 0.06582063203123652, 0.07360142240991463, 0.09480011045613394, 0.09567141465580133, 0.10775965122881352, 0.10107578456684257, 0.1015691554214166, 0.09169445383101732, 0.04632211668699002, -0.013227170652564752, 0.010116083588518154, -0.009139673955451625, 0.004444444444444417], [0.0, 0.02570675102132504, 0.03830477432423883, 0.06596197077318697, 0.07333220850696867, 0.09526254651690126, 0.09491567619778014, 0.10897709248505627, 0.09907713137871331, 0.10507453858555546, 0.08437998356488788, 0.086403326640517, 0.029459680528275536, -0.0028281025292531646, 0.0004809191933200444, -4.9089766822110795e-17], [0.0, 0.025699628576176022, 0.038333978827423836, 0.06589341753502508, 0.07346183420563503, 0.0950423093824284, 0.09526974071619106, 0.10842099713548645, 0.09995284996941069, 0.10365126870653765, 0.08687878493859097, 0.0811207601940108, 0.05969639976839623, 0.02899070288339885, -0.010084388461855883, 0.004444444444444392], [0.0, 0.025702148882447897, 0.038323661324236744, 0.06591756707910466, 0.07341637228010035, 0.09511904663496512, 0.0951475517137407, 0.10861017759201531, 0.09966150661839386, 0.10410747611591051, 0.08613182284775066, 0.08246167914413045, 0.056735862925489086, 0.04794286903369459, 0.009796058174922035, -4.8775674504595817e-17], [0.0, 0.02570182756820695, 0.03832497568522202, 0.06591449485869114, 0.07342214357539242, 0.09510933510933497, 0.09516294621874996, 0.10858649920662439, 0.0996976103177357, 0.10405183510763863, 0.08622044622044589, 0.08231103246428127, 0.05702560596980251, 0.04721386457411074, 0.016812938679318136, 0.004444444444444385]], "control_points": [[0.0], [0.010926199633097156], [0.04322727117869957], [0.09549150281252627], [0.16543469682057088], [0.24999999999999994], [0.3454915028125263], [0.4477357683661733], [0.5522642316338267], [0.6545084971874737], [0.7499999999999999], [0.8345653031794289], [0.9045084971874737], [0.9567727288213005], [0.9890738003669028], [1.0]], "differentiate": [[-150.33333333333377, 183.04626193554887, -46.26708893402249, 20.944271909999163, -12.089362379460118, 8.000000000000002, -5.788854381999832, 4.466920316190448, -3.6214548859758136, 3.0557280900008412, -2.666666666666667, 2.396457164443136, -2.211145618000168, 2.0903605838179637, -2.0220938005415654, 1.0], [-45.76156548388722, 22.628021016876005, 30.958725272881658, -11.825180805870444, 6.472135954999579, -4.182808816630328, 2.9889530997292173, -2.2893271383692513, 1.8472746064120107, -1.5538028373372241, 1.353044850870866, -1.2141239964133728, 1.1190911041287137, -1.0572539721198484, 1.0223405948650293, -0.5055234501353914], [11.566772233505622, -30.958725272881658, 5.522091043775521, 19.133544467011262, -8.18280881663033, 4.836227706141229, -3.3083636611408074, 2.472135954999579, -1.9644938927536926, 1.6359082488583518, -1.4148819828797312, 1.263682471410749, -1.1610609517567874, 1.0946362785060466, -1.0572539721198484, 0.522590145954491], [-5.236067977499791, 11.825180805870444, -19.133544467011262, 2.341640786499889, 14.297316760870023, -6.472135954999581, 4.0, -2.8389390482432124, 2.1892725570120937, -1.7888543819998317, 1.5278640450004208, -1.3530448508708661, 1.2360679774997896, -1.1610609517567874, 1.1190911041287137, -0.552786404500042], [3.0223405948650295, -6.472135954999579, 8.18280881663033, -14.297316760870023, 1.2116131518771152, 11.82518080587045, -5.553802837337225, 3.5423174078829587, -2.5851180171202697, 2.0446811897300585, -1.7106728616307487, 1.494476549864609, -1.3530448508708657, 1.2636824714107486, -1.2141239964133723, 0.5991142911107837], [-2.0000000000000004, 4.182808816630328, -4.836227706141229, 6.472135954999581, -11.82518080587045, 0.6666666666666741, 10.472135954999574, -5.057253972119846, 3.3083636611408074, -2.472135954999579, 2.0000000000000004, -1.710672861630749, 1.5278640450004206, -1.4148819828797308, 1.3530448508708657, -0.6666666666666666], [1.447213595499958, -2.9889530997292173, 3.3083636611408074, -4.0, 5.553802837337225, -10.472135954999574, 0.34164078649987406, 9.780499616140382, -4.836227706141229, 3.2360679774997894, -2.47213595499958, 2.0446811897300594, -1.7888543819998317, 1.6359082488583514, -1.5538028373372241, 0.7639320225002103], [-1.116730079047612, 2.2893271383692513, -2.472135954999579, 2.8389390482432124, -3.5423174078829587, 5.057253972119846, -9.780499616140382, 0.10568317877681555, 9.566772233505636, -4.836227706141228, 3.3083636611408087, -2.5851180171202706, 2.1892725570120937, -1.9644938927536917, 1.8472746064120107, -0.9053637214939534], [0.9053637214939534, -1.8472746064120107, 1.9644938927536926, -2.1892725570120937, 2.5851180171202697, -3.3083636611408074, 4.836227706141229, -9.566772233505636, -0.10568317877681288, 9.780499616140377, -5.057253972119849, 3.542317407882961, -2.838939048243212, 2.4721359549995787, -2.289327138369251, 1.1167300790476118], [-0.7639320225002103, 1.5538028373372241, -1.6359082488583518, 1.7888543819998317, -2.0446811897300585, 2.472135954999579, -3.2360679774997894, 4.836227706141228, -9.780499616140377, -0.3416407864998918, 10.472135954999594, -5.553802837337231, 4.0, -3.308363661140807, 2.9889530997292173, -1.447213595499958], [0.6666666666666667, -1.353044850870866, 1.4148819828797312, -1.5278640450004208, 1.7106728616307487, -2.0000000000000004, 2.47213595499958, -3.3083636611408087, 5.057253972119849, -10.472135954999594, -0.6666666666666696, 11.82518080587046, -6.472135954999574, 4.836227706141225, -4.182808816630326, 1.9999999999999991], [-0.599114291110784, 1.2141239964133728, -1.263682471410749, 1.3530448508708661, -1.494476549864609, 1.710672861630749, -2.0446811897300594, 2.5851180171202706, -3.542317407882961, 5.553802837337231, -11.82518080587046, -1.2116131518770779, 14.297316760869979, -8.182808816630311, 6.47213595499957, -3.0223405948650255], [0.552786404500042, -1.1190911041287137, 1.1610609517567874, -1.2360679774997896, 1.3530448508708657, -1.5278640450004206, 1.7888543819998317, -2.1892725570120937, 2.838939048243212, -4.0, 6.472135954999574, -14.297316760869979, -2.341640786499905, 19.13354446701124, -11.825180805870444, 5.236067977499791], [-0.5225901459544909, 1.0572539721198484, -1.0946362785060466, 1.1610609517567874, -1.2636824714107486, 1.4148819828797308, -1.6359082488583514, 1.9644938927536917, -2.4721359549995787, 3.308363661140807, -4.836227706141225, 8.182808816630311, -19.13354446701124, -5.522091043775568, 30.95872527288171, -11.566772233505636], [0.5055234501353914, -1.0223405948650293, 1.0572539721198484, -1.1190911041287137, 1.2141239964133723, -1.3530448508708657, 1.5538028373372241, -1.8472746064120107, 2.289327138369251, -2.9889530997292173, 4.182808816630326, -6.47213595499957, 11.825180805870444, -30.95872527288171, -22.628021016875962, 45.76156548388722], [-1.0, 2.0220938005415654, -2.090360583817964, 2.211145618000168, -2.396457164443135, 2.6666666666666665, -3.0557280900008412, 3.6214548859758136, -4.466920316190447, 5.788854381999832, -7.9999999999999964, 12.089362379460102, -20.944271909999163, 46.267088934022546, -183.04626193554887, 150.3333333333337]]}}, "unknowns": {"tag": "unknowns", "wind_angle": [[0.04597838271412496], [0.046261733798916266], [0.04709937621202542], [0.04845442831293932], [0.05026646889116678], [0.052453689200855774], [0.05491643051039495], [0.05754228594473846], [0.06021209326125144], [0.06280655070051684], [0.06521245727327117], [0.06732771304868618], [0.06906545501107356], [0.07035661718175996], [0.07115133934971968], [0.07141958502552898]], "body_angle": [[0.2302625570059004], [0.22969009490612866], [0.22802298885278832], [0.2254048583235051], [0.22205195250460952], [0.21822246324926664], [0.21418212296150227], [0.21017359033257496], [0.20639543882305245], [0.20299220525468883], [0.20005801878781038], [0.19764447495172377], [0.19577191162242907], [0.19444219728918477], [0.19364903628649416], [0.19338557807519874]]}, "conditions": {"freestream": {"stagnation_temperature": [[296.38184227810336], [296.1180553825072], [295.3453018901176], [294.11704533192716], [292.515025768633], [290.6398279030143], [288.60043852940885], [286.50461453697363], [284.4513741650736], [282.52623031834804], [280.79907102014863], [279.3241545649568], [278.1415306978111], [277.2791517993332], [276.7550745375715], [276.5793161596932]], "reynolds_number": [[8804646.673886064], [8776638.734023781], [8694964.400732705], [8566289.031231312], [8400550.458697144], [8209533.680445141], [8005406.920895237], [7799511.82733507], [7601569.590576379], [7419325.996567918], [7258553.0551179275], [7123282.658430751], [7016153.958156824], [6938778.450144451], [6892061.318295868], [6876445.3621988]], "temperature": [[288.15], [287.8862131044038], [287.1134596120142], [285.8852030538238], [284.2831834905296], [282.4079856249109], [280.36859625130546], [278.27277225887025], [276.21953188697023], [274.29438804024466], [272.56722874204524], [271.0923122868534], [269.9096884197077], [269.0473095212298], [268.52323225946816], [268.34747388158985]], "mach_number": [[0.3779411764405531], [0.37811428841675515], [0.3786227856460511], [0.37943525772799924], [0.3805028705419589], [0.38176405591444856], [0.38315000798247506], [0.3845901572542378], [0.3860169101176927], [0.3873691774861388], [0.38859454809611166], [0.38965021624366064], [0.3905029199489072], [0.39112825988317185], [0.3915097566861526], [0.39163794842058913]], "density": [[1.2250000002007604], [1.220234453124126], [1.206355565522791], [1.184544600068941], [1.1565513269620147], [1.1244306469603458], [1.0902769789326048], [1.056010918779568], [1.0232460956061276], [0.9932372986884085], [0.9668919291553439], [0.944820317630317], [0.9274029342133361], [0.9148577198316078], [0.9072975382506949], [0.9047728342446282]], "speed_of_sound": [[340.77798740529], [340.62196909904475], [340.1645076516872], [339.4361247191376], [338.4837367496203], [337.3655310647197], [336.14519321865754], [334.8864525928533], [333.64868245210107], [332.4839480023108], [331.43551317437544], [330.5375644510365], [329.81580133088494], [329.288488393729], [328.96762153553397], [328.85994318069595]], "altitude": [[0.0], [40.58285783102028], [159.4717436161556], [348.4493561239336], [594.950401358804], [883.5093321173637], [1197.364028249897], [1519.9360248483397], [1835.9855720134567], [2132.3460573786547], [2398.251864691114], [2625.3410445923478], [2807.4383595972995], [2940.2317563339157], [3020.934485696929], [3048.0000000000005]], "dynamic_pressure": [[10131.250966166546], [10091.83794296936], [9977.053866726666], [9796.668262815543], [9565.152446354945], [9299.501286969227], [9017.036485216187], [8733.642154624122], [8462.663667785106], [8214.478645159548], [7996.591665165969], [7814.050411654839], [7670.001527946705], [7566.247474636647], [7503.721681221575], [7482.841346612141]], "gravity": [[9.80665], [9.80665], [9.80665], [9.80665], [9.80665], [9.80665], [9.80665], [9.80665], [9.80665], [9.80665], [9.80665], [9.80665], [9.80665], [9.80665], [9.80665], [9.80665]], "universal_gas_constant": 287.87, "pressure": [[101325.0], [100838.42406500826], [99423.89757917708], [97208.66851799436], [94379.56712679306], [91153.12177983546], [87746.15784823667], [84353.0952186505], [81132.78440548008], [78204.51770167607], [75650.7910179045], [73523.86441598108], [71853.65083007373], [70655.19678514297], [69934.82596501232], [69694.57330560466]], "specific_heat_at_constant_pressure": 1007.5450000000002, "velocity": [[128.61111111111111], [128.61111111111111], [128.61111111111111], [128.61111111111111], [128.61111111111111], [128.61111111111111], [128.61111111111111], [128.61111111111111], [128.61111111111111], [128.61111111111111], [128.61111111111111], [128.61111111111111], [128.6111111111111], [128.6111111111111], [128.61111111111111], [128.61111111111111]], "dynamic_viscosity": [[1.789380278077583e-05], [1.7881071967104124e-05], [1.784374524453312e-05], [1.7784316711717956e-05], [1.7706619577960832e-05], [1.7615406733444844e-05], [1.7515878338849882e-05], [1.741323567632958e-05], [1.731232158410482e-05], [1.7217379670391383e-05], [1.7131933098615917e-05], [1.7058763027881508e-05], [1.6999957886929797e-05], [1.6957000241688245e-05], [1.69308627874556e-05], [1.692209177651962e-05]], "isentropic_expansion_factor": 1.4, "stagnation_pressure": [[111823.22288783126], [111296.14601863429], [109763.6613270945], [107363.04086889011], [104295.96678576896], [100796.41548549705], [97099.00444936533], [93414.47904098287], [89915.4164605392], [86731.79331867547], [83953.84121964645], [81639.0315398154], [79820.532740935], [78515.26163822037], [77730.51433870966], [77468.76249814311]]}, "energies": {"propulsion_power": [[0.0], [0.0], [0.0], [0.0], [0.0], [0.0], [0.0], [0.0], [0.0], [0.0], [0.0], [0.0], [0.0], [0.0], [0.0], [0.0]], "total_efficiency": [[0.0], [0.0], [0.0], [0.0], [0.0], [0.0], [0.0], [0.0], [0.0], [0.0], [0.0], [0.0], [0.0], [0.0], [0.0], [0.0]], "gravity_energy": [[0.0], [0.0], [0.0], [0.0], [0.0], [0.0], [0.0], [0.0], [0.0], [0.0], [0.0], [0.0], [0.0], [0.0], [0.0], [0.0]], "total_energy": [[0.0], [0.0], [0.0], [0.0], [0.0], [0.0], [0.0], [0.0], [0.0], [0.0], [0.0], [0.0], [0.0], [0.0], [0.0], [0.0]]}, "aerodynamics": {"drag_coefficient": [[0.03176590593028173], [0.03187597299163224], [0.03220370942823405], [0.03274135823352466], [0.03347481073300995], [0.03438230075152118], [0.03543329474966499], [0.03658814584268731], [0.037798767469372836], [0.039010610826283404], [0.04016570425960074], [0.041206259568283464], [0.04207867502563649], [0.04273718143081223], [0.043146869535693876], [0.04328590607573793]], "angle_of_attack": [[0.045978382714125014], [0.04626173379891623], [0.04709937621202542], [0.04845442831293938], [0.050266468891166774], [0.05245368920085578], [0.05491643051039493], [0.05754228594473847], [0.060212093261251404], [0.06280655070051687], [0.06521245727327117], [0.06732771304868618], [0.06906545501107356], [0.07035661718175995], [0.07115133934971965], [0.07141958502552898]], "roll_angle": [[0.0], [0.0], [0.0], [0.0], [0.0], [0.0], [0.0], [0.0], [0.0], [0.0], [0.0], [0.0], [0.0], [0.0], [0.0], [0.0]], "lift_coefficient": [[0.5261659863184216], [0.5282805733976691], [0.5345329622391455], [0.5446513472688455], [0.5581896179434489], [0.5745422149222821], [0.5929692250990777], [0.6126333219347135], [0.6326438189062102], [0.6521059237176458], [0.6701677725529097], [0.6860586857916998], [0.6991211566493684], [0.7088311333099977], [0.7148095671006819], [0.7168278087796027]], "drag_breakdown": {"total": [[0.03176590593028173], [0.03187597299163224], [0.03220370942823405], [0.03274135823352466], [0.03347481073300995], [0.03438230075152118], [0.03543329474966499], [0.03658814584268731], [0.037798767469372836], [0.039010610826283404], [0.04016570425960074], [0.041206259568283464], [0.04207867502563649], [0.04273718143081223], [0.043146869535693876], [0.04328590607573793]], "spoiler_drag": 0.0, "compressible": {"horizontal_stabilizer": {"crest_critical": 0.9394647313812111, "compressibility_drag": [[4.87579025055884e-10], [4.908590407303706e-10], [5.006129979129926e-10], [5.165733240151955e-10], [5.382669440880704e-10], [5.649867588713755e-10], [5.957723153103755e-10], [6.294123851798714e-10], [6.64477723938708e-10], [6.993847721520163e-10], [7.32484399568228e-10], [7.62164426381534e-10], [7.869521263122874e-10], [8.056056314764711e-10], [8.171869062773969e-10], [8.211131721857009e-10]], "divergence_mach": 0.9714722054458921, "wing_sweep": 0.6021385919380436, "thickness_to_chord": 0.13347470511030118}, "total": [[8.25058242354901e-08], [8.365763562498626e-08], [8.71382395858178e-08], [9.301357167022834e-08], [1.0136096521696338e-07], [1.1222122814559394e-07], [1.2553557855177957e-07], [1.4107703516102412e-07], [1.5839079330488763e-07], [1.767635001971905e-07], [1.9523726321165386e-07], [2.1267417244453213e-07], [2.2786746374238298e-07], [2.3967823924899693e-07], [2.4717364905242235e-07], [2.497429135935204e-07]], "main_wing": {"crest_critical": [[0.7383749666435715], [0.7380106518791121], [0.7369387786819659], [0.7352210149037802], [0.7329552927658044], [0.7302683642927783], [0.7273058677502698], [0.7242207845759856], [0.7211622256094143], [0.7182657410395135], [0.7156466906966635], [0.7133973956095423], [0.7115869804248565], [0.7102637339751612], [0.7094585650124603], [0.7091883944223417]], "compressibility_drag": [[8.174415009985848e-08], [8.289083759563623e-08], [8.635620436100963e-08], [9.220660393814732e-08], [1.0052010868231168e-07], [1.1133863111189806e-07], [1.2460488969935147e-07], [1.4009379529671133e-07], [1.5735277593740662e-07], [1.7567095260094856e-07], [1.9409300885854502e-07], [2.1148355328160408e-07], [2.266381223437786e-07], [2.384197581792986e-07], [2.4589707623344814e-07], [2.484602073376297e-07]], "divergence_mach": [[0.7578382440708733], [0.7574643261106775], [0.7563641987522374], [0.7546011553878256], [0.7522757096940187], [0.749517954829714], [0.7464773680286119], [0.7433109632597178], [0.7401717818663534], [0.737198947087826], [0.7345108595948534], [0.7322022739625833], [0.7303441369365703], [0.7289860102242461], [0.7281596173203164], [0.7278823251383432]], "wing_sweep": 0.4014257279586958, "thickness_to_chord": 0.11949964151458259}, "vertical_stabilizer": {"crest_critical": 0.9441159452134248, "compressibility_drag": [[2.7409511057571905e-10], [2.7593898861966394e-10], [2.814222268951724e-10], [2.9039440806581714e-10], [3.025895905636306e-10], [3.1761027482451134e-10], [3.349165371177177e-10], [3.538274791329072e-10], [3.7353964354231105e-10], [3.931628240899193e-10], [4.1176995354062057e-10], [4.284547365465162e-10], [4.4238927229209893e-10], [4.528754382218494e-10], [4.5938591269684003e-10], [4.6159308370499265e-10]], "divergence_mach": 0.9766575792093745, "wing_sweep": 0.6108652381980153, "thickness_to_chord": 0.13428520476376016}}, "miscellaneous": {"total": [[0.0012710160018056212], [0.0012710160018056212], [0.0012710160018056212], [0.0012710160018056212], [0.0012710160018056212], [0.0012710160018056212], [0.0012710160018056212], [0.0012710160018056212], [0.0012710160018056212], [0.0012710160018056212], [0.0012710160018056212], [0.0012710160018056212], [0.0012710160018056212], [0.0012710160018056212], [0.0012710160018056212], [0.0012710160018056212]], "trim_correction_factor": 1.02, "total_wetted_area": 703.2331455285838, "reference_area": 92.0}, "trim_corrected_drag": [[0.03176590593028173], [0.03187597299163224], [0.03220370942823405], [0.03274135823352466], [0.03347481073300995], [0.03438230075152118], [0.03543329474966499], [0.03658814584268731], [0.037798767469372836], [0.039010610826283404], [0.04016570425960074], [0.041206259568283464], [0.04207867502563649], [0.04273718143081223], [0.043146869535693876], [0.04328590607573793]], "parasite": {"vertical_stabilizer": {"wetted_area": 32.704, "skin_friction_coefficient": [[0.002482167865313739], [0.0024833042462611993], [0.0024866428960215975], [0.0024919793920368223], [0.0024989955081392485], [0.0025072892951469726], [0.002516410502417532], [0.0025258960722807514], [0.00253530111640549], [0.002544222232929834], [0.002552312131689045], [0.0025592861781392755], [0.0025649224374853165], [0.0025690575856973756], [0.002571581006932392], [0.0025724290571674836]], "compressibility_factor": [[0.9838250985773414], [0.9838105176396661], [0.983767651643078], [0.9836990489728668], [0.9836086940235734], [0.9835016508990111], [0.9833836367032265], [0.9832605846960081], [0.98313825263612], [0.9830219171946443], [0.9829161712103535], [0.9828248205806998], [0.9827508646711189], [0.98269653260495], [0.9826633468771008], [0.9826521889476778]], "reference_area": 16.0, "form_factor": [[1.1944349793235467], [1.194445572300827], [1.1944767256375461], [1.1945266188413657], [1.194592398679222], [1.1946704260543057], [1.1947565744178554], [1.1948465388950327], [1.1949361176134383], [1.1950214356264306], [1.1950990980779357], [1.195166273148325], [1.1952207147069258], [1.1952607434466247], [1.1952852065409472], [1.195293434033348]], "reynolds_factor": [[0.9932600767863089], [0.993254692407918], [0.9932388671060678], [0.9932135528418732], [0.9931802354137412], [0.9931407985543307], [0.9930973622896834], [0.9930521188884266], [0.9930071873618982], [0.9929645015373763], [0.992925737389688], [0.9928922777716562], [0.9928652079778072], [0.9928453315310211], [0.9928331954656849], [0.9928291157365327]], "parasite_drag_coefficient": [[0.0010539177257694007], [0.0010544095792619924], [0.0010558547059769314], [0.001058164835886864], [0.0010612025117219175], [0.0010647940266522004], [0.0010687446773964624], [0.0010728540728778518], [0.0010769295221652179], [0.001080796141796925], [0.001084303226775666], [0.0010873271370304579], [0.0010897713719425423], [0.0010915648489719196], [0.001092659386148917], [0.001093027244487988]]}, "total": [[0.017536103723123024], [0.01754383977031674], [0.017566567530505842], [0.01760289405633944], [0.017650651261637878], [0.01770710123570988], [0.01776917786717882], [0.01783372878222379], [0.0178977262887348], [0.01795842596657634], [0.018013465948279652], [0.018060911133939154], [0.01809925317810088], [0.018127382401135015], [0.01814454742811522], [0.018150316026599847]], "main_wing": {"wetted_area": 188.048, "skin_friction_coefficient": [[0.0024498403409254446], [0.0024509559839575117], [0.002454233683336281], [0.002459472684851166], [0.0024663604872066382], [0.002474502398343903], [0.0024834563337701046], [0.002492767678861557], [0.0025019997049463465], [0.0025107564557312815], [0.00251869709312905], [0.002525542305774359], [0.00253107433636981], [0.0025351329536688885], [0.0025376096473301206], [0.002538441989405996]], "compressibility_factor": [[0.9838250985773414], [0.9838105176396661], [0.983767651643078], [0.9836990489728668], [0.9836086940235734], [0.9835016508990111], [0.9833836367032265], [0.9832605846960081], [0.98313825263612], [0.9830219171946443], [0.9829161712103535], [0.9828248205806998], [0.9827508646711189], [0.98269653260495], [0.9826633468771008], [0.9826521889476778]], "reference_area": 92.0, "form_factor": [[1.2556712285787106], [1.2556896909604], [1.2557439930015306], [1.255830975993122], [1.2559456861590208], [1.256081799464837], [1.2562321363814994], [1.2563891968129346], [1.25654564885799], [1.25669471988118], [1.2568304661146719], [1.2569479209259533], [1.2570431382271563], [1.25711316313254], [1.2571559644440302], [1.2571703605875248]], "reynolds_factor": [[0.9932600767863089], [0.993254692407918], [0.9932388671060678], [0.9932135528418732], [0.9931802354137412], [0.9931407985543307], [0.9930973622896834], [0.9930521188884266], [0.9930071873618982], [0.9929645015373763], [0.9929257373896879], [0.9928922777716562], [0.9928652079778072], [0.9928453315310211], [0.9928331954656849], [0.9928291157365328]], "parasite_drag_coefficient": [[0.006287740598774389], [0.006290696491236641], [0.006299381535575059], [0.0063132659717089114], [0.006331524680674967], [0.006353114657296571], [0.006376866408418786], [0.00640157576457522], [0.006426084266467162], [0.0064493399544064784], [0.006470435793746705], [0.006488627207527196], [0.006503332717335613], [0.006514123768975794], [0.006520709735700705], [0.006522923239674791]]}, "horizontal_stabilizer": {"wetted_area": 53.144, "skin_friction_coefficient": [[0.002573253006571637], [0.0025744483978334416], [0.002577960486476963], [0.0025835744193286065], [0.0025909556902702817], [0.0025996817096052226], [0.0026092789961122895], [0.002619260468239181], [0.0026291580141015753], [0.0026385470347977994], [0.0026470618662209964], [0.002654402710293347], [0.0026603357288744467], [0.002664688783048333], [0.0026673452546296934], [0.002668238032240349]], "compressibility_factor": [[0.9838250985773414], [0.9838105176396661], [0.983767651643078], [0.9836990489728668], [0.9836086940235734], [0.9835016508990111], [0.9833836367032265], [0.9832605846960081], [0.98313825263612], [0.9830219171946443], [0.9829161712103535], [0.9828248205806998], [0.9827508646711189], [0.98269653260495], [0.9826633468771008], [0.9826521889476778]], "reference_area": 26.0, "form_factor": [[1.197171200179098], [1.1971820975517042], [1.197214146235976], [1.1972654738019288], [1.1973331455312195], [1.1974134182436027], [1.197502047142869], [1.1975946037243772], [1.1976867651468959], [1.1977745446119883], [1.1978544490004257], [1.1979235642993227], [1.1979795790090506], [1.1980207648287078], [1.1980459352273258], [1.1980544006308953]], "reynolds_factor": [[0.9932600767863089], [0.993254692407918], [0.9932388671060678], [0.9932135528418733], [0.9931802354137412], [0.9931407985543307], [0.9930973622896834], [0.9930521188884266], [0.9930071873618982], [0.9929645015373763], [0.992925737389688], [0.9928922777716562], [0.9928652079778072], [0.9928453315310211], [0.9928331954656849], [0.9928291157365328]], "parasite_drag_coefficient": [[0.0017795293760327422], [0.0017803722529941258], [0.0017828487806605736], [0.0017868078286713241], [0.00179201402015306], [0.0017981698489204622], [0.0018049417676964904], [0.0018119863879379197], [0.0018189734112649919], [0.0018256029612538816], [0.0018316165284488206], [