{"numerics": {"tolerance_boundary_conditions": 1e-08, "solver_jacobian": "none", "time": {"integrate": [], "control_points": [], "differentiate": []}, "number_control_points": 16, "tag": "numerics", "tolerance_solution": 1e-08, "converged": null, "discretization_method": null, "dimensionless": {"integrate": [], "control_points": [], "differentiate": []}}, "segments": {"climb_250kcas": {"numerics": {"tolerance_boundary_conditions": 1e-08, "solver_jacobian": "none", "time": {"integrate": [[0.0, 0.0, 0.0, 0.0, 0.0, 0.0, 0.0, 0.0, 0.0, 0.0, 0.0, 0.0, 0.0, 0.0, 0.0, 0.0], [0.0, 2.5367298868931334, -1.5339086656393732, 1.4638531070100784, -1.441669338581766, 1.4317775582440164, -1.426517369471975, 1.4234014639004364, -1.4214198140679708, 1.4200986603140113, -1.4191923109711233, 1.4185639037678959, -1.4181334421069607, 1.4178530900888802, -1.4176947141377905, 0.7088217346856595], [0.0, 4.289717268588303, 2.90631894324024, -0.4259512559940597, 0.18983044245630978, -0.10499507824643714, 0.06388428853917626, -0.04070686784868588, 0.02639507966056242, -0.01703210870950062, 0.010689590703265181, -0.0063300558103567715, 0.0033615146527999932, -0.0014358651464569671, 0.000350706002839192, -3.4226473561801866e-15], [0.0, 4.022353805542993, 6.563294164718764, 5.813992064549039, -2.070302557161082, 1.7111694541020988, -1.580749221360658, 1.516600484897434, -1.4799371955356126, 1.4570793015412282, -1.4420783739003735, 1.4319867538933928, -1.4252151603867664, 1.420865281211719, -1.4184286857517683, 0.7088217346856566], [0.0, 4.13904957916556, 5.916535531019229, 11.204256373188858, 5.739688284911057, -0.8730215032967483, 0.3959498974178126, -0.2197979689389667, 0.13186975903948175, -0.08109303290631492, 0.0493166598951724, -0.028592265257660586, 0.01496970274026688, -0.006336284660398592, 0.0015397426321978147, -4.931824373120085e-15], [0.0, 4.075463195404413, 6.219231801253289, 10.203613683752328, 12.603508145445748, 8.201692823154698, -2.4412167917079164, 1.8761178824086637, -1.6674995647912163, 1.5633832762695143, -1.5034690530993962, 1.4663865565142584, -1.4428233007491222, 1.4282118505658798, -1.420199663038266, 0.7088217346856561], [0.0, 4.113842807920329, 6.04775445523013, 10.682984590579773, 11.309269541158045, 16.211625705977838, 7.535487516267308, -1.1280620720225427, 0.49707477785588844, -0.2638154543799992, 0.1475771288641881, -0.08127220441410159, 0.041186510597265, -0.017084930564306867, 0.004106054044721098, -4.527761565933637e-15], [0.0, 4.089429022060658, 6.153271740397033, 10.40884151653426, 11.931148499684989, 14.702905782910566, 16.31279352433159, 9.347635728410719, -2.5792745375032244, 1.9142313280214638, -1.6698548105448505, 1.5494512823149453, -1.4824151292534782, 1.444027295404159, -1.4239230742754634, 0.7088217346856569], [0.0, 4.105332755239007, 6.085870717038763, 10.577137641882176, 11.577914701082495, 15.420713217998282, 14.680464180078705, 18.479536982625557, 7.970270186082933, -1.135741485602744, 0.4655960939141725, -0.22142598565887378, 0.10352446546576001, -0.04101719732543189, 0.009624128274206655, -2.270041596713486e-15], [0.0, 4.09494709629015, 6.1293394736359055, 10.471179471402765, 11.790994718440217, 15.020924747960562, 15.440867493108845, 16.820831136637764, 17.028324517144878, 9.05920799183286, -2.4607672985244284, 1.8180964422393957, -1.5882620779510854, 1.4821435572127957, -1.4324331269567931, 0.70882173468566], [0.0, 4.101609344001812, 6.101686161877044, 10.537545813377818, 11.660979426883179, 15.254327460552828, 15.031312231830661, 17.567762009913547, 15.441788032084991, 17.61826883043675, 6.96680905367001, -0.8937856314196324, 0.3087522982476762, -0.10697725818168341, 0.023589954930443562, 7.76688257366119e-16], [0.0, 4.097513407702671, 6.118590827731999, 10.49739627925975, 11.738314779283773, 15.119185216929575, 15.258145071635177, 17.18603615545417, 16.120060414061296, 16.19874561068233, 14.623879910750118, 7.3876776984863834, -2.1095338605601825, 1.6133624814236924, -1.4576398982020284, 0.7088217346856597], [0.0, 4.099838366715306, 6.1090327312312, 10.519937673015441, 11.695379229504034, 15.192936781353788, 15.13761620655894, 17.38019964065793, 15.801305429596209, 16.75780126008948, 13.457332422722581, 13.780025071187197, 4.6983739174509775, -0.4510396216471784, 0.07669934479187117, -5.165462217123592e-15], [0.0, 4.098702444332016, 6.113690408218048, 10.509004467347186, 11.716052569836455, 15.15781228612145, 15.194084147438332, 17.291510834833055, 15.940969312971, 16.530811219560952, 13.855853485699786, 12.937535540941111, 9.520673768622743, 4.623579069202659, -1.6083075876247672, 0.7088217346856552], [0.0, 4.0991043951013175, 6.112044922354039, 10.512855954735612, 11.708802079629537, 15.170050718424516, 15.17459684778615, 17.32168225919026, 15.8945044505932, 16.603569408200784, 13.736724318580656, 13.151391852607865, 9.048512874989937, 7.646163208710946, 1.5623232634417261, -5.4680537215635376e-15], [0.0, 4.099053150334848, 6.112254543071598, 10.512365981999974, 11.70972251402611, 15.168501876824712, 15.177052038728847, 17.317905914493615, 15.900262445122317, 16.59469550810013, 13.750858407453356, 13.127365983397421, 9.094722512628694, 7.529898012442894, 2.6814096809635366, 0.7088217346856542]], "control_points": [[0.0], [1.7425637499270963], [6.894096602087997], [15.229451851046004], [26.38433447494954], [39.87122257606844], [55.100674427114456], [71.40708990317889], [88.07780040109489], [104.38421587715933], [119.61366772820533], [133.1005558293242], [144.25543845322778], [152.5907937021858], [157.7423265543467], [159.4848903042738]], "differentiate": [[-0.942618031379147, 1.14773419341684, -0.29010327464721997, 0.13132449017609482, -0.07580255631988327, 0.05016149169201656, -0.03629719637362227, 0.028008423291185885, -0.022707197396986064, 0.019159984899954848, -0.016720497230672184, 0.015026233268060987, -0.013864295318394278, 0.013106950632312956, -0.012678905172042986, 0.006270186461502068], [-0.28693354835421, 0.1418819110306002, 0.1941169800713845, -0.07414608859378298, 0.04058149924203912, -0.026226991213086973, 0.01874129325998678, -0.014354508028952152, 0.01158275622780115, -0.009742633514515363, 0.008483843505735588, -0.007612783844895916, 0.007016909890295262, -0.006629179542355159, 0.006410266156966677, -0.0031697262930107466], [0.07252581866180499, -0.1941169800713845, 0.034624540501863095, 0.11997089147760183, -0.05130773705909525, 0.030324049487787937, -0.020744057037810508, 0.015500753396030848, -0.0123177430100477, 0.010257449754251195, -0.008871573853675692, 0.007923524723877154, -0.007280068660684114, 0.006863573573757621, -0.006629179542355159, 0.0032767376580782395], [-0.032831122544023705, 0.07414608859378298, -0.11997089147760183, 0.01468252435721266, 0.08964684198981382, -0.04058149924203913, 0.025080745846008272, -0.017800677185324156, 0.013727147147515245, -0.011216450527613993, 0.009579992449977426, -0.00848384350573559, 0.007750376698015424, -0.007280068660684114, 0.007016909890295262, -0.0034660738295985696], [0.018950639079970816, -0.04058149924203912, 0.05130773705909525, -0.08964684198981382, 0.007597040381477737, 0.07414608859378302, -0.03482337936052364, 0.02221099065325083, -0.016209171992332586, 0.012820532313933354, -0.010726237817056122, 0.009370646629993392, -0.008483843505735587, 0.00792352472387715, -0.0076127838448959125, 0.0037565583170152453], [-0.01254037292300414, 0.026226991213086973, -0.030324049487787937, 0.04058149924203913, -0.07414608859378302, 0.004180124307668092, 0.06566224508804737, -0.03170992538836342, 0.020744057037810508, -0.015500753396030848, 0.01254037292300414, -0.010726237817056124, 0.009579992449977424, -0.00887157385367569, 0.008483843505735587, -0.004180124307668045], [0.009074299093405567, -0.01874129325998678, 0.020744057037810508, -0.025080745846008272, 0.03482337936052364, -0.06566224508804737, 0.002142151434208429, 0.0613255562798496, -0.030324049487787937, 0.02029074962101956, -0.015500753396030853, 0.012820532313933361, -0.011216450527613993, 0.010257449754251191, -0.009742633514515363, 0.004789996224988712], [-0.007002105822796471, 0.014354508028952152, -0.015500753396030848, 0.017800677185324156, -0.02221099065325083, 0.03170992538836342, -0.0613255562798496, 0.0006626532367748915, 0.05998544573880094, -0.030324049487787934, 0.020744057037810515, -0.016209171992332592, 0.013727147147515245, -0.012317743010047694, 0.01158275622780115, -0.005676799349246516], [0.005676799349246516, -0.01158275622780115, 0.0123177430100477, -0.013727147147515245, 0.016209171992332586, -0.020744057037810508, 0.030324049487787937, -0.05998544573880094, -0.0006626532367748748, 0.061325556279849563, -0.03170992538836343, 0.022210990653250842, -0.017800677185324156, 0.015500753396030844, -0.014354508028952148, 0.00700210582279647], [-0.004789996224988712, 0.009742633514515363, -0.010257449754251195, 0.011216450527613993, -0.012820532313933354, 0.015500753396030848, -0.02029074962101956, 0.030324049487787934, -0.061325556279849563, -0.0021421514342085403, 0.06566224508804748, -0.034823379360523675, 0.025080745846008272, -0.020744057037810505, 0.01874129325998678, -0.009074299093405567], [0.004180124307668046, -0.008483843505735588, 0.008871573853675692, -0.009579992449977426, 0.010726237817056122, -0.01254037292300414, 0.015500753396030853, -0.020744057037810515, 0.03170992538836343, -0.06566224508804748, -0.004180124307668064, 0.07414608859378308, -0.04058149924203909, 0.03032404948778791, -0.026226991213086956, 0.01254037292300413], [-0.0037565583170152466, 0.007612783844895916, -0.007923524723877154, 0.00848384350573559, -0.009370646629993392, 0.010726237817056124, -0.012820532313933361, 0.016209171992332592, -0.022210990653250842, 0.034823379360523675, -0.07414608859378308, -0.007597040381477503, 0.08964684198981354, -0.05130773705909514, 0.04058149924203906, -0.01895063907997079], [0.0034660738295985696, -0.007016909890295262, 0.007280068660684114, -0.007750376698015424, 0.008483843505735587, -0.009579992449977424, 0.011216450527613993, -0.013727147147515245, 0.017800677185324156, -0.025080745846008272, 0.04058149924203909, -0.08964684198981354, -0.01468252435721276, 0.11997089147760169, -0.07414608859378298, 0.032831122544023705], [-0.003276737658078239, 0.006629179542355159, -0.006863573573757621, 0.007280068660684114, -0.00792352472387715, 0.00887157385367569, -0.010257449754251191, 0.012317743010047694, -0.015500753396030844, 0.020744057037810505, -0.03032404948778791, 0.05130773705909514, -0.11997089147760169, -0.034624540501863386, 0.19411698007138484, -0.07252581866180509], [0.0031697262930107466, -0.006410266156966677, 0.006629179542355159, -0.007016909890295262, 0.0076127838448959125, -0.008483843505735587, 0.009742633514515363, -0.01158275622780115, 0.014354508028952148, -0.01874129325998678, 0.026226991213086956, -0.04058149924203906, 0.07414608859378298, -0.19411698007138484, -0.1418819110305999, 0.28693354835421], [-0.006270186461502068, 0.012678905172042986, -0.013106950632312958, 0.013864295318394278, -0.015026233268060981, 0.01672049723067218, -0.019159984899954848, 0.022707197396986064, -0.02800842329118588, 0.03629719637362227, -0.05016149169201652, 0.07580255631988315, -0.13132449017609482, 0.29010327464722035, -1.14773419341684, 0.9426180313791467]]}, "number_control_points": 16, "tag": "numerics", "tolerance_solution": 1e-08, "converged": null, "discretization_method": null, "dimensionless": {"integrate": [[0.0, 0.0, 0.0, 0.0, 0.0, 0.0, 0.0, 0.0, 0.0, 0.0, 0.0, 0.0, 0.0, 0.0, 0.0, 0.0], [0.0, 0.015905769393285, -0.009617893348472701, 0.009178631933202333, -0.00903953556873803, 0.00897751226158412, -0.008944529897160722, 0.008924992588230742, -0.008912567274279777, 0.008904283393898139, -0.00889860041451897, 0.008894660184180983, -0.008891961109302392, 0.00889020324987417, -0.008889210203129818, 0.004444444444444433], [0.0, 0.026897327141174012, 0.01822316169071195, -0.002670793798593755, 0.001190272270270501, -0.0006583387181451605, 0.0004005664011010347, -0.00025523965167498404, 0.00016550207113792708, -0.00010679449744114224, 6.702572690661172e-05, -3.969063024265153e-05, 2.1077323666127342e-05, -9.00314220185716e-06, 2.1989920309698075e-06, -2.1460637115216855e-17], [0.0, 0.025220908374887, 0.04115307821447512, 0.03645481433041584, -0.012981183065124528, 0.010729351544446864, -0.009911592366805534, 0.009509367827911362, -0.009279482167320737, 0.009136158909858699, -0.00904210029645504, 0.008978823957312646, -0.008936364803384602, 0.00890909024987205, -0.00889381234200691, 0.004444444444444415], [0.0, 0.025952612634769726, 0.03709778098559272, 0.07025277662236705, 0.03598891577729133, -0.005474007610571455, 0.0024826796862223014, -0.001378174249106761, 0.0008268479778108986, -0.0005084684370513175, 0.000309224653201212, -0.00017927883452225935, 9.386282745473181e-05, -3.972968629385448e-05, 9.654473406604297e-06, -3.092345841484348e-17], [0.0, 0.025553914152174707, 0.0389957430411615, 0.06397856037826109, 0.07902634614100497, 0.051426143301143264, -0.015306884476958493, 0.011763608946460733, -0.010455533195714475, 0.009802704653003856, -0.009427031302031168, 0.00919451713398434, -0.009046771126696874, 0.008955154609574995, -0.008904916699812335, 0.004444444444444412], [0.0, 0.025794561478969698, 0.03792054810767278, 0.0669843053482885, 0.07091122876644688, 0.10164991602056114, 0.04724891180531712, -0.007073159531729718, 0.00311675154246614, -0.0016541720903884875, 0.0009253361154315784, -0.0005095918758137284, 0.00025824710114348245, -0.00010712570032001982, 2.5745724481406038e-05, -2.83899092716265e-17], [0.0, 0.025641482489398383, 0.03858216116058075, 0.06526537715689378, 0.07481052579289553, 0.0921899607847463, 0.10228425710554255, 0.058611418991333916, -0.016172532285549726, 0.012002587357143307, -0.010470301025752422, 0.00971534845312819, -0.009295019273770997, 0.009054320397682607, -0.008928263182542414, 0.004444444444444417], [0.0, 0.025741201861860605, 0.03815954417642834, 0.06632062524357353, 0.07259568401115322, 0.09669074724619882, 0.09204924775049556, 0.11587014260328554, 0.049975080215290776, -0.007121310886792571, 0.00291937432458889, -0.0013883822175030215, 0.0006491177017976469, -0.0002571854753586819, 6.034507880868983e-05, -1.423358408675944e-17], [0.0, 0.025676081843725707, 0.03843210138554207, 0.065656247757548, 0.07393173545120624, 0.09418399899390369, 0.09681711830913846, 0.10546974766415856, 0.10677076984946555, 0.056802923302321735, -0.01542946980011489, 0.011399803697834537, -0.009958699378486039, 0.009293316466438188, -0.008981622799651558, 0.004444444444444437], [0.0, 0.025717855379130537, 0.03825870996453596, 0.0660723770964994, 0.07311651533029706, 0.09564747752247757, 0.09424913045463505, 0.11015314351345029, 0.09682289026016398, 0.1104698306957084, 0.04368319180819173, -0.005604202565612457, 0.001935934480430228, -0.0006707673559394027, 0.0001479134160323112, 4.8699801961446735e-18], [0.0, 0.025692173094800493, 0.038364705371515914, 0.06582063203123667, 0.07360142240991475, 0.09480011045613403, 0.0956714146558014, 0.10775965122881379, 0.10107578456684257, 0.10156915542141641, 0.09169445383101746, 0.04632211668699008, -0.013227170652564648, 0.010116083588518218, -0.009139673955451611, 0.004444444444444434], [0.0, 0.025706751021325063, 0.03830477432423887, 0.065961970773187, 0.07333220850696869, 0.09526254651690133, 0.09491567619778016, 0.10897709248505646, 0.09907713137871327, 0.10507453858555535, 0.08437998356488796, 0.08640332664051703, 0.029459680528275554, -0.0028281025292531533, 0.0004809191933200698, -3.2388411261208805e-17], [0.0, 0.02569962857617604, 0.038333978827423856, 0.06589341753502508, 0.07346183420563505, 0.09504230938242843, 0.09526974071619103, 0.10842099713548656, 0.09995284996941069, 0.10365126870653758, 0.08687878493859104, 0.0811207601940108, 0.0596963997683962, 0.028990702883398847, -0.010084388461855867, 0.004444444444444406], [0.0, 0.025702148882447904, 0.03832366132423676, 0.06591756707910464, 0.07341637228010038, 0.09511904663496512, 0.09514755171374067, 0.10861017759201534, 0.09966150661839385, 0.10410747611591045, 0.08613182284775066, 0.08246167914413044, 0.05673586292548906, 0.04794286903369459, 0.00979605817492204, -3.428571641571369e-17], [0.0, 0.025701827568206968, 0.03832497568522205, 0.06591449485869114, 0.07342214357539248, 0.09510933510933502, 0.09516294621874999, 0.10858649920662446, 0.09969761031773573, 0.10405183510763863, 0.08622044622044592, 0.0823110324642813, 0.057025605969802516, 0.04721386457411077, 0.016812938679318146, 0.0044444444444444]], "control_points": [[0.0], [0.010926199633097156], [0.04322727117869957], [0.09549150281252627], [0.16543469682057088], [0.24999999999999994], [0.3454915028125263], [0.4477357683661733], [0.5522642316338267], [0.6545084971874737], [0.7499999999999999], [0.8345653031794289], [0.9045084971874737], [0.9567727288213005], [0.9890738003669028], [1.0]], "differentiate": [[-150.33333333333377, 183.04626193554887, -46.26708893402249, 20.944271909999163, -12.089362379460118, 8.000000000000002, -5.788854381999832, 4.466920316190448, -3.6214548859758136, 3.0557280900008412, -2.666666666666667, 2.396457164443136, -2.211145618000168, 2.0903605838179637, -2.0220938005415654, 1.0], [-45.76156548388722, 22.628021016876005, 30.958725272881658, -11.825180805870444, 6.472135954999579, -4.182808816630328, 2.9889530997292173, -2.2893271383692513, 1.8472746064120107, -1.5538028373372241, 1.353044850870866, -1.2141239964133728, 1.1190911041287137, -1.0572539721198484, 1.0223405948650293, -0.5055234501353914], [11.566772233505622, -30.958725272881658, 5.522091043775521, 19.133544467011262, -8.18280881663033, 4.836227706141229, -3.3083636611408074, 2.472135954999579, -1.9644938927536926, 1.6359082488583518, -1.4148819828797312, 1.263682471410749, -1.1610609517567874, 1.0946362785060466, -1.0572539721198484, 0.522590145954491], [-5.236067977499791, 11.825180805870444, -19.133544467011262, 2.341640786499889, 14.297316760870023, -6.472135954999581, 4.0, -2.8389390482432124, 2.1892725570120937, -1.7888543819998317, 1.5278640450004208, -1.3530448508708661, 1.2360679774997896, -1.1610609517567874, 1.1190911041287137, -0.552786404500042], [3.0223405948650295, -6.472135954999579, 8.18280881663033, -14.297316760870023, 1.2116131518771152, 11.82518080587045, -5.553802837337225, 3.5423174078829587, -2.5851180171202697, 2.0446811897300585, -1.7106728616307487, 1.494476549864609, -1.3530448508708657, 1.2636824714107486, -1.2141239964133723, 0.5991142911107837], [-2.0000000000000004, 4.182808816630328, -4.836227706141229, 6.472135954999581, -11.82518080587045, 0.6666666666666741, 10.472135954999574, -5.057253972119846, 3.3083636611408074, -2.472135954999579, 2.0000000000000004, -1.710672861630749, 1.5278640450004206, -1.4148819828797308, 1.3530448508708657, -0.6666666666666666], [1.447213595499958, -2.9889530997292173, 3.3083636611408074, -4.0, 5.553802837337225, -10.472135954999574, 0.34164078649987406, 9.780499616140382, -4.836227706141229, 3.2360679774997894, -2.47213595499958, 2.0446811897300594, -1.7888543819998317, 1.6359082488583514, -1.5538028373372241, 0.7639320225002103], [-1.116730079047612, 2.2893271383692513, -2.472135954999579, 2.8389390482432124, -3.5423174078829587, 5.057253972119846, -9.780499616140382, 0.10568317877681555, 9.566772233505636, -4.836227706141228, 3.3083636611408087, -2.5851180171202706, 2.1892725570120937, -1.9644938927536917, 1.8472746064120107, -0.9053637214939534], [0.9053637214939534, -1.8472746064120107, 1.9644938927536926, -2.1892725570120937, 2.5851180171202697, -3.3083636611408074, 4.836227706141229, -9.566772233505636, -0.10568317877681288, 9.780499616140377, -5.057253972119849, 3.542317407882961, -2.838939048243212, 2.4721359549995787, -2.289327138369251, 1.1167300790476118], [-0.7639320225002103, 1.5538028373372241, -1.6359082488583518, 1.7888543819998317, -2.0446811897300585, 2.472135954999579, -3.2360679774997894, 4.836227706141228, -9.780499616140377, -0.3416407864998918, 10.472135954999594, -5.553802837337231, 4.0, -3.308363661140807, 2.9889530997292173, -1.447213595499958], [0.6666666666666667, -1.353044850870866, 1.4148819828797312, -1.5278640450004208, 1.7106728616307487, -2.0000000000000004, 2.47213595499958, -3.3083636611408087, 5.057253972119849, -10.472135954999594, -0.6666666666666696, 11.82518080587046, -6.472135954999574, 4.836227706141225, -4.182808816630326, 1.9999999999999991], [-0.599114291110784, 1.2141239964133728, -1.263682471410749, 1.3530448508708661, -1.494476549864609, 1.710672861630749, -2.0446811897300594, 2.5851180171202706, -3.542317407882961, 5.553802837337231, -11.82518080587046, -1.2116131518770779, 14.297316760869979, -8.182808816630311, 6.47213595499957, -3.0223405948650255], [0.552786404500042, -1.1190911041287137, 1.1610609517567874, -1.2360679774997896, 1.3530448508708657, -1.5278640450004206, 1.7888543819998317, -2.1892725570120937, 2.838939048243212, -4.0, 6.472135954999574, -14.297316760869979, -2.341640786499905, 19.13354446701124, -11.825180805870444, 5.236067977499791], [-0.5225901459544909, 1.0572539721198484, -1.0946362785060466, 1.1610609517567874, -1.2636824714107486, 1.4148819828797308, -1.6359082488583514, 1.9644938927536917, -2.4721359549995787, 3.308363661140807, -4.836227706141225, 8.182808816630311, -19.13354446701124, -5.522091043775568, 30.95872527288171, -11.566772233505636], [0.5055234501353914, -1.0223405948650293, 1.0572539721198484, -1.1190911041287137, 1.2141239964133723, -1.3530448508708657, 1.5538028373372241, -1.8472746064120107, 2.289327138369251, -2.9889530997292173, 4.182808816630326, -6.47213595499957, 11.825180805870444, -30.95872527288171, -22.628021016875962, 45.76156548388722], [-1.0, 2.0220938005415654, -2.090360583817964, 2.211145618000168, -2.396457164443135, 2.6666666666666665, -3.0557280900008412, 3.6214548859758136, -4.466920316190447, 5.788854381999832, -7.9999999999999964, 12.089362379460102, -20.944271909999163, 46.267088934022546, -183.04626193554887, 150.3333333333337]]}}, "unknowns": {"tag": "unknowns", "wind_angle": [[0.0459944366376912], [0.04627873055064178], [0.047119058290969726], [0.04847813084883432], [0.05029489964587982], [0.05248679218808025], [0.054953365564694434], [0.057581545739662], [0.06025174568059493], [0.06284457753610763], [0.0652471176399005], [0.06735786659963271], [0.06909078261334918], [0.07037768059513491], [0.07116948463089048], [0.07143669409132122]], "body_angle": [[0.2290981324259223], [0.22851892449483605], [0.22683221489745337], [0.22418340174043966], [0.22079134056471222], [0.21691720973000736], [0.21282966149065297], [0.20877389153241704], [0.20495048559033807], [0.2015054849644424], [0.1985341756499336], [0.19608902058156424], [0.19419107155507606], [0.19284277312586826], [0.19203826969307297], [0.19177099813629392]]}, "conditions": {"freestream": {"stagnation_temperature": [[296.38184227810336], [296.1172174766665], [295.34212005668456], [294.11048376226233], [292.50471241113223], [290.6261032083525], [288.58425901049776], [286.4873450879818], [284.43452247541336], [282.5111806142424], [280.7868628876253], [279.31533649465507], [278.1361006812749], [277.27658202891274], [276.754407899647], [276.5793161596932]], "reynolds_number": [[8804646.673886064], [8776549.871843396], [8694629.254522389], [8565605.375625702], [8399491.115564736], [8208147.401628225], [8003802.428470112], [7797831.475167235], [7599960.319065598], [7417913.989109626], [7257425.778174768], [7122479.486299957], [7015664.801532409], [6938548.815212221], [6892002.039417357], [6876445.3621988]], "temperature": [[288.15], [287.88537519856317], [287.1102777785812], [285.87864148415895], [284.27287013302885], [282.3942609302491], [280.3524167323944], [278.2555028098784], [276.20268019731003], [274.279338336139], [272.55502060952193], [271.0834942165517], [269.9042584031715], [269.04473975080936], [268.5225656215436], [268.34747388158985]], "mach_number": [[0.3779411764405531], [0.37811483867732315], [0.3786248836400858], [0.37943961215716904], [0.380509772759782], [0.3817733328937716], [0.3831610638767562], [0.3846020915322462], [0.3860286857781422], [0.387379804811493], [0.38860325085383146], [0.38965655365470114], [0.3905068480578236], [0.39113012780193096], [0.39151024266968454], [0.39163794842058913]], "density": [[1.2250000002007604], [1.2202193382364883], [1.2062986696541067], [1.1844288981388307], [1.156372769702706], [1.1241980985476085], [1.0900092337744811], [1.0557320360339262], [1.0229804422068436], [0.9930053912841698], [0.9667076351486295], [0.944689528416741], [0.9273235331593342], [0.9148205319171204], [0.9072879520730055], [0.9047728342446282]], "speed_of_sound": [[340.77798740529], [340.62147340086256], [340.16262277000425], [339.43222936790016], [338.4775968587478], [337.3573331818758], [336.13549394054786], [334.87606100082996], [333.6385046240309], [332.4748266824935], [331.42809068636336], [330.5321885568276], [329.8124837132903], [329.2869158118671], [328.9672131864561], [328.85994318069595]], "altitude": [[0.0], [40.711768066783094], [159.96128099580247], [349.45893896526474], [596.5373684923545], [885.6214099738763], [1199.8541216893407], [1522.594132104035], [1838.5796351694967], [2134.6629474413803], [2400.131453757807], [2626.698789380471], [2808.2744832703215], [2940.6274706474287], [3021.037142663705], [3047.9999999999995]], "dynamic_pressure": [[10131.250966166543], [10091.712936667353], [9976.583314625046], [9795.711360537152], [9563.675704799356], [9297.578016495074], [9014.822123263955], [8731.335680268392], [8460.466605533908], [8212.560676087816], [7995.067478363293], [7812.968731372236], [7669.344848759002], [7565.939915375818], [7503.64239961181], [7482.841346612141]], "gravity": [[9.80665], [9.80665], [9.80665], [9.80665], [9.80665], [9.80665], [9.80665], [9.80665], [9.80665], [9.80665], [9.80665], [9.80665], [9.80665], [9.80665], [9.80665], [9.80665]], "universal_gas_constant": 287.87, "pressure": [[101325.0], [100836.88150122766], [99418.10662870778], [97196.9426427457], [94361.57266856039], [91129.84098671432], [87719.54713995602], [84325.58482174139], [81106.7723610711], [78181.96816645189], [75632.98392203504], [73511.29543587152], [71846.05354636561], [70651.64990612678], [69933.91344000724], [69694.57330560466]], "specific_heat_at_constant_pressure": 1007.5450000000002, "velocity": [[128.61111111111111], [128.61111111111111], [128.61111111111111], [128.61111111111111], [128.6111111111111], [128.61111111111111], [128.61111111111111], [128.61111111111111], [128.61111111111111], [128.61111111111111], [128.61111111111111], [128.61111111111111], [128.61111111111111], [128.61111111111111], [128.61111111111111], [128.61111111111111]], "dynamic_viscosity": [[1.789380278077583e-05], [1.788103151938196e-05], [1.7843591451052866e-05], [1.778399890511143e-05], [1.7706118706942486e-05], [1.7614738075308632e-05], [1.7515087351288228e-05], [1.7412388382887807e-05], [1.731149187543835e-05], [1.721663622682554e-05], [1.7131328225216584e-05], [1.705832500302857e-05], [1.6999687603810943e-05], [1.695687213717757e-05], [1.693082952478325e-05], [1.692209177651962e-05]], "isentropic_expansion_factor": 1.4, "stagnation_pressure": [[111823.22288783126], [111294.4749964218], [109757.38679454965], [107350.3314788236], [104276.4542820936], [100771.15726766404], [97070.11657011404], [93384.59625009702], [89887.14408976716], [86707.27019526828], [83934.46545437574], [81625.34913779654], [79812.25942276104], [78511.39810547976], [77729.52018313875], [77468.76249814311]]}, "energies": {"propulsion_power": [[0.0], [0.0], [0.0], [0.0], [0.0], [0.0], [0.0], [0.0], [0.0], [0.0], [0.0], [0.0], [0.0], [0.0], [0.0], [0.0]], "total_efficiency": [[0.0], [0.0], [0.0], [0.0], [0.0], [0.0], [0.0], [0.0], [0.0], [0.0], [0.0], [0.0], [0.0], [0.0], [0.0], [0.0]], "gravity_energy": [[0.0], [0.0], [0.0], [0.0], [0.0], [0.0], [0.0], [0.0], [0.0], [0.0], [0.0], [0.0], [0.0], [0.0], [0.0], [0.0]], "total_energy": [[0.0], [0.0], [0.0], [0.0], [0.0], [0.0], [0.0], [0.0], [0.0], [0.0], [0.0], [0.0], [0.0], [0.0], [0.0], [0.0]]}, "aerodynamics": {"drag_coefficient": [[0.03239834991313022], [0.032514020710543], [0.032858430482735776], [0.03342338778572991], [0.034193986825950255], [0.03514722783396513], [0.036250858227329805], [0.037463040422782784], [0.03873311026801777], [0.04000371732458517], [0.04121406459724204], [0.042303714195489873], [0.04321676666477405], [0.043905616421028124], [0.04433403650108249], [0.04447940420934756]], "angle_of_attack": [[0.04599443663769121], [0.04627873055064178], [0.04711905829096977], [0.048478130848834296], [0.05029489964587984], [0.052486792188080264], [0.05495336556469443], [0.057581545739662024], [0.06025174568059493], [0.06284457753610767], [0.06524711763990046], [0.06735786659963273], [0.06909078261334918], [0.07037768059513491], [0.07116948463089046], [0.07143669409132122]], "roll_angle": [[0.0], [0.0], [0.0], [0.0], [0.0], [0.0], [0.0], [0.0], [0.0], [0.0], [0.0], [0.0], [0.0], [0.0], [0.0], [0.0]], "lift_coefficient": [[0.5262835080231648], [0.5284051347963149], [0.5346775827767011], [0.5448260263659664], [0.5583996945394082], [0.5747873377844038], [0.5932431786678553], [0.6129248760716347], [0.6329385231065773], [0.6523886356683538], [0.6704253894384364], [0.6862825874189872], [0.6993088843343971], [0.7089868585683617], [0.7149433755283362], [0.716953831852503]], "drag_breakdown": {"total": [[0.03239834991313022], [0.032514020710543], [0.032858430482735776], [0.03342338778572991], [0.034193986825950255], [0.03514722783396513], [0.036250858227329805], [0.037463040422782784], [0.03873311026801777], [0.04000371732458517], [0.04121406459724204], [0.042303714195489873], [0.04321676666477405], [0.043905616421028124], [0.04433403650108249], [0.04447940420934756]], "spoiler_drag": 0.0, "compressible": {"horizontal_stabilizer": {"crest_critical": 0.9766506334704649, "compressibility_drag": [[0.0], [0.0], [0.0], [0.0], [0.0], [0.0], [0.0], [0.0], [0.0], [0.0], [0.0], [0.0], [0.0], [0.0], [0.0], [0.0]], "divergence_mach": 1.0099250276833283, "wing_sweep": 0.6021385919380436, "thickness_to_chord": 0.13347470511030118}, "total": [[0.0], [0.0], [0.0], [0.0], [0.0], [0.0], [0.0], [0.0], [0.0], [0.0], [0.0], [0.0], [0.0], [9.812323413219494e-10], [2.900477335767056e-09], [3.776830781589507e-09]], "main_wing": {"crest_critical": [[0.8084340578801916], [0.8081005747308252], [0.8071149637891276], [0.8055212849068095], [0.803391614022666], [0.8008233266705057], [0.7979346923890982], [0.7948586076346775], [0.7917353154909385], [0.7887044829467802], [0.7858978659869896], [0.7834335615339018], [0.7814114095892304], [0.7799103309357912], [0.7789870077068696], [0.7786754599048296]], "compressibility_drag": [[0.0], [0.0], [0.0], [0.0], [0.0], [0.0], [0.0], [0.0], [0.0], [0.0], [0.0], [0.0], [0.0], [9.812323413219494e-10], [2.900477335767056e-09], [3.776830781589507e-09]], "divergence_mach": [[0.8297440657502134], [0.8294017921145133], [0.8283902008510817], [0.8267545132122133], [0.8245687050304643], [0.8219327186209059], [0.8189679410614285], [0.8158107719072517], [0.8126051509953036], [0.8094944268820815], [0.8066138285889735], [0.8040845660273329], [0.8020091109425534], [0.8004684644386427], [0.7995208027679112], [0.7992010426867759]], "wing_sweep": 0.4014257279586958, "thickness_to_chord": 0.11949964151458259}, "vertical_stabilizer": {"crest_critical": 0.9814254744357055, "compressibility_drag": [[0.0], [0.0], [0.0], [0.0], [0.0], [0.0], [0.0], [0.0], [0.0], [0.0], [0.0], [0.0], [0.0], [0.0], [0.0], [0.0]], "divergence_mach": 1.015253087183172, "wing_sweep": 0.6108652381980153, "thickness_to_chord": 0.13428520476376016}}, "miscellaneous": {"total": [[0.0012710160018056212], [0.0012710160018056212], [0.0012710160018056212], [0.0012710160018056212], [0.0012710160018056212], [0.0012710160018056212], [0.0012710160018056212], [0.0012710160018056212], [0.0012710160018056212], [0.0012710160018056212], [0.0012710160018056212], [0.0012710160018056212], [0.0012710160018056212], [0.0012710160018056212], [0.0012710160018056212], [0.0012710160018056212]], "trim_correction_factor": 1.02, "total_wetted_area": 703.2331455285838, "reference_area": 92.0}, "trim_corrected_drag": [[0.03239834991313022], [0.032514020710543], [0.032858430482735776], [0.03342338778572991], [0.034193986825950255], [0.03514722783396513], [0.036250858227329805], [0.037463040422782784], [0.03873311026801777], [0.04000371732458517], [0.04121406459724204], [0.042303714195489873], [0.04321676666477405], [0.043905616421028124], [0.04433403650108249], [0.04447940420934756]], "parasite": {"vertical_stabilizer": {"wetted_area": 32.704, "skin_friction_coefficient": [[0.002482167865313739], [0.002483307858587686], [0.0024866566728897334], [0.0024920079996236465], [0.002499040882024928], [0.0025073503245455877], [0.0025164832924647767], [0.002525974710301647], [0.002535378772548789], [0.0025442923702820356], [0.0025523696074912167], [0.002559328057528723], [0.0025649484080807338], [0.0025690699397690683], [0.0025715842218318806], [0.0025724290571674836]], "compressibility_factor": [[0.9838250985773414], [0.9838104712821651], [0.9837674746719106], [0.9836986809277444], [0.9836081090983952], [0.983500862289412], [0.9833826936855365], [0.9832595631846907], [0.9831372412143677], [0.9830210014248562], [0.9829154190743], [0.9828242714855118], [0.982750523633703], [0.9826963701913801], [0.9826633045830552], [0.9826521889476778]], "reference_area": 16.0, "form_factor": [[1.1944349793235467], [1.1944456059824566], [1.1944768542885988], [1.1945268866302206], [1.1945928247612727], [1.19467100129473], [1.194757263328486], [1.194847286324695], [1.1949368588211466], [1.1950221077380994], [1.195099650842719], [1.1951666771661127], [1.1952209658764859], [1.1952608631455182], [1.1952852377249643], [1.195293434033348]], "reynolds_factor": [[0.9932600767863089], [0.993254675290359], [0.993238801784213], [0.9932134170753131], [0.9931800198150313], [0.993140508151257], [0.9930970153815504], [0.9930517435019507], [0.9930068160699722], [0.9929641656888826], [0.9929254617958747], [0.9928920767275028], [0.9928650831874638], [0.9928452721281217], [0.9928331800007998], [0.9928291157365327]], "parasite_drag_coefficient": [[0.0010539177257694007], [0.0010544111427866379], [0.0010558606695013294], [0.0010581772206982591], [0.0010612221583283501], [0.0010648204572951713], [0.0010687762083251653], [0.0010728881448845784], [0.001076963176491086], [0.001080826544319723], [0.001084328145851296], [0.0010873452972942912], [0.0010897826352110126], [0.0010915702073985222], [0.001092660780659608], [0.001093027244487988]]}, "total": [[0.017536103723123017], [0.017543864361519203], [0.01756666131461586], [0.01760308878853602], [0.01765096010168975], [0.017707516603725097], [0.0177696732369592], [0.01783426390425424], [0.017898254685073427], [0.017958903165603442], [0.01801385697378691], [0.01806119603548181], [0.018099429845311488], [0.01812746643790209], [0.018144569296546703], [0.018150316026599847]], "main_wing": {"wetted_area": 188.048, "skin_friction_coefficient": [[0.0024498403409254446], [0.0024509595303559752], [0.00245424720862265], [0.0024595007695582395], [0.0024664050307815653], [0.0024745623093874033], [0.002483527787908453], [0.0024928448713570856], [0.0025020759313762885], [0.0025108252998846483], [0.0025187535077685016], [0.002525583411064438], [0.002531099826479013], [0.0025351450790206545], [0.0025376128026852], [0.002538441989405996]], "compressibility_factor": [[0.9838250985773414], [0.9838104712821651], [0.9837674746719106], [0.9836986809277444], [0.9836081090983952], [0.983500862289412], [0.9833826936855365], [0.9832595631846907], [0.9831372412143677], [0.9830210014248562], [0.9829154190743], [0.9828242714855118], [0.982750523633703], [0.9826963701913801], [0.9826633045830552], [0.9826521889476778]], "reference_area": 92.0, "form_factor": [[1.2556712285787106], [1.2556897496651778], [1.2557442172638602], [1.2558314429059545], [1.2559464292959592], [1.2560828031141071], [1.2562333388364264], [1.2563905019535864], [1.2565469436715782], [1.2566958944556257], [1.2568314324678567], [1.2569486274570865], [1.2570435775739766], [1.2571133725492138], [1.2571560190075612], [1.2571703605875248]], "reynolds_factor": [[0.9932600767863089], [0.993254675290359], [0.993238801784213], [0.9932134170753131], [0.9931800198150313], [0.993140508151257], [0.9930970153815504], [0.9930517435019507], [0.9930068160699722], [0.9929641656888826], [0.9929254617958747], [0.9928920767275028], [0.9928650831874638], [0.9928452721281217], [0.9928331800007998], [0.9928291157365328]], "parasite_drag_coefficient": [[0.006287740598774389], [0.006290705887625289], [0.006299417376486137], [0.006313340410136814], [0.006331642777246133], [0.006353273551242153], [0.006377055988018841], [0.006401780649679042], [0.0064262866668440095], [0.006449522821347361], [0.006470585695889143], [0.006488736462622561], [0.006503400484515358], [0.006514156010706722], [0.006520718126800171], [0.006522923239674791]]}, "horizontal_stabilizer": {"wetted_area": 53.144, "skin_friction_coefficient": [[0.0025732530065716366], [0.0025744521977607397], [0.0025779749792487878], [0.0025836045148864067], [0.0025910034271133015], [0.0025997459218935963], [0.002609355588473393], [0.002619343220856033], [0.002629239740114422], [0.0026386208536537796], [0.0026471223631409956], [0.0026544467936470066], [0.0026603630675345407], [0.002664701788362626], [0.0026673486390752714], [0.002668238032240349]], "compressibility_factor": [[0.9838250985773414], [0.9838104712821651], [0.9837674746719106], [0.9836986809277444], [0.9836081090983952], [0.983500862289412], [0.9833826936855365], [0.9832595631846907], [0.9831372412143677], [0.9830210014248562], [0.9829154190743], [0.9828242714855118], [0.982750523633703], [0.9826963701913801], [0.9826633045830552], [0.9826521889476778]], "reference_area": 26.0, "form_factor": [[1.197171200179098], [1.1971821322012333], [1.197214278584891], [1.197265749290781], [1.1973335838708037], [1.1974140100421202], [1.197502755896204], [1.1975953726966067], [1.1976875277319987], [1.1977752361204594], [1.1978550177268745], [1.197923979989336], [1.197979837437909], [1.1980208879881582], [1.1980459673130517], [1.1980544006308953]], "reynolds_factor": [[0.9932600767863089], [0.993254675290359], [0.993238801784213], [0.9932134170753131], [0.9931800198150313], [0.993140508151257], [0.9930970153815504], [0.9930517435019507], [0.9930068160699722], [0.9929641656888826], [0.9929254617958747], [0.9928920767275028], [0.9928650831874638], [0.9928452721281217], [0.9928331800007998], [0.9928291157365328]], "parasite_drag_coefficient": [[0.0017795293760327418], [0.0017803749323808734], [0.0017828590005658075], [0.0017868290539958817], [0.00179204769302546], [0.0017982151525523476], [0.0018049958179742309], [0.0018120447991377192], [0.001819031111313405], [0.0018256550903047314], [0.0018316592585315436], [0.00183683309408995], [0.0018410128971026022], [0.0018440785477612626], [0.0018459489148790985], [0.0018465774212364353]]}, "pylon": {"wetted_area": 7.679371914287962, "skin_friction_coefficient": [[0.002563061149698648], [0.002564253674747043], [0.002567756865980583], [0.002573355072164668], [0.0025807127640917293], [0.0025894064890790557], [0.0025989624682284046], [0.0026088942127544144], [0.0026187352648679827], [0.0026280637181863528], [0.002636517436408101], [0.002643800640340393], [0.0026496835783832145], [0.002653997832232283], [0.0026566297484727], [0.002657514121952193]], "compressibility_factor": [[0.9838250985773414], [0.9838104712821651], [0.9837674746719106], [0.9836986809277444], [0.9836081090983952], [0.983500862289412], [0.9833826936855365], [0.9832595631846907], [0.9831372412143677], [0.9830210014248562], [0.9829154190743], [0.9828242714855118], [0.982750523633703], [0.9826963701913801], [0.9826633045830552], [0.9826521889476778]], "reference_area": 92.0, "form_factor": 1.264760147601476, "reynolds_factor": [[0.9932600767863089], [0.993