{"numerics": {"tolerance_boundary_conditions": 1e-08, "solver_jacobian": "none", "time": {"integrate": [], "control_points": [], "differentiate": []}, "number_control_points": 16, "tag": "numerics", "tolerance_solution": 1e-08, "converged": null, "discretization_method": null, "dimensionless": {"integrate": [], "control_points": [], "differentiate": []}}, "segments": {"climb_250kcas": {"numerics": {"tolerance_boundary_conditions": 1e-08, "solver_jacobian": "none", "time": {"integrate": [[0.0, 0.0, 0.0, 0.0, 0.0, 0.0, 0.0, 0.0, 0.0, 0.0, 0.0, 0.0, 0.0, 0.0, 0.0, 0.0], [0.0, 2.4525141526179963, -1.4829851340267919, 1.4152553178190528, -1.3938080181637371, 1.384244630513235, -1.3791590723403024, 1.376146610291432, -1.3742307483446465, 1.3729534549693496, -1.3720771951034259, 1.3714696501032502, -1.3710534791419628, 1.370782434402174, -1.3706293163017957, 0.6852898863934329], [0.0, 4.147304908693994, 2.809833391070368, -0.4118102952341859, 0.18352834849595873, -0.10150939470737151, 0.061763423288300166, -0.039355459177375866, 0.025518801493797504, -0.016466667529248857, 0.01033471187488571, -0.006119907185220824, 0.0032499172666437203, -0.001388196516756203, 0.0003390630747937804, -3.2989357616082017e-15], [0.0, 3.8888175228672424, 6.345402366225994, 5.62097600347149, -2.0015715302891124, 1.6543611227180617, -1.5282706515809086, 1.4662515596541017, -1.4308054380524693, 1.4087063928171064, -1.3942034741060503, 1.3844468811720143, -1.3779000946983988, 1.3736946251708175, -1.3713389211281517, 0.6852898863934299], [0.0, 4.001639166921189, 5.720115176339706, 10.832291394832188, 5.549139000999646, -0.8440384620521942, 0.3828049380275801, -0.21250099678516168, 0.1274918752752031, -0.07840086242884642, 0.0476794186790207, -0.027643043732063804, 0.014472730431681105, -0.006125929246520972, 0.0014886254214005062, -4.7193729131060864e-15], [0.0, 3.9401637584065536, 6.012762371663637, 9.864868583977648, 12.185090048037946, 7.929408577610899, -2.3601719529567973, 1.813833503661757, -1.612141010071666, 1.5114812305511929, -1.4535560722491878, 1.4177046604928798, -1.3949236704693608, 1.3807972991320268, -1.3730511045504183, 0.6852898863934286], [0.0, 3.9772692237356044, 5.846977823553847, 10.328325075511133, 10.933818278709891, 15.673423365367308, 7.285320315737795, -1.0906120556869272, 0.4805726198519407, -0.2550571658769586, 0.14267778331944592, -0.07857408570376827, 0.039819178485884905, -0.016517735775489262, 0.0039697390361144586, -6.237246774202244e-15], [0.0, 3.953665939976778, 5.948992088673178, 10.06328315188627, 11.53505176237046, 14.214790744378629, 15.77123255963115, 9.03730784893402, -2.4936463828482047, 1.850681638440872, -1.6144180650996924, 1.498011758486281, -1.4332011079831783, 1.396087694256958, -1.376650903962422, 0.6852898863934287], [0.0, 3.9690416923975995, 5.883828681035192, 10.225992091209747, 11.193544810947804, 14.908768019019861, 14.193094170046079, 17.866043293724204, 7.70566883472884, -1.0980365239310586, 0.4501389823284034, -0.2140749657232464, 0.10008760412717226, -0.03965548616789394, 0.009304621245266802, -4.024867204449182e-15], [0.0, 3.959000822185935, 5.92585433828077, 10.123551577527564, 11.399550882350981, 14.522251943387595, 14.92825320157705, 16.262404063810923, 16.463008966562924, 8.758455492749157, -2.379073411447155, 1.7577382907241996, -1.5355340922845742, 1.4329385517383053, -1.3848784353004346, 0.6852898863934317], [0.0, 3.965441892985601, 5.8991190761601295, 10.18771465369594, 11.273851908941209, 14.747906026169368, 14.532294577935776, 16.984537920947677, 14.929143180001128, 17.03336798865688, 6.735521149096108, -0.8641132513907324, 0.2985021720357872, -0.1034257691583418, 0.02280680281548512, -1.0746830463859387e-15], [0.0, 3.961481935800651, 5.915462531751812, 10.14889802558178, 11.348619840379273, 14.617250308028026, 14.751596898128962, 16.615484808387677, 15.584897907661198, 15.660970870459371, 14.138388415972319, 7.142417568434435, -2.0395004116056197, 1.5598011989524607, -1.409248378486013, 0.685289886393431], [0.0, 3.9637297095633333, 5.90622175012135, 10.170691077924978, 11.30710968826207, 14.688553428026234, 14.635069415669872, 16.803202348928497, 15.2767251240088, 16.20146668728101, 13.010568603988943, 13.322548326936337, 4.54239475254198, -0.43606576372069816, 0.07415303835481117, -6.2424705019662095e-15], [0.0, 3.962631498147255, 5.910724799022064, 10.160120838746806, 11.327096703832424, 14.65459501483216, 14.68966270322937, 16.71745788216911, 15.411752370053426, 15.982012385198672, 13.395859348627512, 12.508028220938128, 9.204601278460792, 4.470082984221801, -1.5549141202588097, 0.6852898863934281], [0.0, 3.9630201047369678, 5.909133940889998, 10.163844462368521, 11.320086919330814, 14.666427149023583, 14.670822353517629, 16.74662765922066, 15.36683007337147, 16.052355108040388, 13.280685096193762, 12.714784814810933, 8.748115438194429, 7.392321736532074, 1.5104564086040533, -6.848449355066893e-15], [0.0, 3.9629705612220416, 5.909336602505311, 10.163370756013435, 11.3209767966472, 14.664929726707031, 14.673196035700128, 16.74297668366289, 15.372396910876052, 16.043775808486963, 13.29434995392014, 12.69155656943407, 8.79279098322662, 7.279916375292158, 2.592390788435184, 0.6852898863934265]], "control_points": [[0.0], [1.6847131736873566], [6.665222644908577], [14.723856250635265], [25.50841303268281], [38.54755610963071], [53.271412360265984], [69.03647861353475], [85.15374582498812], [100.91881207825689], [115.64266832889214], [128.68181140584002], [139.4663681878876], [147.5250017936143], [152.50551126483552], [154.19022443852288]], "differentiate": [[-0.9749861502619002, 1.1871457000734258, -0.30006499505725553, 0.13583398030755087, -0.07840550478140242, 0.051883963650300534, -0.03754358879157028, 0.028970191414251764, -0.023486929208146542, 0.019817910643350735, -0.017294654550100177, 0.01554221205118374, -0.01434037485873025, 0.013557024068354026, -0.013114280155599577, 0.006485495456287565], [-0.29678642501835645, 0.14675392748972885, 0.200782672089729, -0.0766921563862517, 0.04197500832862515, -0.027127587574775562, 0.019384841747350473, -0.014847420753849594, 0.011980491066400496, -0.010077181241517293, 0.008775166232476287, -0.007874195662108629, 0.007257860270998607, -0.006856815832325257, 0.006630385282775474, -0.0032785700388998943], [0.07501624876431388, -0.200782672089729, 0.0358134963736124, 0.12409051570347762, -0.053069569399925826, 0.03136533281375097, -0.0214563774920756, 0.016033026503474893, -0.012740716215358744, 0.010609675514874189, -0.009176210671149638, 0.008195606926524653, -0.00753005552709156, 0.007099258610538495, -0.006856815832325257, 0.003389256017088507], [-0.03395849507688772, 0.0766921563862517, -0.12409051570347762, 0.015186700681102672, 0.09272518288972659, -0.04197500832862517, 0.02594198182515026, -0.018411926298058698, 0.014198517221076993, -0.011601606966420009, 0.00990895532167537, -0.008775166232476289, 0.008016513251737446, -0.00753005552709156, 0.007257860270998607, -0.0035850937146825624], [0.019601376195350604, -0.04197500832862515, 0.053069569399925826, -0.09272518288972659, 0.007857911591277286, 0.07669215638625174, -0.03601916306666756, 0.022973683453553273, -0.01676577115400063, 0.013260770565550948, -0.011094561071300668, 0.009692420873675238, -0.008775166232476286, 0.008195606926524652, -0.007874195662108627, 0.0038855530127959335], [-0.012970990912575133, 0.027127587574775562, -0.03136533281375097, 0.04197500832862517, -0.07669215638625174, 0.004323663637525091, 0.06791699015377538, -0.0327987976574755, 0.0214563774920756, -0.016033026503474893, 0.012970990912575133, -0.01109456107130067, 0.009908955321675367, -0.009176210671149635, 0.008775166232476286, -0.004323663637525043], [0.00938589719789257, -0.019384841747350473, 0.0214563774920756, -0.02594198182515026, 0.03601916306666756, -0.06791699015377538, 0.0022157097685274432, 0.06343138582070072, -0.03136533281375097, 0.020987504164312575, -0.016033026503474896, 0.013260770565550953, -0.011601606966420009, 0.010609675514874186, -0.010077181241517293, 0.004954477660837684], [-0.007242547853562941, 0.014847420753849594, -0.016033026503474893, 0.018411926298058698, -0.022973683453553273, 0.0327987976574755, -0.06343138582070072, 0.0006854077757630637, 0.062045257851738846, -0.03136533281375097, 0.021456377492075608, -0.016765771154000634, 0.014198517221076993, -0.012740716215358739, 0.011980491066400496, -0.0058717323020366355], [0.0058717323020366355, -0.011980491066400496, 0.012740716215358744, -0.014198517221076993, 0.01676577115400063, -0.0214563774920756, 0.03136533281375097, -0.062045257851738846, -0.0006854077757630464, 0.0634313858207007, -0.03279879765747552, 0.02297368345355329, -0.018411926298058694, 0.01603302650347489, -0.01484742075384959, 0.00724254785356294], [-0.004954477660837684, 0.010077181241517293, -0.010609675514874189, 0.011601606966420009, -0.013260770565550948, 0.016033026503474893, -0.020987504164312575, 0.03136533281375097, -0.0634313858207007, -0.0022157097685275586, 0.0679169901537755, -0.036019163066667595, 0.02594198182515026, -0.021456377492075598, 0.019384841747350473, -0.00938589719789257], [0.004323663637525044, -0.008775166232476287, 0.009176210671149638, -0.00990895532167537, 0.011094561071300668, -0.012970990912575133, 0.016033026503474896, -0.021456377492075608, 0.03279879765747552, -0.0679169901537755, -0.004323663637525062, 0.07669215638625179, -0.04197500832862512, 0.031365332813750944, -0.027127587574775545, 0.012970990912575125], [-0.003885553012795935, 0.007874195662108629, -0.008195606926524653, 0.008775166232476289, -0.009692420873675238, 0.01109456107130067, -0.013260770565550953, 0.016765771154000634, -0.02297368345355329, 0.036019163066667595, -0.07669215638625179, -0.007857911591277043, 0.0927251828897263, -0.053069569399925715, 0.041975008328625094, -0.01960137619535058], [0.0035850937146825624, -0.007257860270998607, 0.00753005552709156, -0.008016513251737446, 0.008775166232476286, -0.009908955321675367, 0.011601606966420009, -0.014198517221076993, 0.018411926298058694, -0.02594198182515026, 0.04197500832862512, -0.0927251828897263, -0.015186700681102776, 0.12409051570347748, -0.0766921563862517, 0.03395849507688772], [-0.0033892560170885066, 0.006856815832325257, -0.007099258610538495, 0.00753005552709156, -0.008195606926524652, 0.009176210671149635, -0.010609675514874186, 0.012740716215358739, -0.01603302650347489, 0.021456377492075598, -0.031365332813750944, 0.053069569399925715, -0.12409051570347748, -0.035813496373612703, 0.20078267208972936, -0.07501624876431398], [0.0032785700388998943, -0.006630385282775474, 0.006856815832325257, -0.007257860270998607, 0.007874195662108627, -0.008775166232476286, 0.010077181241517293, -0.011980491066400496, 0.01484742075384959, -0.019384841747350473, 0.027127587574775545, -0.041975008328625094, 0.0766921563862517, -0.20078267208972936, -0.1467539274897286, 0.29678642501835645], [-0.006485495456287565, 0.013114280155599577, -0.013557024068354028, 0.01434037485873025, -0.015542212051183734, 0.017294654550100173, -0.019817910643350735, 0.023486929208146542, -0.02897019141425176, 0.03754358879157028, -0.0518839636503005, 0.07840550478140232, -0.13583398030755087, 0.3000649950572559, -1.1871457000734258, 0.9749861502618997]]}, "number_control_points": 16, "tag": "numerics", "tolerance_solution": 1e-08, "converged": null, "discretization_method": null, "dimensionless": {"integrate": [[0.0, 0.0, 0.0, 0.0, 0.0, 0.0, 0.0, 0.0, 0.0, 0.0, 0.0, 0.0, 0.0, 0.0, 0.0, 0.0], [0.0, 0.015905769393284964, -0.009617893348472765, 0.00917863193320228, -0.009039535568738093, 0.008977512261584044, -0.008944529897160805, 0.008924992588230617, -0.008912567274279866, 0.008904283393898031, -0.008898600414519056, 0.008894660184180926, -0.008891961109302458, 0.008890203249874107, -0.008889210203129829, 0.0044444444444444306], [0.0, 0.026897327141174016, 0.01822316169071195, -0.0026707937985937535, 0.001190272270270501, -0.000658338718145159, 0.0004005664011010363, -0.0002552396516749819, 0.00016550207113792803, -0.00010679449744114144, 6.702572690661242e-05, -3.9690630242651274e-05, 2.107732366612835e-05, -9.00314220185658e-06, 2.1989920309699537e-06, -2.139523289249455e-17], [0.0, 0.025220908374886965, 0.04115307821447505, 0.03645481433041579, -0.012981183065124587, 0.010729351544446784, -0.00991159236680562, 0.009509367827911232, -0.00927948216732083, 0.00913615890985859, -0.009042100296455127, 0.008978823957312589, -0.008936364803384672, 0.008909090249871987, -0.00889381234200692, 0.0044444444444444115], [0.0, 0.02595261263476973, 0.03709778098559271, 0.07025277662236705, 0.035988915777291325, -0.0054740076105714505, 0.0024826796862223136, -0.0013781742491067446, 0.0008268479778109106, -0.00050846843705131, 0.00030922465320122123, -0.00017927883452225826, 9.386282745474259e-05, -3.972968629385087e-05, 9.654473406607145e-06, -3.0607471584476135e-17], [0.0, 0.025553914152174638, 0.038995743041161365, 0.06397856037826098, 0.07902634614100493, 0.05142614330114313, -0.015306884476958658, 0.01176360894646048, -0.010455533195714635, 0.009802704653003699, -0.009427031302031307, 0.009194517133984278, -0.009046771126697013, 0.0089551546095749, -0.008904916699812361, 0.004444444444444403], [0.0, 0.025794561478969635, 0.03792054810767263, 0.06698430534828838, 0.07091122876644693, 0.10164991602056103, 0.04724891180531696, -0.007073159531730008, 0.003116751542465973, -0.0016541720903885987, 0.0009253361154314483, -0.0005095918758137388, 0.0002582471011433101, -0.00010712570032009417, 2.5745724481367698e-05, -4.0451635613832926e-17], [0.0, 0.0256414824893983, 0.038582161160580566, 0.06526537715689362, 0.07481052579289549, 0.09218996078474613, 0.10228425710554233, 0.05861141899133354, -0.016172532285549955, 0.012002587357143102, -0.010470301025752618, 0.009715348453128122, -0.009295019273771207, 0.009054320397682485, -0.008928263182542457, 0.004444444444444404], [0.0, 0.02574120186186054, 0.038159544176428195, 0.06632062524357339, 0.07259568401115324, 0.09669074724619868, 0.09204924775049537, 0.11587014260328524, 0.04997508021529059, -0.007121310886792673, 0.002919374324588769, -0.0013883822175030308, 0.0006491177017974842, -0.0002571854753587505, 6.0345078808654595e-05, -2.6103257966616002e-17], [0.0, 0.025676081843725617, 0.038432101385541886, 0.06565624775754783, 0.0739317354512062, 0.0941839989939035, 0.09681711830913825, 0.10546974766415818, 0.10677076984946529, 0.05680292330232152, -0.01542946980011508, 0.011399803697834467, -0.009958699378486256, 0.009293316466438063, -0.008981622799651602, 0.004444444444444423], [0.0, 0.025717855379130475, 0.03825870996453582, 0.06607237709649927, 0.0731165153302971, 0.09564747752247743, 0.0942491304546349, 0.11015314351345, 0.09682289026016382, 0.11046983069570827, 0.04368319180819161, -0.005604202565612469, 0.001935934480430067, -0.0006707673559394723, 0.0001479134160322752, -6.969852014285284e-18], [0.0, 0.025692173094800392, 0.03836470537151571, 0.06582063203123648, 0.07360142240991469, 0.09480011045613378, 0.09567141465580113, 0.10775965122881334, 0.10107578456684228, 0.10156915542141616, 0.09169445383101722, 0.04632211668699, -0.013227170652564867, 0.010116083588518081, -0.009139673955451656, 0.004444444444444418], [0.0, 0.02570675102132503, 0.03830477432423881, 0.06596197077318693, 0.07333220850696877, 0.09526254651690128, 0.09491567619778006, 0.10897709248505631, 0.09907713137871317, 0.10507453858555534, 0.08437998356488795, 0.08640332664051711, 0.029459680528275488, -0.002828102529253155, 0.0004809191933200454, -4.048551407651101e-17], [0.0, 0.02569962857617601, 0.03833397882742383, 0.06589341753502502, 0.07346183420563504, 0.09504230938242839, 0.09526974071619099, 0.10842099713548652, 0.0999528499694106, 0.10365126870653758, 0.08687878493859104, 0.08112076019401086, 0.059696399768396184, 0.028990702883398847, -0.010084388461855887, 0.0044444444444444], [0.0, 0.025702148882447876, 0.038323661324236716, 0.06591756707910458, 0.0734163722801003, 0.09511904663496504, 0.09514755171374062, 0.10861017759201526, 0.09966150661839378, 0.10410747611591042, 0.08613182284775063, 0.08246167914413044, 0.05673586292548907, 0.047942869033694574, 0.009796058174922021, -4.441558717490184e-17], [0.0, 0.025701827568206933, 0.038324975685221994, 0.06591449485869105, 0.07342214357539237, 0.09510933510933489, 0.09516294621874989, 0.10858649920662432, 0.09969761031773564, 0.10405183510763856, 0.08622044622044586, 0.08231103246428126, 0.057025605969802516, 0.04721386457411073, 0.016812938679318122, 0.004444444444444389]], "control_points": [[0.0], [0.010926199633097156], [0.04322727117869957], [0.09549150281252627], [0.16543469682057088], [0.24999999999999994], [0.3454915028125263], [0.4477357683661733], [0.5522642316338267], [0.6545084971874737], [0.7499999999999999], [0.8345653031794289], [0.9045084971874737], [0.9567727288213005], [0.9890738003669028], [1.0]], "differentiate": [[-150.33333333333377, 183.04626193554887, -46.26708893402249, 20.944271909999163, -12.089362379460118, 8.000000000000002, -5.788854381999832, 4.466920316190448, -3.6214548859758136, 3.0557280900008412, -2.666666666666667, 2.396457164443136, -2.211145618000168, 2.0903605838179637, -2.0220938005415654, 1.0], [-45.76156548388722, 22.628021016876005, 30.958725272881658, -11.825180805870444, 6.472135954999579, -4.182808816630328, 2.9889530997292173, -2.2893271383692513, 1.8472746064120107, -1.5538028373372241, 1.353044850870866, -1.2141239964133728, 1.1190911041287137, -1.0572539721198484, 1.0223405948650293, -0.5055234501353914], [11.566772233505622, -30.958725272881658, 5.522091043775521, 19.133544467011262, -8.18280881663033, 4.836227706141229, -3.3083636611408074, 2.472135954999579, -1.9644938927536926, 1.6359082488583518, -1.4148819828797312, 1.263682471410749, -1.1610609517567874, 1.0946362785060466, -1.0572539721198484, 0.522590145954491], [-5.236067977499791, 11.825180805870444, -19.133544467011262, 2.341640786499889, 14.297316760870023, -6.472135954999581, 4.0, -2.8389390482432124, 2.1892725570120937, -1.7888543819998317, 1.5278640450004208, -1.3530448508708661, 1.2360679774997896, -1.1610609517567874, 1.1190911041287137, -0.552786404500042], [3.0223405948650295, -6.472135954999579, 8.18280881663033, -14.297316760870023, 1.2116131518771152, 11.82518080587045, -5.553802837337225, 3.5423174078829587, -2.5851180171202697, 2.0446811897300585, -1.7106728616307487, 1.494476549864609, -1.3530448508708657, 1.2636824714107486, -1.2141239964133723, 0.5991142911107837], [-2.0000000000000004, 4.182808816630328, -4.836227706141229, 6.472135954999581, -11.82518080587045, 0.6666666666666741, 10.472135954999574, -5.057253972119846, 3.3083636611408074, -2.472135954999579, 2.0000000000000004, -1.710672861630749, 1.5278640450004206, -1.4148819828797308, 1.3530448508708657, -0.6666666666666666], [1.447213595499958, -2.9889530997292173, 3.3083636611408074, -4.0, 5.553802837337225, -10.472135954999574, 0.34164078649987406, 9.780499616140382, -4.836227706141229, 3.2360679774997894, -2.47213595499958, 2.0446811897300594, -1.7888543819998317, 1.6359082488583514, -1.5538028373372241, 0.7639320225002103], [-1.116730079047612, 2.2893271383692513, -2.472135954999579, 2.8389390482432124, -3.5423174078829587, 5.057253972119846, -9.780499616140382, 0.10568317877681555, 9.566772233505636, -4.836227706141228, 3.3083636611408087, -2.5851180171202706, 2.1892725570120937, -1.9644938927536917, 1.8472746064120107, -0.9053637214939534], [0.9053637214939534, -1.8472746064120107, 1.9644938927536926, -2.1892725570120937, 2.5851180171202697, -3.3083636611408074, 4.836227706141229, -9.566772233505636, -0.10568317877681288, 9.780499616140377, -5.057253972119849, 3.542317407882961, -2.838939048243212, 2.4721359549995787, -2.289327138369251, 1.1167300790476118], [-0.7639320225002103, 1.5538028373372241, -1.6359082488583518, 1.7888543819998317, -2.0446811897300585, 2.472135954999579, -3.2360679774997894, 4.836227706141228, -9.780499616140377, -0.3416407864998918, 10.472135954999594, -5.553802837337231, 4.0, -3.308363661140807, 2.9889530997292173, -1.447213595499958], [0.6666666666666667, -1.353044850870866, 1.4148819828797312, -1.5278640450004208, 1.7106728616307487, -2.0000000000000004, 2.47213595499958, -3.3083636611408087, 5.057253972119849, -10.472135954999594, -0.6666666666666696, 11.82518080587046, -6.472135954999574, 4.836227706141225, -4.182808816630326, 1.9999999999999991], [-0.599114291110784, 1.2141239964133728, -1.263682471410749, 1.3530448508708661, -1.494476549864609, 1.710672861630749, -2.0446811897300594, 2.5851180171202706, -3.542317407882961, 5.553802837337231, -11.82518080587046, -1.2116131518770779, 14.297316760869979, -8.182808816630311, 6.47213595499957, -3.0223405948650255], [0.552786404500042, -1.1190911041287137, 1.1610609517567874, -1.2360679774997896, 1.3530448508708657, -1.5278640450004206, 1.7888543819998317, -2.1892725570120937, 2.838939048243212, -4.0, 6.472135954999574, -14.297316760869979, -2.341640786499905, 19.13354446701124, -11.825180805870444, 5.236067977499791], [-0.5225901459544909, 1.0572539721198484, -1.0946362785060466, 1.1610609517567874, -1.2636824714107486, 1.4148819828797308, -1.6359082488583514, 1.9644938927536917, -2.4721359549995787, 3.308363661140807, -4.836227706141225, 8.182808816630311, -19.13354446701124, -5.522091043775568, 30.95872527288171, -11.566772233505636], [0.5055234501353914, -1.0223405948650293, 1.0572539721198484, -1.1190911041287137, 1.2141239964133723, -1.3530448508708657, 1.5538028373372241, -1.8472746064120107, 2.289327138369251, -2.9889530997292173, 4.182808816630326, -6.47213595499957, 11.825180805870444, -30.95872527288171, -22.628021016875962, 45.76156548388722], [-1.0, 2.0220938005415654, -2.090360583817964, 2.211145618000168, -2.396457164443135, 2.6666666666666665, -3.0557280900008412, 3.6214548859758136, -4.466920316190447, 5.788854381999832, -7.9999999999999964, 12.089362379460102, -20.944271909999163, 46.267088934022546, -183.04626193554887, 150.3333333333337]]}}, "unknowns": {"tag": "unknowns", "wind_angle": [[0.04570268792504533], [0.04598427719028446], [0.046816775215830775], [0.04816371276553592], [0.04996531663801561], [0.05214059862231889], [0.05459080534390375], [0.057204415548808014], [0.059863026361274024], [0.06244788281575062], [0.06484607858147416], [0.06695554969693983], [0.06868926354084948], [0.06997787109864849], [0.07077121083338735], [0.07103902323439529]], "body_angle": [[0.2341406158945595], [0.2335559102491934], [0.23185287306990668], [0.22917744506145996], [0.22574949978328904], [0.22183181493456725], [0.21769523663778198], [0.2135876092922696], [0.20971236006221622], [0.20621823092351446], [0.20320274059031856], [0.2007200585924225], [0.19879230986053475], [0.19742252396162782], [0.19660509014320476], [0.19633350598826435]]}, "conditions": {"freestream": {"stagnation_temperature": [[296.38184227810336], [296.1186206701876], [295.34744865722377], [294.12147288712805], [292.5219858865321], [290.64909160216394], [288.6113607791825], [286.5162741949691], [284.46275322752916], [282.5363937477267], [280.8073162700574], [279.330110684449], [278.1451986121996], [277.2808877290471], [276.755524875966], [276.5793161596932]], "reynolds_number": [[8804646.673886064], [8776698.684681574], [8695190.527525915], [8566750.364505453], [8401265.426714808], [8210469.467668326], [8006490.192384782], [7800646.484772935], [7602656.387701893], [7420279.670167572], [7259314.478809303], [7123825.194187992], [7016484.391952766], [6938933.576124392], [6892101.363565025], [6876445.3621988]], "temperature": [[288.15], [287.8867783920842], [287.1156063791204], [285.88963060902466], [284.2901436084287], [282.41724932406055], [280.37951850107913], [278.28443191686574], [276.2309109494258], [274.30455146962333], [272.575473991954], [271.0982684063456], [269.9133563340962], [269.0490454509437], [268.5236825978626], [268.34747388158985]], "mach_number": [[0.3779411764405531], [0.3781139171884286], [0.3786213701596701], [0.37943231957132384], [0.3804982126930866], [0.38175779465319404], [0.38314254506067064], [0.3845821003237042], [0.3860089592411031], [0.38736200109091223], [0.38858867067187763], [0.3896459358474612], [0.390500266623106], [0.3911269980830003], [0.39150942838745767], [0.39163794842058913]], "density": [[1.2250000002007604], [1.2202446503648587], [1.2063939540407058], [1.1846226772312631], [1.156671840821202], [1.1245876299811317], [1.0904577531409658], [1.0561992413946832], [1.0234255072662881], [0.9933939348078782], [0.9670164146799936], [0.9449086663589937], [0.9274565716650973], [0.9148828416429244], [0.9073040141095445], [0.9047728342446282]], "speed_of_sound": [[340.77798740529], [340.6223035181651], [340.16577936603255], [339.4387531629055], [338.4878802804935], [337.3710642424513], [336.1517407172955], [334.89346840789744], [333.65555483015066], [332.49010770876276], [331.4405261540739], [330.54119552120665], [329.8180423249383], [329.2895506989987], [328.96789739004225], [328.85994318069595]], "altitude": [[0.0], [40.49588938881129], [159.1414552365859], [347.76811934645684], [593.8794141712618], [882.0837526445393], [1195.6830509073689], [1518.1413758195476], [1834.233938371211], [2130.7814064045388], [2396.982409768846], [2624.423963299617], [2806.8735676935717], [2939.964443675117], [3020.865137148574], [3048.0]], "dynamic_pressure": [[10131.250966166543], [10091.922278320386], [9977.37135546883], [9797.313992877649], [9566.14914525464], [9300.79960074943], [9018.531561847056], [8735.199659665774], [8464.147475585143], [8215.774089923998], [7997.621211363252], [7814.781091771261], [7670.445131607839], [7566.455242289818], [7503.7752392225675], [7482.841346612141]], "gravity": [[9.80665], [9.80665], [9.80665], [9.80665], [9.80665], [9.80665], [9.80665], [9.80665], [9.80665], [9.80665], [9.80665], [9.80665], [9.80665], [9.80665], [9.80665], [9.80665]], "universal_gas_constant": 287.87, "pressure": [[101325.0], [100839.46475634044], [99427.80485880724], [97216.58144269908], [94391.71251644519], [91168.83824049884], [87764.12553910297], [84371.67327438713], [81150.35279562701], [78219.74892743971], [75662.81967192215], [73532.3550524988], [71858.78307688617], [70657.59285224235], [69935.44241461423], [69694.57330560466]], "specific_heat_at_constant_pressure": 1007.5450000000002, "velocity": [[128.61111111111111], [128.61111111111111], [128.61111111111111], [128.61111111111111], [128.61111111111111], [128.61111111111111], [128.61111111111111], [128.61111111111111], [128.61111111111111], [128.61111111111111], [128.6111111111111], [128.6111111111111], [128.6111111111111], [128.61111111111111], [128.61111111111111], [128.61111111111111]], "dynamic_viscosity": [[1.789380278077583e-05], [1.788109925486266e-05], [1.784384900776281e-05], [1.7784531156339724e-05], [1.770695759306819e-05], [1.7615858046027042e-05], [1.7516412295686893e-05], [1.7413807721660512e-05], [1.7312881829288708e-05], [1.7217881724907366e-05], [1.713234161679084e-05], [1.7059058885680647e-05], [1.7000140458653924e-05], [1.695708677844215e-05], [1.693088525759011e-05], [1.692209177651962e-05]], "isentropic_expansion_factor": 1.4, "stagnation_pressure": [[111823.22288783126], [111297.273374287], [109767.89488690834], [107371.61748179498], [104309.13675074605], [100813.46681553891], [97118.50962172369], [93434.65911331221], [89934.51138232634], [86748.35755401204], [83966.92946549224], [81648.2742974773], [79826.12166617352], [78517.87161656973], [77731.18593312608], [77468.76249814311]]}, "energies": {"propulsion_power": [[0.0], [0.0], [0.0], [0.0], [0.0], [0.0], [0.0], [0.0], [0.0], [0.0], [0.0], [0.0], [0.0], [0.0], [0.0], [0.0]], "total_efficiency": [[0.0], [0.0], [0.0], [0.0], [0.0], [0.0], [0.0], [0.0], [0.0], [0.0], [0.0], [0.0], [0.0], [0.0], [0.0], [0.0]], "gravity_energy": [[0.0], [0.0], [0.0], [0.0], [0.0], [0.0], [0.0], [0.0], [0.0], [0.0], [0.0], [0.0], [0.0], [0.0], [0.0], [0.0]], "total_energy": [[0.0], [0.0], [0.0], [0.0], [0.0], [0.0], [0.0], [0.0], [0.0], [0.0], [0.0], [0.0], [0.0], [0.0], [0.0], [0.0]]}, "aerodynamics": {"drag_coefficient": [[0.031141359497411765], [0.031247738199392965], [0.0315645084899278], [0.03208422334996311], [0.03279333092624808], [0.03367090791020525], [0.03468757273642148], [0.03580512490309539], [0.03697715895516988], [0.038150937443754696], [0.039270304724639216], [0.040279164503218216], [0.04112537611095725], [0.04176433453584431], [0.04216196311162388], [0.04229692511862611]], "angle_of_attack": [[0.045702687925045345], [0.045984277190284445], [0.04681677521583073], [0.04816371276553593], [0.04996531663801562], [0.05214059862231888], [0.05459080534390373], [0.05720441554880798], [0.059863026361274024], [0.06244788281575058], [0.06484607858147418], [0.06695554969693983], [0.06868926354084945], [0.06997787109864846], [0.07077121083338735], [0.0710390232343953]], "roll_angle": [[0.0], [0.0], [0.0], [0.0], [0.0], [0.0], [0.0], [0.0], [0.0], [0.0], [0.0], [0.0], [0.0], [0.0], [0.0], [0.0]], "lift_coefficient": [[0.5173272056702453], [0.5194055887415123], [0.5255514004026547], [0.5354988379969959], [0.5488114404754214], [0.564896328063434], [0.5830283845145421], [0.6023860244233039], [0.6220939735932253], [0.641271335977264], [0.65907780666353], [0.6747514503113428], [0.6876407264447486], [0.6972252314584946], [0.7031278313130938], [0.7051207215482801]], "drag_breakdown": {"total": [[0.031141359497411765], [0.031247738199392965], [0.0315645084899278], [0.03208422334996311], [0.03279333092624808], [0.03367090791020525], [0.03468757273642148], [0.03580512490309539], [0.03697715895516988], [0.038150937443754696], [0.039270304724639216], [0.040279164503218216], [0.04112537611095725], [0.04176433453584431], [0.04216196311162388], [0.04229692511862611]], "spoiler_drag": 0.0, "compressible": {"horizontal_stabilizer": {"crest_critical": 0.9394647313812111, "compressibility_drag": [[4.87579025055884e-10], [4.908519849891293e-10], [5.005855972710865e-10], [5.1651476186072e-10], [5.381704813363067e-10], [5.648511065533969e-10], [5.956024387664932e-10], [6.29219359351118e-10], [6.642773695596173e-10], [6.991950957404189e-10], [7.323222130855224e-10], [7.620418530686848e-10], [7.868738437157914e-10], [8.055675814411302e-10], [8.171768736144287e-10], [8.211131721857009e-10]], "divergence_mach": 0.9714722054458921, "wing_sweep": 0.6021385919380436, "thickness_to_chord": 0.13347470511030118}, "total": [[8.006142909300244e-08], [8.117262103195344e-08], [8.453044409435003e-08], [9.019851475109594e-08], [9.825179252722188e-08], [1.087307686434628e-07], [1.215809854653883e-07], [1.36586866933763e-07], [1.5331358706488034e-07], [1.7107610420701906e-07], [1.8895095782502265e-07], [2.058370060852644e-07], [2.205623012433205e-07], [2.3201724251066948e-07], [2.3929052184939596e-07], [2.4178431297654604e-07]], "main_wing": {"crest_critical": [[0.7399076309456741], [0.7395458034207749], [0.7384810223451583], [0.7367739047467052], [0.7345208207405302], [0.7318467097850462], [0.7288954559945671], [0.725818644696987], [0.722764578602201], [0.7198686972671647], [0.7172469103494081], [0.7149926100011049], [0.7131762799119292], [0.7118475928203503], [0.7110386351172738], [0.7107671101652853]], "compressibility_drag": [[7.929975495737083e-08], [8.040583402476665e-08], [8.374845167359858e-08], [8.939163850219222e-08], [9.741108668236465e-08], [1.0784838351974814e-07], [1.2065056198649574e-07], [1.3560392860576274e-07], [1.5227588268204525e-07], [1.6998385291478003e-07], [1.8780695683237984e-07], [2.04646578400881e-07], [2.193330821342855e-07], [2.3075882088103377e-07], [2.380139647029989e-07], [2.4050160672065533e-07]], "divergence_mach": [[0.7594113088088823], [0.7590399436509158], [0.757947095359575], [0.7561949788040598], [0.753882504378301], [0.751137904896324], [0.7481088572018295], [0.7449509423530978], [0.7418163722618744], [0.7388441566192483], [0.7361532604163171], [0.7338395375861237], [0.7319753297410352], [0.7306116189736197], [0.7297813374595893], [0.7295026552152929]], "wing_sweep": 0.4014257279586958, "thickness_to_chord": 0.11949964151458259}, "vertical_stabilizer": {"crest_critical": 0.9441159452134248, "compressibility_drag": [[2.7409511057571905e-10], [2.7593502219765555e-10], [2.814068234803671e-10], [2.903614870430052e-10], [3.0253536352093107e-10], [3.1753401716127036e-10], [3.348210401260775e-10], [3.5371896864915503e-10], [3.734270132754841e-10], [3.930561964986191e-10], [4.116787795572733e-10], [4.283858313147235e-10], [4.4234526531919776e-10], [4.528540481945748e-10], [4.5938027278264347e-10], [4.6159308370499265e-10]], "divergence_mach": 0.9766575792093745, "wing_sweep": 0.6108652381980153, "thickness_to_chord": 0.13428520476376016}}, "miscellaneous": {"total": [[0.0012622519208012775], [0.0012622519208012775], [0.0012622519208012775], [0.0012622519208012775], [0.0012622519208012775], [0.0012622519208012775], [0.0012622519208012775], [0.0012622519208012775], [0.0012622519208012775], [0.0012622519208012775], [0.0012622519208012775], [0.0012622519208012775], [0.0012622519208012775], [0.0012622519208012775], [0.0012622519208012775], [0.0012622519208012775]], "trim_correction_factor": 1.02, "total_wetted_area": 696.7475455285838, "reference_area": 92.0}, "trim_corrected_drag": [[0.031141359497411765], [0.031247738199392965], [0.0315645084899278], [0.03208422334996311], [0.03279333092624808], [0.03367090791020525], [0.03468757273642148], [0.03580512490309539], [0.03697715895516988], [0.038150937443754696], [0.039270304724639216], [0.040279164503218216], [0.04112537611095725], [0.04176433453584431], [0.04216196311162388], [0.04229692511862611]], "parasite": {"vertical_stabilizer": {"wetted_area": 32.0, "skin_friction_coefficient": [[0.00248123245905946], [0.0024823658026909678], [0.002485695829953752], [0.002491019495119661], [0.0024980205781579483], [0.0025062993945575082], [0.0025154078092217516], [0.0025248843722190453], [0.0025342850525998197], [0.0025432064687384444], [0.0025513005782293414], [0.0025582814114794516], [0.0025639253846707847], [0.002568067504580293], [0.0025705957402942527], [0.0025714455053852375]], "compressibility_factor": [[0.9838250985773414], [0.9838105489143003], [0.9837677710424597], [0.9836992973095547], [0.9836090887451654], [0.9835021831408866], [0.9833842732422828], [0.9832612743100876], [0.9831389355275768], [0.9830225355802638], [0.9829166791580117], [0.9828251914443088], [0.9827510950303819], [0.9826966423167379], [0.9826633754481645], [0.9826521889476778]], "reference_area": 16.0, "form_factor": [[1.1944349793235467], [1.1944455495778563], [1.1944766388390733], [1.1945264381528258], [1.1945921111505946], [1.1946700378210675], [1.1947561094063321], [1.194846034316803], [1.1949356171704577], [1.1950209817786333], [1.1950987247767155], [1.195166000272851], [1.195220545050989], [1.1952606625891158], [1.1952851854750945], [1.195293434033348]], "reynolds_factor": [[0.9932600767863089], [0.9932547039561156], [0.99323891117765], [0.9932136444499605], [0.9931803809055665], [0.9931409945519007], [0.9930975964550472], [0.9930523723106732], [0.9930074380524769], [0.9929647283249596], [0.9929259235102266], [0.9928924135591226], [0.9928652922696702], [0.9928453716582444], [0.9928332059127428], [0.9928291157365328]], "parasite_drag_coefficient": [[0.001030842031629078], [0.0010313220123299093], [0.0010327323826572028], [0.0010349873547389702], [0.0010379532786641155], [0.0010414611452128476], [0.0010453213383360296], [0.0010493384623493556], [0.001053324338578863], [0.0010571078577869867], [0.00106054124089182], [0.0010635029433496625], [0.0010658978419952284], [0.0010676556755124238], [0.0010687286978153404], [0.0010690893664561873]]}, "total": [[0.017361311337750998], [0.017368952959128246], [0.017391405333767696], [0.017427298111533984], [0.01747449745353129], [0.017530306882810643], [0.017591703850438054], [0.01765557694514873], [0.017718933189411316], [0.017779054532058344], [0.01783359661793878], [0.0178806338587021], [0.017918661229944646], [0.01794656842810072], [0.01796360174013671], [0.01796932672530365]], "main_wing": {"wetted_area": 184.0, "skin_friction_coefficient": [[0.0024476973958791936], [0.0024488092784686758], [0.0024520762243836593], [0.0024572989685668887], [0.002464167193692688], [0.002472288702813715], [0.0024812237941764944], [0.0024905197478510637], [0.0024997409828965453], [0.002508491842619755], [0.002516430993500237], [0.002523278014778523], [0.0025288136889012945], [0.002532876263934375], [0.002535355921027191], [0.002536189353832285]], "compressibility_factor": [[0.9838250985773414], [0.9838105489143003], [0.9837677710424597], [0.9836992973095547], [0.9836090887451654], [0.9835021831408866], [0.9833842732422828], [0.9832612743100876], [0.9831389355275768], [0.9830225355802638], [0.9829166791580117], [0.9828251914443088], [0.9827510950303819], [0.9826966423167379], [0.9826633754481645], [0.9826521889476778]], "reference_area": 92.0, "form_factor": [[1.2556712285787106], [1.2556896513558216], [1.2557438416959823], [1.2558306609474843], [1.2559451846762884], [1.2560811220973906], [1.2562313247320944], [1.2563883157351787], [1.25654477463812], [1.2566939267441801], [1.2568298135042695], [1.256947443732323], [1.2570428414645884], [1.2571130216700572], [1.2571559275845337], [1.2571703605875248]], "reynolds_factor": [[0.9932600767863089], [0.9932547039561155], [0.99323891117765], [0.9932136444499606], [0.9931803809055665], [0.9931409945519007], [0.9930975964550472], [0.9930523723106732], [0.9930074380524769], [0.9929647283249596], [0.9929259235102266], [0.9928924135591226], [0.9928652922696702], [0.9928453716582444], [0.9928332059127428], [0.9928291157365328]], "parasite_drag_coefficient": [[0.0061470063925450754], [0.006149888938234466], [0.006158359236277832], [0.006171902775681854], [0.0061897178423112285], [0.006210790335957907], [0.006233982107830262], [0.0062581198226156], [0.006282072940014824], [0.0063048129278151285], [0.006325450992514532], [0.00634325570100367], [0.006357654290062061], [0.0063682234673418155], [0.006374675449311756], [0.00637684416895115]]}, "horizontal_stabilizer": {"wetted_area": 52.0, "skin_friction_coefficient": [[0.002613634186965254], [0.0026148533894526133], [0.002618435790888286], [0.0026241632354176607], [0.00263169590831148], [0.0026406041889003805], [0.0026504062155676173], [0.0026606056145420066], [0.002670724539368837], [0.0026803286830312852], [0.002689043134907601], [0.0026965596943824533], [0.0027026372778685046], [0.002707097896670233], [0.002709820648281267], [0.0027107358113138847]], "compressibility_factor": [[0.9838250985773414], [0.9838105489143003], [0.9837677710424597], [0.9836992973095547], [0.9836090887451654], [0.9835021831408866], [0.9833842732422828], [0.9832612743100876], [0.9831389355275768], [0.9830225355802638], [0.9829166791580117], [0.9828251914443088], [0.9827510950303819], [0.9826966423167379], [0.9826633754481645], [0.9826521889476778]], "reference_area": 26.0, "form_factor": [[1.197171200179098], [1.1971820741757506], [1.197214056942626], [1.1972652879178816], [1.1973328497309872], [1.197413018835247], [1.197501568737668], [1.1975940846031599], [1.1976862502705543], [1.1977740776664276], [1.1978540649197766], [1.1979232835403935], [1.1979794044497285], [1.1980206816335686], [1.1980459135523387], [1.1980544006308953]], "reynolds_factor": [[0.9932600767863089], [0.9932547039561155], [0.99323891117765], [0.9932136444499605], [0.9931803809055665], [0.9931409945519007], [0.9930975964550472], [0.9930523723106732], [0.9930074380524769], [0.9929647283249597], [0.9929259235102266], [0.9928924135591226], [0.9928652922696702], [0.9928453716582444], [0.9928332059127428], [0.9928291157365328]], "parasite_drag_coefficient": [[0.0017685468910303512], [0.0017693879503415143], [0.001771859381247426], [0.0017758110509019994], [0.001781009021730936], [0.001787157384084463], [0.0017939240353106842], [0.0018009666126385653], [0.0018079552507742958], [0.0018145898613082037], [0.001820611141244259], [0.